 20181220
 Seconds  Measures(RH-%)  Meso-NH(RH-%)  FORECAST_AR(RH-%)
        3600   8.98360634       15.1517868       8.88131428    
        3660   9.00000000       15.0201006       8.89139366    
        3720   9.00000000       14.8974609       8.90511990    
        3780   9.01639366       14.7815037       8.92100906    
        3840   9.03278732       14.6702433       8.94921494    
        3900   9.03278732       14.5608616       8.99551868    
        3960   9.03278732       14.4534521       9.06201553    
        4020   9.03278732       14.3542004       9.14431858    
        4080   9.00000000       14.2752047       9.22904778    
        4140   8.98360634       14.2266178       9.31029606    
        4200   8.96721268       14.1994553       9.38643360    
        4260   8.96721268       14.1765480       9.46016788    
        4320   8.98360634       14.1507845       9.53313828    
        4380   9.00000000       14.1206865       9.60320854    
        4440   8.96721268       14.0897694       9.66724682    
        4500   8.95081997       14.0612202       9.72559738    
        4560   8.91803265       14.0376291       9.78001976    
        4620   8.90163898       14.0161762       9.83036327    
        4680   8.90163898       13.9892168       9.87426281    
        4740   8.90163898       13.9550447       9.91213036    
        4800   8.88524628       13.9159832       9.94175911    
        4860   8.83606529       13.8715858       9.96580791    
        4920   8.80327892       13.8212090       9.99638748    
        4980   8.78688526       13.7648573       10.0397778    
        5040   8.75409794       13.7061453       10.0951691    
        5100   8.73770523       13.6545019       10.1528893    
        5160   8.70491791       13.6208582       10.2062874    
        5220   8.67213154       13.6038809       10.2535601    
        5280   8.65573788       13.5929213       10.2926111    
        5340   8.65573788       13.5829945       10.3225956    
        5400   8.68852425       13.5716267       10.3395262    
        5460   8.68852425       13.5573673       10.3438053    
        5520   8.63934422       13.5375242       10.3391237    
        5580   8.60655785       13.5092382       10.3323202    
        5640   8.59016418       13.4731245       10.3279705    
        5700   8.57377052       13.4326954       10.3226318    
        5760   8.54098320       13.3944492       10.3178329    
        5820   8.57377052       13.3624897       10.3159189    
        5880   8.59016418       13.3365593       10.3127356    
        5940   8.57377052       13.3159122       10.3111162    
        6000   8.55737686       13.3001347       10.3098230    
        6060   8.55737686       13.2893906       10.3074770    
        6120   8.55737686       13.2834225       10.3042517    
        6180   8.55737686       13.2819786       10.2954073    
        6240   8.57377052       13.2846451       10.2794275    
        6300   8.57377052       13.2882710       10.2549381    
        6360   8.55737686       13.2901201       10.2199574    
        6420   8.55737686       13.2900982       10.1745720    
        6480   8.54098320       13.2844162       10.1182756    
        6540   8.50819683       13.2697887       10.0528355    
        6600   8.47540951       13.2441683       9.98492908    
        6660   8.45901680       13.2057629       9.91724682    
        6720   8.40983582       13.1597128       9.84835529    
        6780   8.37704945       13.1154022       9.77940559    
        6840   8.37704945       13.0728817       9.71321011    
        6900   8.36065578       13.0309744       9.65053272    
        6960   8.32786846       12.9911919       9.58796978    
        7020   8.31147575       12.9558783       9.51862717    
        7080   8.27868843       12.9249506       9.43984413    
        7140   8.26229477       12.8927746       9.35552025    
        7200   8.21311474       12.8533506       8.12901497    
        7260   8.19672108       12.8083344       8.10571480    
        7320   8.18032742       12.7595320       8.09194279    
        7380   8.18032742       12.7087660       8.07910156    
        7440   8.19672108       12.6596203       8.05455971    
        7500   8.22950840       12.6141043       8.01146889    
        7560   8.24590206       12.5683222       7.94502783    
        7620   8.21311474       12.5110216       7.85953379    
        7680   8.18032742       12.4315109       7.76983786    
        7740   8.18032742       12.3288727       7.67955828    
        7800   8.18032742       12.2110519       7.59495401    
        7860   8.16393471       12.0897131       7.51715279    
        7920   8.16393471       11.9714546       7.44166470    
        7980   8.21311474       11.8596439       7.36731339    
        8040   8.22950840       11.7528276       7.29836512    
        8100   8.24590206       11.6486807       7.24421453    
        8160   8.29508209       11.5485888       7.20037222    
        8220   8.34426212       11.4583626       7.16489220    
        8280   8.39344215       11.3838539       7.13680220    
        8340   8.40983582       11.3212080       7.11203527    
        8400   8.40983582       11.2634468       7.09055519    
        8460   8.40983582       11.2093773       7.07176495    
        8520   8.42622948       11.1591825       7.05130911    
        8580   8.40983582       11.1126118       7.02024508    
        8640   8.40983582       11.0676117       6.98004580    
        8700   8.44262314       11.0194826       6.93628645    
        8760   8.47540951       10.9627829       6.89441156    
        8820   8.55737686       10.8999319       6.85981989    
        8880   8.63934422       10.8397274       6.83274364    
        8940   8.68852425       10.7835045       6.81475592    
        9000   8.72131157       10.7321033       6.80921412    
        9060   8.75409794       10.6869259       6.81624699    
        9120   8.78688526       10.6490870       6.83107376    
        9180   8.86885262       10.6216927       6.84796286    
        9240   8.95081997       10.6060972       6.86538649    
        9300   9.01639366       10.6011114       6.88055372    
        9360   9.06557369       10.6011734       6.89092922    
        9420   9.13114738       10.6005220       6.89815855    
        9480   9.14754105       10.5980005       6.89910603    
        9540   9.18032742       10.5915937       6.89225769    
        9600   9.24590206       10.5797567       6.87288332    
        9660   9.29508209       10.5619488       6.84515095    
        9720   9.34426212       10.5370064       6.81232405    
        9780   9.37704945       10.5035229       6.77604532    
        9840   9.39344215       10.4626436       6.74516106    
        9900   9.40983582       10.4161110       6.72455597    
        9960   9.40983582       10.3671646       6.71089172    
       10020   9.44262314       10.3208113       6.70219278    
       10080   9.47540951       10.2831621       6.69550323    
       10140   9.52459049       10.2548351       6.68703032    
       10200   9.59016418       10.2314453       6.67322063    
       10260   9.65573788       10.2099314       6.65450716    
       10320   9.70491791       10.1853838       6.63330936    
       10380   9.77049160       10.1549664       6.61099672    
       10440   9.83606529       10.1205416       6.58697891    
       10500   9.88524628       10.0847626       6.56093311    
       10560   9.95081997       10.0483751       6.53368902    
       10620   10.0327873       10.0105305       6.50637817    
       10680   10.0983610       9.97136688       6.48018265    
       10740   10.1639347       9.93210793       6.45807886    
       10800   10.2295084       9.89322186       10.3552055    
       10860   10.3114758       9.85590649       10.4465008    
       10920   10.3770494       9.82262611       10.5467377    
       10980   10.4262295       9.79703426       10.6396408    
       11040   10.4754095       9.78293705       10.7319717    
       11100   10.4918032       9.78047371       10.8308001    
       11160   10.5081968       9.78647518       10.9307022    
       11220   10.5409832       9.80005360       11.0363207    
       11280   10.5901642       9.82137012       11.1451225    
       11340   10.6229506       9.84822464       11.2514124    
       11400   10.6721315       9.87925053       11.3584204    
       11460   10.7213116       9.91288567       11.4626446    
       11520   10.7540979       9.94702530       11.5636063    
       11580   10.7540979       9.98026466       11.6661606    
       11640   10.7213116       10.0139523       11.7700567    
       11700   10.7213116       10.0507021       11.8732376    
       11760   10.7049179       10.0920925       11.9741983    
       11820   10.6721315       10.1385012       12.0752163    
       11880   10.6229506       10.1889915       12.1725388    
       11940   10.5737705       10.2423744       12.2628937    
       12000   10.5573769       10.2968330       12.3483124    
       12060   10.5409832       10.3507099       12.4301338    
       12120   10.5245905       10.4031782       12.5111113    
       12180   10.5081968       10.4543419       12.5906010    
       12240   10.5081968       10.5052233       12.6702805    
       12300   10.4918032       10.5566063       12.7529774    
       12360   10.4590168       10.6077414       12.8358631    
       12420   10.4098358       10.6586161       12.9204559    
       12480   10.3278685       10.7108440       13.0040970    
       12540   10.2459021       10.7665081       13.0820227    
       12600   10.1803274       10.8253508       13.1530895    
       12660   10.1475410       10.8853464       13.2123594    
       12720   10.0819674       10.9426823       13.2569475    
       12780   10.0327873       10.9916868       13.2914619    
       12840   9.96721268       11.0298967       13.3223610    
       12900   9.90163898       11.0578156       13.3498936    
       12960   9.85245895       11.0783405       13.3765793    
       13020   9.81967258       11.0958052       13.4059334    
       13080   9.77049160       11.1130142       13.4349880    
       13140   9.70491791       11.1321669       13.4640226    
       13200   9.63934422       11.1539783       13.4949188    
       13260   9.57377052       11.1781521       13.5293894    
       13320   9.50819683       11.2058287       13.5642815    
       13380   9.44262314       11.2386580       13.5985870    
       13440   9.39344215       11.2762899       13.6302481    
       13500   9.32786846       11.3177185       13.6550970    
       13560   9.24590206       11.3595705       13.6724052    
       13620   9.18032742       11.3971710       13.6876097    
       13680   9.09836102       11.4267025       13.7029066    
       13740   9.03278732       11.4502792       13.7190781    
       13800   8.96721268       11.4738207       13.7352915    
       13860   8.88524628       11.5002184       13.7493248    
       13920   8.81967258       11.5303679       13.7594748    
       13980   8.75409794       11.5630302       13.7642736    
       14040   8.68852425       11.5955915       13.7639494    
       14100   8.62295055       11.6252232       13.7602968    
       14160   8.54098320       11.6504354       13.7539797    
       14220   8.47540951       11.6715355       13.7465458    
       14280   8.40983582       11.6896343       13.7399454    
       14340   8.34426212       11.7056141       13.7362986    
       14400   8.27868843       11.7210712       8.17369461    
       14460   8.21311474       11.7374372       8.11640167    
       14520   8.14754105       11.7554693       8.05543900    
       14580   8.09836102       11.7748060       7.98995590    
       14640   8.04918003       11.7917032       7.92706108    
       14700   8.00000000       11.8041916       7.86624670    
       14760   7.96721315       11.8140421       7.80444956    
       14820   7.93442631       11.8228807       7.74219036    
       14880   7.90163946       11.8303919       7.67810965    
       14940   7.88524580       11.8355017       7.61214638    
       15000   7.85245895       11.8367186       7.54374790    
       15060   7.80327892       11.8327389       7.47397327    
       15120   7.75409842       11.8231573       7.39863729    
       15180   7.70491791       11.8078423       7.31930399    
       15240   7.68852472       11.7868490       7.23793077    
       15300   7.68852472       11.7594767       7.15159655    
       15360   7.68852472       11.7240562       7.06056833    
       15420   7.68852472       11.6802549       6.96925974    
       15480   7.67213106       11.6292448       6.87815142    
       15540   7.65573788       11.5723372       6.78781700    
       15600   7.63934422       11.5112677       6.70097113    
       15660   7.60655737       11.4475517       6.61677647    
       15720   7.57377052       11.3825245       6.53479004    
       15780   7.55737686       11.3173590       6.45359468    
       15840   7.55737686       11.2523708       6.37388134    
       15900   7.54098368       11.1871405       6.29447746    
       15960   7.50819683       11.1218977       6.21295309    
       16020   7.47540998       11.0555925       6.13184547    
       16080   7.45901632       10.9861908       6.04978180    
       16140   7.42622948       10.9125204       5.96800995    
       16200   7.40983629       10.8356943       5.88847208    
       16260   7.39344263       10.7575636       5.80834007    
       16320   7.36065578       10.6799707       5.72769785    
       16380   7.34426212       10.6035585       5.64453077    
       16440   7.34426212       10.5270777       5.56313419    
       16500   7.32786894       10.4482002       5.48771858    
       16560   7.29508209       10.3644819       5.41472244    
       16620   7.27868843       10.2774420       5.34506416    
       16680   7.24590158       10.1915550       5.27884007    
       16740   7.19672108       10.1074505       5.21558809    
       16800   7.18032789       10.0246592       5.15785408    
       16860   7.16393423       9.94343281       5.10648060    
       16920   7.16393423       9.86480713       5.06090498    
       16980   7.14754105       9.79006958       5.02186155    
       17040   7.13114738       9.72033215       4.98968840    
       17100   7.11475420       9.65600491       4.96341896    
       17160   7.08196735       9.59736252       4.94071388    
       17220   7.08196735       9.54440975       4.91862822    
       17280   7.06557369       9.49571991       4.89487791    
       17340   7.04918051       9.44827652       4.86933136    
       17400   7.00000000       9.39911079       4.84323835    
       17460   6.96721315       9.34666634       4.81811380    
       17520   6.96721315       9.29112911       4.79531431    
       17580   6.95081949       9.23428535       4.77611303    
       17640   6.91803265       9.17808342       4.76048946    
       17700   6.88524580       9.12404823       4.74764919    
       17760   6.85245895       9.07296658       4.73701000    
       17820   6.81967211       9.02465057       4.72765493    
       17880   6.75409842       8.97794914       4.71821117    
       17940   6.70491791       8.93188572       4.70709419    
       18000   6.68852472       8.88575649       6.60127211    
       18060   6.67213106       8.83841610       6.56820297    
       18120   6.65573788       8.78759670       6.52512980    
       18180   6.62295103       8.72946739       6.47014189    
       18240   6.59016371       8.66138840       6.40845346    
       18300   6.55737686       8.58345413       6.34789896    
       18360   6.52459002       8.49924564       6.28755188    
       18420   6.49180317       8.41327763       6.23253345    
       18480   6.45901632       8.32844734       6.18512440    
       18540   6.40983629       8.24681091       6.14029455    
       18600   6.34426212       8.16977406       6.09831667    
       18660   6.27868843       8.09814072       6.05920172    
       18720   6.21311474       8.03168106       6.02179575    
       18780   6.14754105       7.96978807       5.98758984    
       18840   6.11475420       7.91189909       5.95620155    
       18900   6.06557369       7.85743999       5.92347860    
       18960   6.00000000       7.80589533       5.89267159    
       19020   5.91803265       7.75650120       5.86757612    
       19080   5.83606577       7.70865679       5.84272099    
       19140   5.77049160       7.66297913       5.81261778    
       19200   5.72131157       7.61973333       5.78305054    
       19260   5.65573788       7.57788801       5.75296259    
       19320   5.63934422       7.53543043       5.72064304    
       19380   5.62295103       7.49147224       5.68266487    
       19440   5.59016371       7.44698811       5.64249516    
       19500   5.55737686       7.40284395       5.60635328    
       19560   5.52459002       7.35934591       5.56911087    
       19620   5.50819683       7.31649160       5.53183889    
       19680   5.50819683       7.27428341       5.49396133    
       19740   5.49180317       7.23278046       5.45662928    
       19800   5.47540998       7.19159079       5.41921139    
       19860   5.40983629       7.15002966       5.38032866    
       19920   5.34426212       7.10841417       5.34493303    
       19980   5.27868843       7.06792641       5.31638575    
       20040   5.22950840       7.03053713       5.29763699    
       20100   5.18032789       6.99916458       5.28462076    
       20160   5.14754105       6.97697687       5.27212954    
       20220   5.14754105       6.96279812       5.26113749    
       20280   5.13114738       6.95126486       5.24848127    
       20340   5.13114738       6.94037962       5.23371077    
       20400   5.14754105       6.92987967       5.21880007    
       20460   5.13114738       6.91932535       5.20101690    
       20520   5.13114738       6.90791416       5.18129539    
       20580   5.11475420       6.89525032       5.16273212    
       20640   5.11475420       6.88146067       5.14647007    
       20700   5.11475420       6.86720467       5.13260984    
       20760   5.11475420       6.85338449       5.12070656    
       20820   5.14754105       6.84070730       5.11213207    
       20880   5.16393423       6.82978725       5.10725546    
       20940   5.19672108       6.82139206       5.10590363    
       21000   5.21311474       6.81627369       5.10792303    
       21060   5.21311474       6.81493473       5.11223078    
       21120   5.19672108       6.81761265       5.11840487    
       21180   5.16393423       6.82421637       5.12715387    
       21240   5.14754105       6.83413839       5.14034557    
       21300   5.13114738       6.84628916       5.16185236    
       21360   5.13114738       6.86049891       5.19430017    
       21420   5.13114738       6.87842131       5.23568487    
       21480   5.13114738       6.90316582       5.28133011    
       21540   5.14754105       6.93766069       5.32786560    
       21600   5.16393423       6.98203135       5.11652088    
       21660   5.11475420       7.03297281       5.06511497    
       21720   5.06557369       7.08663988       5.00742292    
       21780   5.01639366       7.14046335       4.93673611    
       21840   4.98360634       7.19164562       4.85810947    
       21900   4.93442631       7.23425817       4.78487682    
       21960   4.88524580       7.26053762       4.70911503    
       22020   4.83606577       7.27128601       4.63202238    
       22080   4.80327892       7.27618361       4.55478334    
       22140   4.77049160       7.27911568       4.47521877    
       22200   4.73770475       7.28062296       4.39885664    
       22260   4.70491791       7.28093672       4.32496643    
       22320   4.68852472       7.28080654       4.25601196    
       22380   4.67213106       7.28113985       4.19010067    
       22440   4.65573788       7.28263140       4.12607718    
       22500   4.62295103       7.28582907       4.06290150    
       22560   4.59016371       7.29080439       4.00021696    
       22620   4.55737686       7.29722261       3.93969893    
       22680   4.54098368       7.30458498       3.87995005    
       22740   4.52459002       7.31201363       3.82361484    
       22800   4.50819683       7.31942081       3.77802396    
       22860   4.49180317       7.32785034       3.73892379    
       22920   4.49180317       7.33909607       3.70633769    
       22980   4.46666670       7.35369444       3.68116641    
       23040   4.44067812       7.37062120       3.66463113    
       23100   4.41379309       7.38962507       3.65413308    
       23160   4.38596487       7.41189289       3.63978624    
       23220   4.37500000       7.43835783       3.62554288    
       23280   4.36363649       7.46839476       3.60611582    
       23340   4.33333349       7.50055218       3.57969761    
       23400   4.30188656       7.53242683       3.54977036    
       23460   4.28846169       7.56056929       3.51785350    
       23520   4.31372547       7.58227348       3.48812842    
       23580   4.34000015       7.59703827       3.45995617    
       23640   4.36734676       7.60730028       3.43051720    
       23700   4.37500000       7.61573696       3.39695215    
       23760   4.36170197       7.62295198       3.36158538    
       23820   4.34782600       7.62857628       3.32662606    
       23880   4.31111097       7.63248062       3.29092860    
       23940   4.27272749       7.63508987       3.25665021    
       24000   4.23255825       7.63693619       3.22658253    
       24060   4.19047642       7.63846350       3.19638777    
       24120   4.17073154       7.63985634       3.16798139    
       24180   4.12500000       7.64107800       3.14171624    
       24240   4.07692289       7.64205217       3.11457348    
       24300   4.02631569       7.64272881       3.08765793    
       24360   3.97297287       7.64316654       3.06112719    
       24420   3.91666675       7.64345598       3.03641939    
       24480   3.82857132       7.64362574       3.01378179    
       24540   3.73529410       7.64350605       2.99226165    
       24600   3.63636374       7.64261675       2.97252750    
       24660   3.56250000       7.64057922       2.95437431    
       24720   3.54838705       7.63715076       2.93823385    
       24780   3.53333330       7.63230753       2.92408872    
       24840   3.51724148       7.62655878       2.91094136    
       24900   3.46428561       7.62112951       2.89662910    
       24960   3.44444442       7.61617422       2.87799501    
       25020   3.38461542       7.60975742       2.85368872    
       25080   3.31999993       7.59871244       2.82535005    
       25140   3.25000000       7.57999516       2.79729009    
       25200   3.17391300       7.55345249       3.55353904    
       25260   3.09090900       7.52265406       3.57869840    
       25320   3.09523821       7.49177551       3.61227012    
       25380   3.09999990       7.46355295       3.65602827    
       25440   3.10526323       7.44098043       3.71719098    
       25500   3.11111116       7.42968273       3.79190612    
       25560   3.11764717       7.43652010       3.86705422    
       25620   3.12500000       7.45984268       3.94556022    
       25680   3.13333344       7.48929214       4.02698374    
       25740   3.07142854       7.52057171       4.10861540    
       25800   3.00000000       7.55292416       4.19241381    
       25860   3.15384626       7.58599615       4.27615452    
       25920   3.23076916       7.61965418       4.35976076    
       25980   3.23076916       7.65367842       4.44080496    
       26040   3.25000000       7.68756390       4.52137756    
       26100   3.27272725       7.72067451       4.60267830    
       26160   3.29999995       7.75284004       4.68509769    
       26220   3.33333325       7.78461552       4.77058792    
       26280   3.37500000       7.81674480       4.85605907    
       26340   3.42857146       7.84950876       4.94000721    
       26400   3.50000000       7.88264179       5.02276087    
       26460   3.59999990       7.91567612       5.10166264    
       26520   3.75000000       7.94808149       5.17635822    
       26580   4.00000000       7.97935963       5.24656439    
       26640   4.00000000       8.00904465       5.31199455    
       26700   4.00000000       8.03652477       5.37493849    
       26760   4.00000000       8.06078720       5.43708515    
       26820   4.00000000       8.08154678       5.50278330    
       26880   3.75000000       8.09990597       5.57207012    
       26940   3.59999990       8.11771011       5.64929533    
       27000   3.59999990       8.13775253       5.73562717    
       27060   3.59999990       8.16381073       5.82614517    
       27120   3.50000000       8.19801807       5.91927767    
       27180   3.42857146       8.24020863       6.01209974    
       27240   3.37500000       8.28786945       6.10528183    
       27300   3.33333325       8.33767986       6.20018530    
       27360   3.29999995       8.38813496       6.29841661    
       27420   3.27272725       8.43892193       6.39723730    
       27480   3.27272725       8.49017811       6.49543619    
       27540   3.25000000       8.54228592       6.59411907    
       27600   3.23076916       8.59544182       6.69267559    
       27660   3.21428561       8.64941216       6.78979301    
       27720   3.20000005       8.70418358       6.88762569    
       27780   3.25000000       8.75987434       6.98458576    
       27840   3.35294127       8.81642246       7.08096695    
       27900   3.38888884       8.87359142       7.17775011    
       27960   3.47368431       8.93092632       7.27394342    
       28020   3.65000010       8.98795891       7.37009382    
       28080   3.80952382       9.04442310       7.46541262    
       28140   3.90909100       9.10067654       7.55908871    
       28200   4.00000000       9.15729713       7.65137720    
       28260   4.08333349       9.21453667       7.74113750    
       28320   4.19999981       9.27226925       7.82821894    
       28380   4.38461542       9.33008099       7.91265965    
       28440   4.51851845       9.38741493       7.99499178    
       28500   4.64285707       9.44361496       8.07604980    
       28560   4.72413778       9.49852848       8.15627384    
       28620   4.76666689       9.55266666       8.23507500    
       28680   4.83870983       9.60662651       8.31122780    
       28740   4.90625000       9.66066837       8.38438797    
       28800   5.00000000       9.71424580       4.57619572    
       28860   5.08823538       9.76643372       4.64452553    
       28920   5.19999981       9.81681156       4.71229315    
       28980   5.27777767       9.86560917       4.78065062    
       29040   5.35135126       9.91346169       4.84978342    
       29100   5.42105246       9.96123981       4.92022133    
       29160   5.46153831       10.0095596       4.98845243    
       29220   5.50000000       10.0584536       5.05516624    
       29280   5.53658533       10.1076565       5.12305927    
       29340   5.54761887       10.1567717       5.19089460    
       29400   5.53488350       10.2055349       5.25524473    
       29460   5.54545450       10.2537718       5.31949615    
       29520   5.59090900       10.3011827       5.38463545    
       29580   5.68181801       10.3475161       5.44942093    
       29640   5.79545450       10.3926849       5.51591158    
       29700   5.84444427       10.4367952       5.58315182    
       29760   5.91304350       10.4802761       5.64872932    
       29820   5.95744658       10.5241108       5.71411896    
       29880   5.95833349       10.5692272       5.78008413    
       29940   5.97959185       10.6141796       5.84417963    
       30000   5.98000002       10.6580667       5.91038704    
       30060   5.98039198       10.7009525       5.97794628    
       30120   5.98076916       10.7428541       6.04284954    
       30180   5.98113203       10.7838774       6.10684538    
       30240   5.98148155       10.8240623       6.17048168    
       30300   5.98181820       10.8634691       6.23201895    
       30360   5.98214293       10.9020910       6.29362297    
       30420   5.98245621       10.9397650       6.35741568    
       30480   5.98275852       10.9761896       6.41968298    
       30540   6.03448296       11.0108576       6.48023224    
       30600   6.06896544       11.0433140       6.54046965    
       30660   6.05084753       11.0733395       6.59939718    
       30720   6.03333330       11.1011162       6.65660763    
       30780   6.06666660       11.1270542       6.71413088    
       30840   6.08333349       11.1515551       6.76978779    
       30900   6.09999990       11.1754293       6.82592678    
       30960   6.11666679       11.1992178       6.88365030    
       31020   6.11666679       11.2229004       6.93925571    
       31080   6.13333321       11.2460947       6.99516058    
       31140   6.08196735       11.2683067       7.04981279    
       31200   6.09836054       11.2894573       7.10276461    
       31260   6.13114738       11.3100700       7.15518188    
       31320   6.16393423       11.3303757       7.20817471    
       31380   6.19672108       11.3500786       7.26296663    
       31440   6.21311474       11.3694229       7.31954002    
       31500   6.22950840       11.3892984       7.37739658    
       31560   6.27868843       11.4106588       7.43534088    
       31620   6.31147528       11.4338179       7.49302816    
       31680   6.31147528       11.4581823       7.54994297    
       31740   6.29508209       11.4828548       7.60501862    
       31800   6.27868843       11.5073042       7.65858412    
       31860   6.27868843       11.5313730       7.71034193    
       31920   6.27868843       11.5549793       7.76003027    
       31980   6.24590158       11.5780125       7.80883646    
       32040   6.21311474       11.6004086       7.85750151    
       32100   6.19672108       11.6223021       7.90587807    
       32160   6.16393423       11.6440268       7.95442581    
       32220   6.16393423       11.6658745       8.00320435    
       32280   6.16393423       11.6879263       8.05229187    
       32340   6.14754105       11.7101994       8.10191250    
       32400   6.13114738       11.7330284       6.07524920    
       32460   6.08196735       11.7568607       6.04050064    
       32520   6.04918051       11.7818089       6.00652361    
       32580   6.01639366       11.8076925       5.97506762    
       32640   5.96721315       11.8342180       5.94235802    
       32700   5.91803265       11.8610668       5.91099310    
       32760   5.88524580       11.8879519       5.88086939    
       32820   5.85245895       11.9147854       5.85228539    
       32880   5.83606577       11.9414473       5.82301664    
       32940   5.83606577       11.9675341       5.79192400    
       33000   5.81967211       11.9923239       5.75999689    
       33060   5.85245895       12.0146599       5.73296833    
       33120   5.86885262       12.0336800       5.70969915    
       33180   5.86885262       12.0504513       5.68857336    
       33240   5.85245895       12.0671835       5.66901398    
       33300   5.83606577       12.0856209       5.65065002    
       33360   5.80327892       12.1061840       5.63544321    
       33420   5.80327892       12.1280680       5.62046576    
       33480   5.78688526       12.1501169       5.60729027    
       33540   5.80327892       12.1734371       5.59759951    
       33600   5.81967211       12.1986532       5.59084606    
       33660   5.85245895       12.2253437       5.58403444    
       33720   5.86885262       12.2530117       5.57846451    
       33780   5.90163946       12.2809095       5.57595587    
       33840   5.91803265       12.3085890       5.57621145    
       33900   5.93442631       12.3359737       5.57817888    
       33960   5.95081949       12.3630714       5.57959604    
       34020   5.96721315       12.3898478       5.57951546    
       34080   6.00000000       12.4161482       5.57836628    
       34140   6.01639366       12.4415331       5.57732344    
       34200   6.03278685       12.4655762       5.57641506    
       34260   6.08196735       12.4882317       5.57680702    
       34320   6.11475420       12.5098028       5.57804108    
       34380   6.13114738       12.5306845       5.57829523    
       34440   6.14754105       12.5511971       5.57832384    
       34500   6.16393423       12.5714264       5.57945967    
       34560   6.21311474       12.5911903       5.57816839    
       34620   6.24590158       12.6100206       5.57689857    
       34680   6.31147528       12.6272621       5.57670736    
       34740   6.36065578       12.6424780       5.57536221    
       34800   6.42622948       12.6559067       5.57673168    
       34860   6.45901632       12.6677675       5.57793760    
       34920   6.45901632       12.6781445       5.57933426    
       34980   6.47540998       12.6874266       5.58051729    
       35040   6.49180317       12.6955738       5.57844782    
       35100   6.52459002       12.7019033       5.57541704    
       35160   6.54098368       12.7057991       5.57204628    
       35220   6.54098368       12.7072620       5.56816721    
       35280   6.52459002       12.7069836       5.56409645    
       35340   6.50819683       12.7052574       5.56005335    
       35400   6.50819683       12.7017775       5.55741930    
       35460   6.52459002       12.6961823       5.55717325    
       35520   6.52459002       12.6888733       5.55989456    
       35580   6.52459002       12.6811295       5.56588507    
       35640   6.54098368       12.6740561       5.57496262    
       35700   6.52459002       12.6683569       5.58629894    
       35760   6.50819683       12.6643124       5.59860325    
       35820   6.50819683       12.6618214       5.61036921    
       35880   6.49180317       12.6602783       5.62091112    
       35940   6.50819683       12.6587152       5.62928343    
       36000   6.47540998       12.6559944       6.43167591    
       36060   6.45901632       12.6510296       6.41138172    
       36120   6.44262314       12.6430893       6.39168644    
       36180   6.42622948       12.6321955       6.37359428    
       36240   6.40983629       12.6189718       6.35963440    
       36300   6.40983629       12.6042995       6.34974051    
       36360   6.40983629       12.5891418       6.34023428    
       36420   6.40983629       12.5740175       6.32838345    
       36480   6.42622948       12.5592375       6.31903839    
       36540   6.42622948       12.5452061       6.31156874    
       36600   6.39344263       12.5324793       6.30514526    
       36660   6.40983629       12.5219460       6.30298328    
       36720   6.39344263       12.5141993       6.30042553    
       36780   6.37704897       12.5081730       6.29467344    
       36840   6.36065578       12.5018244       6.28885794    
       36900   6.31147528       12.4936438       6.28029728    
       36960   6.24590158       12.4831457       6.27046156    
       37020   6.21311474       12.4702463       6.25849628    
       37080   6.13114738       12.4551449       6.24859524    
       37140   6.09836054       12.4383688       6.24053669    
       37200   6.04918051       12.4207230       6.23126364    
       37260   5.98360634       12.4028139       6.22218847    
       37320   5.91803265       12.3846788       6.21224928    
       37380   5.85245895       12.3663521       6.20415163    
       37440   5.77049160       12.3478947       6.19904280    
       37500   5.72131157       12.3293877       6.19123888    
       37560   5.65573788       12.3116684       6.18370104    
       37620   5.59016371       12.2956715       6.17834425    
       37680   5.54098368       12.2812996       6.17439175    
       37740   5.47540998       12.2681170       6.17012215    
       37800   5.42622948       12.2559566       6.16655731    
       37860   5.39344263       12.2445898       6.16392851    
       37920   5.31147528       12.2337036       6.16098070    
       37980   5.26229525       12.2230835       6.15705538    
       38040   5.21311474       12.2125311       6.15397024    
       38100   5.16393423       12.2018318       6.15189028    
       38160   5.13114738       12.1906996       6.15219069    
       38220   5.06557369       12.1790609       6.15722466    
       38280   5.01639366       12.1679153       6.16137218    
       38340   4.95081949       12.1590271       6.16906834    
       38400   4.88524580       12.1529980       6.17667723    
       38460   4.81967211       12.1492443       6.18499088    
       38520   4.77049160       12.1470327       6.19613838    
       38580   4.73770475       12.1459589       6.20654821    
       38640   4.68852472       12.1457024       6.21786690    
       38700   4.63934422       12.1460152       6.23115206    
       38760   4.57377052       12.1468182       6.24610281    
       38820   4.50819683       12.1481171       6.26453876    
       38880   4.44262314       12.1502199       6.28619289    
       38940   4.39344263       12.1538868       6.31051445    
       39000   4.34426212       12.1599817       6.33701515    
       39060   4.29508209       12.1690502       6.36430502    
       39120   4.24590158       12.1805525       6.39089060    
       39180   4.19672108       12.1931286       6.41679621    
       39240   4.16393423       12.2058420       6.44162703    
       39300   4.11475420       12.2181778       6.46475935    
       39360   4.06557369       12.2297392       6.48706913    
       39420   4.01639366       12.2400217       6.50927925    
       39480   3.96721315       12.2489519       6.53156471    
       39540   3.91803288       12.2571516       6.55439854    
       39600   3.85245895       12.2655048       3.81288671    
       39660   3.83606553       12.2745275       3.78617764    
       39720   3.80327868       12.2843142       3.76531339    
       39780   3.78688526       12.2951059       3.75146937    
       39840   3.75409842       12.3073235       3.74127388    
       39900   3.71666670       12.3220310       3.73290896    
       39960   3.68333340       12.3395119       3.72815609    
       40020   3.65000010       12.3595572       3.73030376    
       40080   3.59999990       12.3813610       3.73945117    
       40140   3.54999995       12.4056816       3.74849987    
       40200   3.50000000       12.4343185       3.76041126    
       40260   3.46666670       12.4665585       3.77912283    
       40320   3.41666675       12.4998159       3.79919815    
       40380   3.36666656       12.5325994       3.82558560    
       40440   3.31666660       12.5660992       3.85538721    
       40500   3.27118635       12.6025610       3.88172841    
       40560   3.25862074       12.6426868       3.90950727    
       40620   3.26315784       12.6848421       3.93689585    
       40680   3.25000000       12.7257996       3.96628642    
       40740   3.23636365       12.7635832       4.00196934    
       40800   3.20370364       12.7983894       4.03891087    
       40860   3.18867922       12.8323803       4.07759857    
       40920   3.17307687       12.8680372       4.11717749    
       40980   3.15686274       12.9067860       4.15494776    
       41040   3.16000009       12.9481430       4.18987083    
       41100   3.16000009       12.9894896       4.22642469    
       41160   3.14000010       13.0274668       4.27098131    
       41220   3.14000010       13.0618000       4.32196236    
       41280   3.14285707       13.0955648       4.37748575    
       41340   3.12244892       13.1322556       4.43598413    
       41400   3.10204077       13.1741638       4.49595833    
       41460   3.08163261       13.2207747       4.55758572    
       41520   3.04081631       13.2696857       4.62085342    
       41580   3.04081631       13.3195267       4.68328476    
       41640   3.02040815       13.3697157       4.74717760    
       41700   3.02040815       13.4201155       4.81207514    
       41760   3.02040815       13.4706526       4.87659454    
       41820   3.02040815       13.5208035       4.94207859    
       41880   3.02040815       13.5694933       5.00711298    
       41940   3.02040815       13.6161728       5.07164145    
       42000   3.02040815       13.6613932       5.13366413    
       42060   3.02040815       13.7054214       5.19787359    
       42120   3.02040815       13.7476768       5.26276731    
       42180   3.02040815       13.7880945       5.32747221    
       42240   3.02040815       13.8275890       5.39376783    
       42300   3.02040815       13.8670816       5.45910931    
       42360   3.04081631       13.9065628       5.52238560    
       42420   3.04081631       13.9452858       5.58224201    
       42480   3.04081631       13.9820471       5.63653946    
       42540   3.04081631       14.0154924       5.68648100    
       42600   3.04081631       14.0445127       5.73409033    
       42660   3.04081631       14.0681324       5.78122759    
       42720   3.04166675       14.0862398       5.82932520    
       42780   3.04255319       14.1004667       5.87798929    
       42840   3.04347825       14.1134253       5.92569160    
       42900   3.02173924       14.1267605       5.97346020    
       42960   3.02173924       14.1403570       6.02237749    
       43020   3.02173924       14.1534128       6.07212734    
       43080   3.02173924       14.1658144       6.12289238    
       43140   3.02173924       14.1782198       6.17468357    
       43200   3.02173924       14.1913939       3.03217030    
       43260   3.02173924       14.2056131       3.03810453    
       43320   3.02222228       14.2210798       3.04647207    
       43380   3.02272725       14.2374477       3.05211687    
       43440   3.02325583       14.2536392       3.05643320    
       43500   3.02380943       14.2677402       3.05905151    
       43560   3.02325583       14.2786903       3.05982637    
       43620   3.02325583       14.2857704       3.05969119    
       43680   3.02325583       14.2895393       3.05673909    
       43740   3.02325583       14.2898722       3.05188465    
       43800   3.02325583       14.2856274       3.05110002    
       43860   3.02325583       14.2777233       3.05774951    
       43920   3.02325583       14.2690611       3.06796646    
       43980   3.02325583       14.2619009       3.08294201    
       44040   3.02325583       14.2569170       3.09765410    
       44100   3.02325583       14.2546883       3.11228824    
       44160   3.04545450       14.2556295       3.13096166    
       44220   3.04444456       14.2587805       3.15334392    
       44280   3.04347825       14.2643518       3.17768240    
       44340   3.04255319       14.2726765       3.20140839    
       44400   3.04166675       14.2825117       3.22106981    
       44460   3.04081631       14.2910099       3.23868275    
       44520   3.03999996       14.2955847       3.25571251    
       44580   3.03921580       14.2951794       3.27548480    
       44640   3.03846145       14.2911339       3.30029893    
       44700   3.03773594       14.2867136       3.32711172    
       44760   3.03773594       14.2848721       3.35419655    
       44820   3.03773594       14.2854719       3.37803388    
       44880   3.05660367       14.2859364       3.39641452    
       44940   3.07407403       14.2835608       3.41395664    
       45000   3.07407403       14.2765512       3.43306017    
       45060   3.07407403       14.2650080       3.45339465    
       45120   3.07407403       14.2514791       3.47314024    
       45180   3.07407403       14.2387438       3.49044013    
       45240   3.07407403       14.2270155       3.50653291    
       45300   3.07407403       14.2152271       3.52051163    
       45360   3.07407403       14.2017136       3.53506732    
       45420   3.07407403       14.1860743       3.54985046    
       45480   3.09259248       14.1687069       3.56298876    
       45540   3.09259248       14.1496620       3.57645416    
       45600   3.09259248       14.1286974       3.59221649    
       45660   3.09259248       14.1065216       3.61007857    
       45720   3.09259248       14.0847254       3.62932229    
       45780   3.09259248       14.0641899       3.65020847    
       45840   3.09259248       14.0448503       3.67463517    
       45900   3.09259248       14.0263309       3.70244741    
       45960   3.09259248       14.0090837       3.73135686    
       46020   3.07407403       13.9949408       3.75981975    
       46080   3.07407403       13.9853296       3.78848100    
       46140   3.07407403       13.9786139       3.81925178    
       46200   3.07407403       13.9722681       3.85225010    
       46260   3.07407403       13.9661312       3.88497329    
       46320   3.07407403       13.9614344       3.91439509    
       46380   3.07272720       13.9578400       3.93956685    
       46440   3.07142854       13.9531755       3.96125174    
       46500   3.07017541       13.9452438       3.98140264    
       46560   3.07017541       13.9333792       4.00051880    
       46620   3.07017541       13.9186287       4.01759815    
       46680   3.07017541       13.9019680       4.03203535    
       46740   3.07017541       13.8835497       4.04384470    
       46800   3.07017541       13.8629303       3.05487227    
       46860   3.08771920       13.8401308       3.05231571    
       46920   3.08771920       13.8152370       3.05045867    
       46980   3.08620691       13.7884302       3.04799175    
       47040   3.08474565       13.7605476       3.04424953    
       47100   3.08333325       13.7324038       3.03885341    
       47160   3.08196712       13.7039766       3.03208184    
       47220   3.08196712       13.6752958       3.02053428    
       47280   3.08196712       13.6456718       3.00550151    
       47340   3.08196712       13.6126642       2.99040389    
       47400   3.08196712       13.5745239       2.97442937    
       47460   3.08196712       13.5319395       2.95725298    
       47520   3.08196712       13.4871407       2.93436718    
       47580   3.08196712       13.4407673       2.90238404    
       47640   3.08196712       13.3909931       2.86217999    
       47700   3.08196712       13.3342848       2.81890011    
       47760   3.08196712       13.2684278       2.77659607    
       47820   3.06557369       13.1957874       2.73598337    
       47880   3.06557369       13.1206341       2.69838357    
       47940   3.06557369       13.0462284       2.66368866    
       48000   3.06557369       12.9742184       2.63203621    
       48060   3.06557369       12.9053173       2.60514450    
       48120   3.06557369       12.8400393       2.58152366    
       48180   3.06557369       12.7789545       2.55771017    
       48240   3.06557369       12.7220926       2.53199530    
       48300   3.06557369       12.6684046       2.50466418    
       48360   3.06557369       12.6159334       2.47774911    
       48420   3.06557369       12.5626202       2.44806385    
       48480   3.06557369       12.5076914       2.41812825    
       48540   3.04918027       12.4513988       2.38870502    
       48600   3.03278685       12.3940468       2.35600924    
       48660   3.03278685       12.3366280       2.32048464    
       48720   3.03278685       12.2789936       2.28347373    
       48780   3.03278685       12.2189903       2.24692988    
       48840   3.03278685       12.1565647       2.21406627    
       48900   3.04918027       12.0932112       2.18542337    
       48960   3.04918027       12.0315428       2.16015553    
       49020   3.04918027       11.9733229       2.13674974    
       49080   3.04918027       11.9191513       2.11303639    
       49140   3.03278685       11.8684025       2.08694935    
       49200   3.03278685       11.8194904       2.05789971    
       49260   3.03278685       11.7704201       2.02912426    
       49320   3.03278685       11.7191439       1.99986124    
       49380   3.03278685       11.6646833       1.96951163    
       49440   3.03278685       11.6080799       1.93805552    
       49500   3.03278685       11.5508547       1.90287423    
       49560   3.03278685       11.4928818       1.86396229    
       49620   3.03278685       11.4325705       1.82469928    
       49680   3.03278685       11.3689871       1.78681493    
       49740   3.03333330       11.3039875       1.75016367    
       49800   3.03389835       11.2404203       1.71365523    
       49860   3.03389835       11.1790218       1.67750251    
       49920   3.03389835       11.1185408       1.64220953    
       49980   3.03389835       11.0582161       1.60870230    
       50040   3.03448272       10.9983368       1.57688725    
       50100   3.03448272       10.9398603       1.54638457    
       50160   3.03448272       10.8837252       1.51651454    
       50220   3.03448272       10.8298512       1.48676586    
       50280   3.03448272       10.7773151       1.45766568    
       50340   3.03508782       10.7252207       1.42977560    
       50400   3.03508782       10.6733637       2.96939445    
       50460   3.03508782       10.6222267       2.96033049    
       50520   3.01754379       10.5726833       2.95304680    
       50580   3.01754379       10.5254078       2.94509578    
       50640   3.01754379       10.4801912       2.93638682    
       50700   3.01754379       10.4365730       2.92828059    
       50760   3.01754379       10.3944912       2.92105460    
       50820   3.01754379       10.3541851       2.91510916    
       50880   3.03508782       10.3159361       2.91302347    
       50940   3.05263162       10.2811146       2.91241693    
       51000   3.07017541       10.2506399       2.91011715    
       51060   3.08771920       10.2236290       2.90781665    
       51120   3.08771920       10.1977825       2.90481186    
       51180   3.10526323       10.1718054       2.90230989    
       51240   3.10526323       10.1459599       2.90167499    
       51300   3.10526323       10.1214676       2.90344620    
       51360   3.10526323       10.0996513       2.90454245    
       51420   3.12280703       10.0806952       2.90386033    
       51480   3.12280703       10.0633888       2.90195966    
       51540   3.14035082       10.0459375       2.89650297    
       51600   3.15789485       10.0272369       2.88905430    
       51660   3.17543864       10.0069256       2.88004184    
       51720   3.21052623       9.98499584       2.86794901    
       51780   3.24561405       9.96136761       2.85437536    
       51840   3.28070164       9.93606377       2.84053397    
       51900   3.31578946       9.90968800       2.82754779    
       51960   3.33333325       9.88349915       2.81542087    
       52020   3.36842108       9.85834503       2.80220318    
       52080   3.40350866       9.83407021       2.78817439    
       52140   3.45614028       9.81025124       2.77303171    
       52200   3.50877190       9.78654194       2.75710154    
       52260   3.54385972       9.76217175       2.74159813    
       52320   3.57894731       9.73708916       2.72651362    
       52380   3.63157892       9.71227551       2.71065617    
       52440   3.68421054       9.68839264       2.69295263    
       52500   3.73684216       9.66513634       2.67276478    
       52560   3.77192974       9.64164066       2.64991546    
       52620   3.80701756       9.61690903       2.62529016    
       52680   3.85964918       9.59037399       2.59930921    
       52740   3.89473677       9.56218052       2.57208204    
       52800   3.92982459       9.53295135       2.54448652    
       52860   3.96491218       9.50369263       2.51729465    
       52920   4.00000000       9.47531223       2.48795271    
       52980   4.03508759       9.44752598       2.45683956    
       53040   4.07017565       9.41862011       2.42536473    
       53100   4.10526323       9.38741493       2.39348388    
       53160   4.14035082       9.35450840       2.36228752    
       53220   4.17543840       9.32110214       2.33301711    
       53280   4.22807026       9.28805447       2.30566549    
       53340   4.28070164       9.25632668       2.28035331    
       53400   4.31034470       9.22674847       2.25684953    
       53460   4.32203388       9.19962120       2.23459268    
       53520   4.35593224       9.17514420       2.21317315    
       53580   4.38983059       9.15286160       2.19311261    
       53640   4.42372894       9.13177395       2.17474079    
       53700   4.43333340       9.11145687       2.15808558    
       53760   4.46666670       9.09221172       2.14252925    
       53820   4.50000000       9.07469845       2.12683654    
       53880   4.55000019       9.05936813       2.11040735    
       53940   4.58333349       9.04556179       2.09307718    
       54000   4.59016371       9.03196335       4.63851118    
       54060   4.62295103       9.01739597       4.66623640    
       54120   4.65573788       9.00143337       4.69187593    
       54180   4.68852472       8.98399067       4.71709108    
       54240   4.72131157       8.96506977       4.73907328    
       54300   4.75409842       8.94468880       4.76000690    
       54360   4.78688526       8.92315197       4.77984619    
       54420   4.81967211       8.90103626       4.79885483    
       54480   4.85245895       8.87916946       4.81539011    
       54540   4.86885262       8.85803699       4.82936192    
       54600   4.88524580       8.83724308       4.84398270    
       54660   4.90163946       8.81628036       4.85921669    
       54720   4.91803265       8.79534531       4.87470484    
       54780   4.95081949       8.77526569       4.89005423    
       54840   4.96721315       8.75670052       4.90229893    
       54900   5.00000000       8.73941803       4.91120386    
       54960   5.03278685       8.72230434       4.91599226    
       55020   5.06557369       8.70405674       4.91643810    
       55080   5.06557369       8.68358421       4.91529894    
       55140   5.09836054       8.66047287       4.91081858    
       55200   5.13114738       8.63517380       4.90311098    
       55260   5.14754105       8.60841370       4.89463711    
       55320   5.16393423       8.58062077       4.88556623    
       55380   5.16393423       8.55180168       4.87654209    
       55440   5.16393423       8.52202892       4.86525917    
       55500   5.14754105       8.49188709       4.85254955    
       55560   5.13114738       8.46201801       4.83981562    
       55620   5.13114738       8.43270493       4.82519960    
       55680   5.13114738       8.40399742       4.80908632    
       55740   5.13114738       8.37567902       4.79082203    
       55800   5.11475420       8.34750175       4.76930666    
       55860   5.09836054       8.31939316       4.74320555    
       55920   5.09836054       8.29070282       4.71028709    
       55980   5.08196735       8.25987530       4.67034149    
       56040   5.04918051       8.22529411       4.62811470    
       56100   5.01639366       8.18543053       4.58826685    
       56160   5.00000000       8.13931751       4.55241632    
       56220   4.96721315       8.09060097       4.51988792    
       56280   4.95081949       8.04409695       4.49238348    
       56340   4.91803265       8.00204849       4.46775675    
       56400   4.90163946       7.96504116       4.44541645    
       56460   4.88524580       7.93325758       4.42563772    
       56520   4.88524580       7.90664005       4.40674543    
       56580   4.86885262       7.88439655       4.38742304    
       56640   4.85245895       7.86497068       4.36585140    
       56700   4.83606577       7.84683704       4.34049559    
       56760   4.81967211       7.82887411       4.31198263    
       56820   4.81967211       7.80951929       4.28212070    
       56880   4.81967211       7.78697205       4.25291491    
       56940   4.78688526       7.76070929       4.22519732    
       57000   4.77049160       7.73232508       4.19871426    
       57060   4.75409842       7.70426846       4.17298460    
       57120   4.73770475       7.67807531       4.14826488    
       57180   4.72131157       7.65414381       4.12452841    
       57240   4.72131157       7.63218927       4.10065746    
       57300   4.72131157       7.61165953       4.07600641    
       57360   4.72131157       7.59212542       4.05092096    
       57420   4.72131157       7.57297134       4.02635384    
       57480   4.72131157       7.55360985       4.00334406    
       57540   4.70491791       7.53457212       3.98162246    
       57600   4.68852472       7.51697540       4.67428541    
       57660   4.68852472       7.50131416       4.67219877    
       57720   4.68852472       7.48714590       4.66986513    
       57780   4.68852472       7.47352982       4.67004824    
       57840   4.68852472       7.45959091       4.66953182    
       57900   4.67213106       7.44526291       4.66804790    
       57960   4.67213106       7.43126869       4.66555882    
       58020   4.65573788       7.41807699       4.66312075    
       58080   4.65573788       7.40527344       4.66197729    
       58140   4.63934422       7.39224100       4.66487503    
       58200   4.63934422       7.37985516       4.66985178    
       58260   4.63934422       7.37042713       4.67429113    
       58320   4.62295103       7.36496925       4.68068361    
       58380   4.62295103       7.36198854       4.68575573    
       58440   4.62295103       7.35979128       4.68796158    
       58500   4.62295103       7.35746145       4.69263077    
       58560   4.62295103       7.35512257       4.69948435    
       58620   4.60655737       7.35358238       4.70392132    
       58680   4.59016371       7.35364246       4.70855093    
       58740   4.59016371       7.35560369       4.71227551    
       58800   4.57377052       7.35883427       4.71365499    
       58860   4.54098368       7.36175919       4.71309996    
       58920   4.52459002       7.36317682       4.71000624    
       58980   4.50819683       7.36258507       4.70442486    
       59040   4.49180317       7.35905933       4.70000553    
       59100   4.47540998       7.35156012       4.69757366    
       59160   4.47540998       7.34135246       4.69444752    
       59220   4.47540998       7.33206129       4.68983173    
       59280   4.47540998       7.32555866       4.68573093    
       59340   4.45901632       7.32052755       4.68036652    
       59400   4.44262314       7.31533432       4.67706490    
       59460   4.42622948       7.30938148       4.67576361    
       59520   4.40983629       7.30377245       4.67514420    
       59580   4.39344263       7.29967976       4.67799854    
       59640   4.39344263       7.29734993       4.68622351    
       59700   4.39344263       7.29773760       4.69608688    
       59760   4.39344263       7.30252790       4.70453644    
       59820   4.37704897       7.30964136       4.71007442    
       59880   4.37704897       7.31575251       4.71314907    
       59940   4.37704897       7.31942320       4.71293068    
       60000   4.37704897       7.32016420       4.70956326    
       60060   4.37704897       7.31765604       4.70528698    
       60120   4.37704897       7.31227160       4.70030880    
       60180   4.36065578       7.30536461       4.69421244    
       60240   4.36065578       7.29825687       4.68793058    
       60300   4.36065578       7.29126644       4.68262720    
       60360   4.36065578       7.28410053       4.67880869    
       60420   4.36065578       7.27729797       4.67592382    
       60480   4.34426212       7.27183867       4.67271519    
       60540   4.32786894       7.26751804       4.66764164    
       60600   4.32786894       7.26262474       4.66010189    
       60660   4.31147528       7.25558329       4.65066957    
       60720   4.29508209       7.24590492       4.63869476    
       60780   4.29508209       7.23411512       4.62363291    
       60840   4.29508209       7.22104645       4.60783386    
       60900   4.27868843       7.20642471       4.59247875    
       60960   4.26229525       7.18905926       4.57668161    
       61020   4.24590158       7.17004442       4.56050825    
       61080   4.22950840       7.15146160       4.54508877    
       61140   4.21311474       7.13328695       4.53151464    
       61200   4.19672108       7.11468077       4.16790581    
       61260   4.19672108       7.09606314       4.15822363    
       61320   4.18032789       7.07910204       4.15314913    
       61380   4.16393423       7.06536245       4.14989853    
       61440   4.14754105       7.05553007       4.14522219    
       61500   4.13114738       7.04916334       4.13925982    
       61560   4.13114738       7.04453754       4.13503790    
       61620   4.11475420       7.03994942       4.13138103    
       61680   4.11475420       7.03474522       4.12750340    
       61740   4.09836054       7.02924109       4.12198925    
       61800   4.09836054       7.02326441       4.11397696    
       61860   4.08196735       7.01529074       4.10432625    
       61920   4.06557369       7.00416946       4.09271383    
       61980   4.06557369       6.99051142       4.07761288    
       62040   4.04918051       6.97486973       4.06171179    
       62100   4.03278685       6.95744991       4.04595613    
       62160   4.01639366       6.93859339       4.02841282    
       62220   4.00000000       6.91877556       4.01060009    
       62280   4.00000000       6.89842987       3.99652433    
       62340   4.00000000       6.87790251       3.98527336    
       62400   4.00000000       6.85762215       3.97517085    
       62460   4.00000000       6.83877897       3.96847272    
       62520   4.00000000       6.82245588       3.96577334    
       62580   4.00000000       6.80899286       3.96473527    
       62640   4.00000000       6.79855633       3.96461964    
       62700   4.00000000       6.79114246       3.96137047    
       62760   4.00000000       6.78515530       3.95658708    
       62820   4.00000000       6.77755451       3.95327282    
       62880   4.00000000       6.76695156       3.95150208    
       62940   4.00000000       6.75506449       3.95088291    
       63000   4.00000000       6.74406099       3.95329714    
       63060   4.00000000       6.73512411       3.95583272    
       63120   4.00000000       6.72821140       3.95949268    
       63180   4.00000000       6.72278738       3.96655130    
       63240   4.00000000       6.71928930       3.97633410    
       63300   4.00000000       6.71845198       3.98712134    
       63360   4.00000000       6.72010946       3.99832654    
       63420   4.00000000       6.72356272       4.00919724    
       63480   4.00000000       6.72771740       4.01939821    
       63540   4.00000000       6.73135090       4.02881718    
       63600   4.00000000       6.73389912       4.03666258    
       63660   4.00000000       6.73556423       4.04531956    
       63720   4.00000000       6.73668194       4.05394173    
       63780   4.00000000       6.73744488       4.06300783    
       63840   4.00000000       6.73821545       4.07436609    
       63900   4.00000000       6.73961878       4.08745193    
       63960   4.00000000       6.74231577       4.10250092    
       64020   4.00000000       6.74666595       4.12009716    
       64080   4.00000000       6.75307655       4.13935947    
       64140   4.00000000       6.76205254       4.15909100    
       64200   4.00000000       6.77338791       4.17817307    
       64260   4.00000000       6.78585768       4.19622612    
       64320   4.01639366       6.79822874       4.21364784    
       64380   4.01639366       6.80968571       4.23295259    
       64440   4.01639366       6.82014751       4.25524235    
       64500   4.01639366       6.83108187       4.27701139    
       64560   4.03278685       6.84468365       4.29704475    
       64620   4.04918051       6.85963297       4.31704617    
       64680   4.06557369       6.87323856       4.33751106    
       64740   4.08196735       6.88573217       4.35667658    
