 20181225
 Seconds  Measures(RH-%)  Meso-NH(RH-%)  FORECAST_AR(RH-%)
        3600   10.4262295       22.0961475       10.2001572    
        3660   10.3606558       21.9536343       10.1847477    
        3720   10.3278685       21.8181686       10.1750393    
        3780   10.2786884       21.6928139       10.1665230    
        3840   10.2295084       21.5762653       10.1484575    
        3900   10.1967211       21.4625187       10.1122770    
        3960   10.1639347       21.3413715       10.0595064    
        4020   10.1147537       21.2052746       9.99758339    
        4080   10.0491800       21.0542412       9.93485737    
        4140   10.0163937       20.8901463       9.87502098    
        4200   9.96721268       20.7186489       9.82228565    
        4260   9.93442631       20.5457859       9.77784920    
        4320   9.90163898       20.3768597       9.74273109    
        4380   9.86885262       20.2182693       9.72170830    
        4440   9.81967258       20.0723324       9.71279430    
        4500   9.77049160       19.9384823       9.70774364    
        4560   9.72131157       19.8157120       9.69694519    
        4620   9.67213154       19.7012997       9.68190670    
        4680   9.62295055       19.5897617       9.67094231    
        4740   9.57377052       19.4767704       9.66686249    
        4800   9.54098320       19.3612690       9.67440033    
        4860   9.50819683       19.2463474       9.69116688    
        4920   9.47540951       19.1381207       9.71976852    
        4980   9.44262314       19.0416985       9.75551987    
        5040   9.40983582       18.9598675       9.79247952    
        5100   9.39344215       18.8898869       9.82477951    
        5160   9.36065578       18.8254204       9.84813595    
        5220   9.32786846       18.7621574       9.86940002    
        5280   9.29508209       18.6994553       9.88228226    
        5340   9.26229477       18.6352291       9.88726521    
        5400   9.22950840       18.5647793       9.88139629    
        5460   9.19672108       18.4861164       9.87161064    
        5520   9.18032742       18.4007683       9.86246586    
        5580   9.14754105       18.3101768       9.85507488    
        5640   9.11475372       18.2168312       9.85557461    
        5700   9.08196735       18.1236744       9.85254955    
        5760   9.06557369       18.0350857       9.84144020    
        5820   9.06557369       17.9527359       9.81890202    
        5880   9.04918003       17.8715668       9.79244995    
        5940   9.03278732       17.7853165       9.77024651    
        6000   9.01639366       17.6932449       9.75541401    
        6060   9.01639366       17.5994682       9.75323582    
        6120   8.98360634       17.5097771       9.76099682    
        6180   8.95081997       17.4282169       9.77886677    
        6240   8.95081997       17.3598766       9.80524635    
        6300   8.93442631       17.3070068       9.83900261    
        6360   8.93442631       17.2674389       9.88092995    
        6420   8.90163898       17.2389507       9.92885017    
        6480   8.88524628       17.2205544       9.98071861    
        6540   8.86885262       17.2111168       10.0286760    
        6600   8.86885262       17.2079487       10.0669765    
        6660   8.86885262       17.2062836       10.0990171    
        6720   8.86885262       17.2006168       10.1286087    
        6780   8.85245895       17.1903324       10.1582375    
        6840   8.83606529       17.1775646       10.1900692    
        6900   8.83606529       17.1636333       10.2257376    
        6960   8.83606529       17.1511421       10.2663212    
        7020   8.83606529       17.1435089       10.3131847    
        7080   8.81967258       17.1420364       10.3653183    
        7140   8.80327892       17.1469269       10.4169283    
        7200   8.80327892       17.1576729       8.81824970    
        7260   8.80327892       17.1726055       8.81626034    
        7320   8.80327892       17.1887207       8.81368828    
        7380   8.77049160       17.2038403       8.81392193    
        7440   8.75409794       17.2181282       8.81300259    
        7500   8.73770523       17.2324696       8.80974102    
        7560   8.70491791       17.2474899       8.81126690    
        7620   8.67213154       17.2633934       8.81880665    
        7680   8.65573788       17.2801571       8.83142090    
        7740   8.63934422       17.2985306       8.84617424    
        7800   8.59016418       17.3182335       8.85754013    
        7860   8.57377052       17.3392735       8.86203098    
        7920   8.54098320       17.3618069       8.85929203    
        7980   8.50819683       17.3815479       8.85499191    
        8040   8.47540951       17.3959694       8.84150219    
        8100   8.44262314       17.4044933       8.82274914    
        8160   8.40983582       17.4068737       8.80351162    
        8220   8.39344215       17.4043007       8.79215527    
        8280   8.37704945       17.4007511       8.79083538    
        8340   8.36065578       17.4004822       8.78820133    
        8400   8.34426212       17.4063969       8.78501701    
        8460   8.32786846       17.4164009       8.77886581    
        8520   8.31147575       17.4263210       8.77663040    
        8580   8.29508209       17.4343185       8.77205181    
        8640   8.27868843       17.4414120       8.76153374    
        8700   8.26229477       17.4485893       8.74898529    
        8760   8.26229477       17.4547157       8.73763180    
        8820   8.22950840       17.4581814       8.73639488    
        8880   8.21311474       17.4598904       8.74067116    
        8940   8.19672108       17.4643745       8.75172329    
        9000   8.18032742       17.4768963       8.76808739    
        9060   8.16393471       17.4984169       8.79035664    
        9120   8.14754105       17.5277748       8.81701469    
        9180   8.13114738       17.5634270       8.84271431    
        9240   8.11475372       17.6019955       8.86539650    
        9300   8.13114738       17.6403351       8.88202763    
        9360   8.14754105       17.6767235       8.89632511    
        9420   8.14754105       17.7100334       8.91040421    
        9480   8.14754105       17.7398281       8.92628765    
        9540   8.14754105       17.7670288       8.94313622    
        9600   8.14754105       17.7927551       8.95869064    
        9660   8.14754105       17.8181076       8.97205162    
        9720   8.14754105       17.8431282       8.97874451    
        9780   8.16393471       17.8654919       8.97900581    
        9840   8.18032742       17.8811684       8.97655487    
        9900   8.18032742       17.8894787       8.97375107    
        9960   8.19672108       17.8934956       8.97265911    
       10020   8.19672108       17.8961887       8.97188282    
       10080   8.21311474       17.8986168       8.97051239    
       10140   8.22950840       17.9005032       8.96774197    
       10200   8.24590206       17.9014778       8.96366692    
       10260   8.26229477       17.9012814       8.96104336    
       10320   8.27868843       17.8992443       8.96049595    
       10380   8.27868843       17.8956089       8.96044445    
       10440   8.29508209       17.8921318       8.96020222    
       10500   8.31147575       17.8895721       8.96052456    
       10560   8.32786846       17.8871040       8.96381283    
       10620   8.34426212       17.8835697       8.96915817    
       10680   8.36065578       17.8794346       8.97453499    
       10740   8.37704945       17.8761101       8.97810745    
       10800   8.39344215       17.8734531       8.42271614    
       10860   8.40983582       17.8699741       8.44056606    
       10920   8.42622948       17.8659992       8.46073246    
       10980   8.44262314       17.8625908       8.48013687    
       11040   8.45901680       17.8598251       8.50093651    
       11100   8.47540951       17.8577366       8.52564335    
       11160   8.49180317       17.8565025       8.55196476    
       11220   8.50819683       17.8561058       8.58359623    
       11280   8.52459049       17.8568993       8.61565018    
       11340   8.54098320       17.8596287       8.64544201    
       11400   8.54098320       17.8646717       8.67042065    
       11460   8.55737686       17.8703346       8.69622612    
       11520   8.55737686       17.8741722       8.72471333    
       11580   8.55737686       17.8762245       8.75249481    
       11640   8.55737686       17.8779202       8.78052616    
       11700   8.55737686       17.8801975       8.81214714    
       11760   8.57377052       17.8831806       8.85155582    
       11820   8.59016418       17.8870049       8.89915371    
       11880   8.59016418       17.8933506       8.94830608    
       11940   8.59016418       17.9051208       8.99344158    
       12000   8.59016418       17.9235554       9.03534031    
       12060   8.59016418       17.9452477       9.07546329    
       12120   8.59016418       17.9651241       9.11491203    
       12180   8.57377052       17.9807396       9.15309525    
       12240   8.57377052       17.9918289       9.19308662    
       12300   8.57377052       18.0002880       9.23455906    
       12360   8.57377052       18.0082684       9.27589321    
       12420   8.55737686       18.0168476       9.31834793    
       12480   8.57377052       18.0253849       9.36093712    
       12540   8.57377052       18.0321960       9.40282059    
       12600   8.57377052       18.0371494       9.44277859    
       12660   8.57377052       18.0426064       9.48321724    
       12720   8.57377052       18.0496330       9.52709293    
       12780   8.55737686       18.0559139       9.57446671    
       12840   8.55737686       18.0615768       9.62247086    
       12900   8.55737686       18.0694313       9.67009735    
       12960   8.50819683       18.0811577       9.71699238    
       13020   8.49180317       18.0959873       9.76334763    
       13080   8.47540951       18.1119461       9.81066132    
       13140   8.45901680       18.1280384       9.85942650    
       13200   8.42622948       18.1438599       9.90870571    
       13260   8.40983582       18.1594963       9.95736217    
       13320   8.39344215       18.1755219       10.0044785    
       13380   8.37704945       18.1915569       10.0503120    
       13440   8.36065578       18.2065697       10.0946407    
       13500   8.32786846       18.2206707       10.1372070    
       13560   8.29508209       18.2343521       10.1779680    
       13620   8.26229477       18.2477074       10.2174940    
       13680   8.24590206       18.2599220       10.2576418    
       13740   8.21311474       18.2706318       10.2974520    
       13800   8.18032742       18.2802582       10.3351793    
       13860   8.14754105       18.2903652       10.3675299    
       13920   8.11475372       18.3014526       10.3862572    
       13980   8.08196735       18.3115616       10.3872519    
       14040   8.04918003       18.3179588       10.3836231    
       14100   8.01639366       18.3149700       10.3820410    
       14160   7.98360634       18.2950821       10.3809872    
       14220   7.95081949       18.2642975       10.3779554    
       14280   7.91803265       18.2325726       10.3732157    
       14340   7.88524580       18.2007504       10.3696175    
       14400   7.85245895       18.1676083       7.75895500    
       14460   7.81967211       18.1330013       7.73311853    
       14520   7.78688526       18.0990658       7.70814419    
       14580   7.75409842       18.0684719       7.68706417    
       14640   7.72131157       18.0417976       7.67196751    
       14700   7.68852472       18.0184822       7.65897846    
       14760   7.65573788       17.9980488       7.64714146    
       14820   7.62295103       17.9800797       7.63700294    
       14880   7.59016371       17.9641323       7.62088823    
       14940   7.55737686       17.9482327       7.60165977    
       15000   7.52459002       17.9297905       7.58141422    
       15060   7.50819683       17.9072990       7.56142521    
       15120   7.49180317       17.8808422       7.53569317    
       15180   7.47540998       17.8512383       7.51032591    
       15240   7.45901632       17.8193436       7.48598766    
       15300   7.44262314       17.7859688       7.46159840    
       15360   7.42622948       17.7521172       7.43585205    
       15420   7.39344263       17.7187634       7.40343857    
       15480   7.36065578       17.6849670       7.36773586    
       15540   7.32786894       17.6476269       7.33192492    
       15600   7.29508209       17.6049862       7.30346060    
       15660   7.26229525       17.5600739       7.27925396    
       15720   7.21311474       17.5173798       7.25779247    
       15780   7.18032789       17.4789047       7.23829222    
       15840   7.16393423       17.4445858       7.21986389    
       15900   7.13114738       17.4123802       7.20231915    
       15960   7.09836054       17.3803444       7.18358374    
       16020   7.06557369       17.3471851       7.16462755    
       16080   7.03278685       17.3125648       7.14250708    
       16140   7.00000000       17.2769737       7.11675453    
       16200   6.96721315       17.2396069       7.08805275    
       16260   6.93442631       17.1983929       7.05887604    
       16320   6.90163946       17.1527157       7.02854347    
       16380   6.86885262       17.1052208       6.99401283    
       16440   6.85245895       17.0565166       6.95534754    
       16500   6.81967211       17.0040207       6.91360664    
       16560   6.78688526       16.9457760       6.87089825    
       16620   6.77049160       16.8825245       6.83004856    
       16680   6.75409842       16.8165131       6.79270840    
       16740   6.72131157       16.7498665       6.75725365    
       16800   6.68852472       16.6838684       6.72088385    
       16860   6.67213106       16.6186962       6.68503666    
       16920   6.63934422       16.5531597       6.65029240    
       16980   6.60655737       16.4868641       6.61674833    
       17040   6.57377052       16.4208794       6.58538437    
       17100   6.54098368       16.3553238       6.55566835    
       17160   6.52459002       16.2907257       6.52717066    
       17220   6.50819683       16.2284031       6.50024843    
       17280   6.49180317       16.1689243       6.47416401    
       17340   6.45901632       16.1116810       6.44740868    
       17400   6.44262314       16.0557404       6.42062807    
       17460   6.42622948       15.9993391       6.39620972    
       17520   6.40983629       15.9420586       6.37742615    
       17580   6.39344263       15.8860226       6.37171841    
       17640   6.37704897       15.8336430       6.38337994    
       17700   6.36065578       15.7902155       6.39993763    
       17760   6.34426212       15.7635059       6.41595840    
       17820   6.32786894       15.7481833       6.43174028    
       17880   6.31147528       15.7336254       6.44837761    
       17940   6.29508209       15.7181654       6.46502686    
       18000   6.27868843       15.7029800       6.22925138    
       18060   6.26229525       15.6885719       6.20400143    
       18120   6.24590158       15.6731720       6.17625237    
       18180   6.22950840       15.6542377       6.14713383    
       18240   6.21311474       15.6310673       6.11294079    
       18300   6.19672108       15.6041737       6.07290363    
       18360   6.18032789       15.5735121       6.02913618    
       18420   6.16393423       15.5381269       5.98666239    
       18480   6.14754105       15.4969034       5.94405651    
       18540   6.13114738       15.4513540       5.90164089    
       18600   6.11475420       15.4056931       5.86191607    
       18660   6.09836054       15.3626385       5.82097530    
       18720   6.09836054       15.3206549       5.78001022    
       18780   6.09836054       15.2789907       5.74189472    
       18840   6.09836054       15.2374525       5.70293474    
       18900   6.09836054       15.1958923       5.66507387    
       18960   6.09836054       15.1543179       5.62794781    
       19020   6.09836054       15.1121435       5.59235144    
       19080   6.11475420       15.0690956       5.55660772    
       19140   6.14754105       15.0261879       5.52207375    
       19200   6.19672108       14.9836349       5.49012709    
       19260   6.22950840       14.9406338       5.45817280    
       19320   6.27868843       14.8978443       5.43007374    
       19380   6.32786894       14.8567772       5.40376997    
       19440   6.37704897       14.8178473       5.37854481    
       19500   6.39344263       14.7810841       5.35175753    
       19560   6.42622948       14.7464914       5.32427835    
       19620   6.47540998       14.7138138       5.30175161    
       19680   6.52459002       14.6819782       5.28392601    
       19740   6.60655737       14.6501675       5.26903915    
       19800   6.67213106       14.6197920       5.25284576    
       19860   6.72131157       14.5934734       5.23683977    
       19920   6.80327892       14.5707359       5.22170687    
       19980   6.88524580       14.5491285       5.20531940    
       20040   6.91803265       14.5273714       5.18867207    
       20100   6.93442631       14.5063677       5.17278290    
       20160   6.96721315       14.4859409       5.16119194    
       20220   7.01639366       14.4655313       5.15431023    
       20280   7.06557369       14.4462776       5.15003729    
       20340   7.08196735       14.4300013       5.14588165    
       20400   7.11475420       14.4180450       5.14256954    
       20460   7.14754105       14.4093618       5.14232779    
       20520   7.18032789       14.4015741       5.14405107    
       20580   7.22950840       14.3939323       5.14707470    
       20640   7.26229525       14.3871660       5.15025711    
       20700   7.29508209       14.3814373       5.15163374    
       20760   7.31147528       14.3764610       5.15061522    
       20820   7.32786894       14.3711472       5.14634657    
       20880   7.36065578       14.3651972       5.14149761    
       20940   7.39344263       14.3580465       5.13822651    
       21000   7.40983629       14.3479958       5.13769293    
       21060   7.42622948       14.3353357       5.13930559    
       21120   7.44262314       14.3229504       5.14069605    
       21180   7.45901632       14.3127842       5.14222288    
       21240   7.49180317       14.3049746       5.14519739    
       21300   7.54098368       14.2975607       5.15059090    
       21360   7.59016371       14.2896214       5.15642071    
       21420   7.62295103       14.2819796       5.15920162    
       21480   7.65573788       14.2756491       5.15873241    
       21540   7.68852472       14.2695856       5.15678501    
       21600   7.72131157       14.2609234       7.77341795    
       21660   7.75409842       14.2481356       7.80781984    
       21720   7.78688526       14.2327671       7.84156847    
       21780   7.81967211       14.2178946       7.87276077    
       21840   7.85245895       14.2060490       7.90143681    
       21900   7.90163946       14.1969643       7.93605185    
       21960   7.95081949       14.1887865       7.97300005    
       22020   8.00000000       14.1812572       8.00498486    
       22080   8.04918003       14.1760187       8.03128242    
       22140   8.08196735       14.1728611       8.05421448    
       22200   8.11475372       14.1674776       8.07708931    
       22260   8.14754105       14.1569862       8.09416103    
       22320   8.18032742       14.1441927       8.10699940    
       22380   8.19672108       14.1311893       8.12056065    
       22440   8.21311474       14.1174688       8.14304161    
       22500   8.22950840       14.1017723       8.17068291    
       22560   8.24590206       14.0854454       8.19756699    
       22620   8.26229477       14.0743847       8.22528076    
       22680   8.27868843       14.0721283       8.25442219    
       22740   8.29508209       14.0759068       8.28665257    
       22800   8.29508209       14.0833311       8.31535530    
       22860   8.27868843       14.0924988       8.33881092    
       22920   8.27868843       14.1018229       8.35388088    
       22980   8.26229477       14.1100693       8.36174202    
       23040   8.26229477       14.1153040       8.36832237    
       23100   8.22950840       14.1150780       8.37516975    
       23160   8.22950840       14.1091032       8.38451385    
       23220   8.21311474       14.0993500       8.39287853    
       23280   8.18032742       14.0891190       8.39547443    
       23340   8.14754105       14.0819750       8.39266109    
       23400   8.08196735       14.0751867       8.39051437    
       23460   8.03278732       14.0635233       8.39306736    
       23520   8.00000000       14.0473919       8.39772797    
       23580   7.93442631       14.0315876       8.40266132    
       23640   7.85245895       14.0197287       8.40915775    
       23700   7.81967211       14.0101728       8.41650391    
       23760   7.80327892       14.0023317       8.42362690    
       23820   7.77049160       13.9969692       8.43029213    
       23880   7.72131157       13.9930830       8.43507099    
       23940   7.67213106       13.9882030       8.43833542    
       24000   7.63934422       13.9806309       8.44112492    
       24060   7.60655737       13.9712391       8.44292927    
       24120   7.57377052       13.9618769       8.44421482    
       24180   7.54098368       13.9530506       8.44521809    
       24240   7.49180317       13.9429255       8.44558716    
       24300   7.45901632       13.9315586       8.44456863    
       24360   7.42622948       13.9201546       8.44151974    
       24420   7.40983629       13.9086542       8.43822479    
       24480   7.39344263       13.8975172       8.43867588    
       24540   7.36065578       13.8869362       8.44139576    
       24600   7.32786894       13.8780441       8.44305229    
       24660   7.31147528       13.8716955       8.44176960    
       24720   7.29508209       13.8661518       8.43843842    
       24780   7.27868843       13.8594551       8.43691730    
       24840   7.26229525       13.8509216       8.43691349    
       24900   7.22950840       13.8418417       8.43550014    
       24960   7.18032789       13.8338432       8.43031311    
       25020   7.13114738       13.8275442       8.42328835    
       25080   7.09836054       13.8206921       8.41859436    
       25140   7.06557369       13.8115091       8.41713619    
       25200   7.04918051       13.8014526       6.97935963    
       25260   7.01639366       13.7929277       6.94973183    
       25320   6.98360634       13.7865362       6.91647148    
       25380   6.95081949       13.7806664       6.87993479    
       25440   6.93442631       13.7735701       6.84244728    
       25500   6.91803265       13.7637606       6.80845356    
       25560   6.88524580       13.7506514       6.77120733    
       25620   6.85245895       13.7351379       6.73582363    
       25680   6.83606577       13.7181139       6.70661211    
       25740   6.81967211       13.7021475       6.67879438    
       25800   6.81967211       13.6899548       6.65157843    
       25860   6.81967211       13.6810379       6.62080240    
       25920   6.81967211       13.6736164       6.59300756    
       25980   6.81967211       13.6659994       6.56612206    
       26040   6.81967211       13.6574945       6.53604841    
       26100   6.81967211       13.6481867       6.49570847    
       26160   6.81967211       13.6361923       6.44956636    
       26220   6.81967211       13.6164532       6.40645027    
       26280   6.81967211       13.5866995       6.36372662    
       26340   6.83606577       13.5504589       6.32179594    
       26400   6.85245895       13.5114107       6.27945328    
       26460   6.85245895       13.4727154       6.24117088    
       26520   6.85245895       13.4357395       6.20969343    
       26580   6.85245895       13.4007950       6.18569994    
       26640   6.85245895       13.3692856       6.16668510    
       26700   6.85245895       13.3432579       6.14816856    
       26760   6.86885262       13.3228207       6.13130713    
       26820   6.88524580       13.3057642       6.11497164    
       26880   6.90163946       13.2895021       6.09981632    
       26940   6.91803265       13.2717609       6.08864403    
       27000   6.93442631       13.2543955       6.07839918    
       27060   6.95081949       13.2384548       6.06591988    
       27120   6.96721315       13.2236071       6.05094242    
       27180   6.98360634       13.2082319       6.03390503    
       27240   7.00000000       13.1903801       6.01604652    
       27300   7.04918051       13.1708765       5.99736071    
       27360   7.09836054       13.1504688       5.98021173    
       27420   7.13114738       13.1288862       5.96419668    
       27480   7.18032789       13.1059685       5.94718075    
       27540   7.21311474       13.0821075       5.93057632    
       27600   7.24590158       13.0579929       5.91363811    
       27660   7.27868843       13.0339937       5.89870548    
       27720   7.31147528       13.0097828       5.88393545    
       27780   7.34426212       12.9848576       5.86690521    
       27840   7.37704897       12.9593964       5.84700918    
       27900   7.40983629       12.9326277       5.82484579    
       27960   7.44262314       12.9031925       5.80360460    
       28020   7.47540998       12.8712301       5.78523874    
       28080   7.50819683       12.8372173       5.77281380    
       28140   7.54098368       12.8033419       5.76534271    
       28200   7.57377052       12.7718821       5.76022291    
       28260   7.60655737       12.7438297       5.75587893    
       28320   7.63934422       12.7198801       5.75088453    
       28380   7.67213106       12.6994467       5.74677849    
       28440   7.70491791       12.6805611       5.74299002    
       28500   7.73770475       12.6615248       5.74008989    
       28560   7.77049160       12.6413679       5.73935318    
       28620   7.80327892       12.6203108       5.74101067    
       28680   7.83606577       12.6000376       5.74449492    
       28740   7.86885262       12.5821161       5.74822903    
       28800   7.90163946       12.5666161       7.93603849    
       28860   7.91803265       12.5520782       7.96704721    
       28920   7.95081949       12.5370255       7.99503708    
       28980   7.98360634       12.5211105       8.02175140    
       29040   8.03278732       12.5040140       8.05060482    
       29100   8.04918003       12.4870186       8.08169842    
       29160   8.06557369       12.4723482       8.11136055    
       29220   8.08196735       12.4604111       8.13908482    
       29280   8.09836102       12.4501295       8.16379833    
       29340   8.09836102       12.4390411       8.18611050    
       29400   8.09836102       12.4259682       8.20857716    
       29460   8.09836102       12.4123030       8.23249340    
       29520   8.09836102       12.3989353       8.26122856    
       29580   8.09836102       12.3864584       8.29103184    
       29640   8.09836102       12.3762589       8.32522964    
       29700   8.09836102       12.3694124       8.36068726    
       29760   8.09836102       12.3662462       8.39778614    
       29820   8.09836102       12.3664064       8.43595982    
       29880   8.09836102       12.3688736       8.47043991    
       29940   8.09836102       12.3724298       8.50385857    
       30000   8.08196735       12.3758926       8.53471851    
       30060   8.06557369       12.3784809       8.56358624    
       30120   8.06557369       12.3800278       8.58897877    
       30180   8.06557369       12.3807402       8.60990047    
       30240   8.06557369       12.3800421       8.62927914    
       30300   8.08196735       12.3770647       8.64781952    
       30360   8.09836102       12.3723240       8.66494274    
       30420   8.11475372       12.3669138       8.67886925    
       30480   8.13114738       12.3612947       8.69086361    
       30540   8.14754105       12.3542690       8.70236492    
       30600   8.18032742       12.3449507       8.71196079    
       30660   8.21311474       12.3352709       8.72105789    
       30720   8.24590206       12.3261566       8.73010921    
       30780   8.27868843       12.3170681       8.73880196    
       30840   8.31147575       12.3076305       8.74845505    
       30900   8.34426212       12.2984171       8.75860023    
       30960   8.36065578       12.2906904       8.76999950    
       31020   8.37704945       12.2850857       8.78069019    
       31080   8.40983582       12.2812395       8.79110050    
       31140   8.42622948       12.2788668       8.80155087    
       31200   8.45901680       12.2773809       8.81171322    
       31260   8.49180317       12.2759390       8.82262325    
       31320   8.52459049       12.2746401       8.83198929    
       31380   8.55737686       12.2738123       8.84105873    
       31440   8.59016418       12.2736244       8.84986019    
       31500   8.62295055       12.2739534       8.85894299    
       31560   8.65573788       12.2747459       8.86877632    
       31620   8.68852425       12.2760172       8.87778378    
       31680   8.72131157       12.2775278       8.88638973    
       31740   8.75409794       12.2792902       8.89191723    
       31800   8.78688526       12.2811499       8.89326000    
       31860   8.81967258       12.2817221       8.89158535    
       31920   8.85245895       12.2792330       8.88949108    
       31980   8.88524628       12.2737141       8.88914204    
       32040   8.93442631       12.2671671       8.88909245    
       32100   8.96721268       12.2616940       8.88824558    
       32160   9.01639366       12.2579460       8.88605213    
       32220   9.06557369       12.2543201       8.88369751    
       32280   9.11475372       12.2496500       8.88194466    
       32340   9.16393471       12.2441435       8.88065624    
       32400   9.21311474       12.2389565       9.27552986    
       32460   9.24590206       12.2350988       9.30777836    
       32520   9.27868843       12.2319927       9.33900166    
       32580   9.31147575       12.2286091       9.37081432    
       32640   9.36065578       12.2247524       9.40499401    
       32700   9.39344215       12.2209234       9.43733120    
       32760   9.42622948       12.2177610       9.47164726    
       32820   9.45901680       12.2153072       9.50716400    
       32880   9.49180317       12.2131281       9.54257679    
       32940   9.52459049       12.2109118       9.57797527    
       33000   9.55737686       12.2086630       9.61364841    
       33060   9.59016418       12.2066526       9.64990425    
       33120   9.62295055       12.2052679       9.68410683    
       33180   9.65573788       12.2045517       9.71467018    
       33240   9.68852425       12.2041264       9.74282169    
       33300   9.72131157       12.2034912       9.76787663    
       33360   9.75409794       12.2022591       9.79263401    
       33420   9.80327892       12.2000513       9.81546497    
       33480   9.85245895       12.1966467       9.83436108    
       33540   9.90163898       12.1921177       9.85298443    
       33600   9.95081997       12.1866055       9.86983204    
       33660   10.0000000       12.1802177       9.88603592    
       33720   10.0491800       12.1729717       9.90196133    
       33780   10.0983610       12.1644993       9.91867924    
       33840   10.1475410       12.1553507       9.93490696    
       33900   10.1967211       12.1465368       9.95115376    
       33960   10.2295084       12.1381359       9.96916008    
       34020   10.2459021       12.1305771       9.98648930    
       34080   10.2786884       12.1242485       10.0041656    
       34140   10.3114758       12.1194859       10.0213184    
       34200   10.3442621       12.1160707       10.0395126    
       34260   10.3606558       12.1132364       10.0583067    
       34320   10.3770494       12.1108818       10.0784359    
       34380   10.3934422       12.1096544       10.0989332    
       34440   10.4098358       12.1100311       10.1185160    
       34500   10.4262295       12.1116686       10.1398792    
       34560   10.4426231       12.1138182       10.1614285    
       34620   10.4590168       12.1162405       10.1825066    
       34680   10.4754095       12.1193438       10.2028732    
       34740   10.4918032       12.1233664       10.2225361    
       34800   10.5081968       12.1281281       10.2420855    
       34860   10.5245905       12.1334295       10.2607803    
       34920   10.5409832       12.1390123       10.2783680    
       34980   10.5737705       12.1446934       10.2944031    
       35040   10.6065578       12.1503477       10.3095274    
       35100   10.6393442       12.1559935       10.3246517    
       35160   10.6721315       12.1617088       10.3398151    
       35220   10.7049179       12.1676331       10.3541546    
       35280   10.7377052       12.1739492       10.3673573    
       35340   10.7704916       12.1802082       10.3794155    
       35400   10.8032789       12.1858282       10.3907137    
       35460   10.8360653       12.1906929       10.4014750    
       35520   10.8688526       12.1948280       10.4119520    
       35580   10.9016390       12.1986570       10.4218693    
       35640   10.9344263       12.2026997       10.4314680    
       35700   10.9508200       12.2071638       10.4407759    
       35760   10.9836063       12.2118168       10.4494724    
       35820   11.0000000       12.2165508       10.4577065    
       35880   11.0163937       12.2214394       10.4646196    
       35940   11.0327873       12.2264709       10.4704428    
       36000   11.0491800       12.2312479       11.1014872    
       36060   11.0655737       12.2354126       11.1296206    
       36120   11.0983610       12.2390795       11.1556549    
       36180   11.1311474       12.2424479       11.1779680    
       36240   11.1639347       12.2455683       11.1990252    
       36300   11.1803274       12.2483835       11.2194138    
       36360   11.1967211       12.2509050       11.2413454    
       36420   11.2295084       12.2533207       11.2605858    
       36480   11.2622948       12.2559376       11.2779207    
       36540   11.2950821       12.2589903       11.2945766    
       36600   11.3114758       12.2625628       11.3111029    
       36660   11.3278685       12.2665892       11.3277550    
       36720   11.3442621       12.2709141       11.3432474    
       36780   11.3606558       12.2754774       11.3586750    
       36840   11.3770494       12.2802992       11.3749762    
       36900   11.4098358       12.2856216       11.3932037    
       36960   11.4426231       12.2919121       11.4120846    
       37020   11.4754095       12.2995224       11.4302340    
       37080   11.4918032       12.3084288       11.4483061    
       37140   11.5081968       12.3182001       11.4683428    
       37200   11.5245905       12.3285236       11.4890127    
       37260   11.5245905       12.3394594       11.5096836    
       37320   11.5245905       12.3510780       11.5301170    
       37380   11.5409832       12.3634014       11.5497379    
       37440   11.5409832       12.3762770       11.5691910    
       37500   11.5409832       12.3896008       11.5899286    
       37560   11.5573769       12.4032631       11.6103649    
       37620   11.5737705       12.4169636       11.6295280    
       37680   11.6229506       12.4307127       11.6495647    
       37740   11.6557379       12.4445515       11.6696501    
       37800   11.7049179       12.4585075       11.6898794    
       37860   11.7540979       12.4726105       11.7090235    
       37920   11.7868853       12.4868898       11.7276583    
       37980   11.8360653       12.5012169       11.7448282    
       38040   11.8688526       12.5152407       11.7608452    
       38100   11.8852463       12.5287685       11.7763281    
       38160   11.9016390       12.5417042       11.7893419    
       38220   11.9016390       12.5540524       11.8017311    
       38280   11.9016390       12.5658779       11.8140793    
       38340   11.9016390       12.5772333       11.8265877    
       38400   11.9016390       12.5881929       11.8390150    
       38460   11.9180326       12.5988274       11.8506432    
       38520   11.9180326       12.6092186       11.8620291    
       38580   11.9180326       12.6194906       11.8739223    
       38640   11.9016390       12.6298037       11.8868818    
       38700   11.8852463       12.6403332       11.9006939    
       38760   11.8688526       12.6512432       11.9148922    
       38820   11.8524590       12.6627808       11.9295855    
       38880   11.8360653       12.6752167       11.9453669    
       38940   11.8196726       12.6887159       11.9624033    
       39000   11.8032789       12.7032948       11.9805384    
       39060   11.7868853       12.7189741       11.9993229    
       39120   11.7704916       12.7358484       12.0184259    
       39180   11.7540979       12.7540197       12.0376263    
       39240   11.7377052       12.7734451       12.0565033    
       39300   11.7213116       12.7938375       12.0743275    
       39360   11.7213116       12.8146906       12.0914135    
       39420   11.7377052       12.8354006       12.1085873    
       39480   11.7540979       12.8555269       12.1265125    
       39540   11.7704916       12.8749828       12.1457682    
       39600   11.7868853       12.8941603       11.8093996    
       39660   11.7868853       12.9137335       11.8104334    
       39720   11.7868853       12.9343920       11.8145151    
       39780   11.7868853       12.9566603       11.8201313    
       39840   11.7868853       12.9808807       11.8281670    
       39900   11.7868853       13.0070858       11.8369570    
       39960   11.7868853       13.0348606       11.8438625    
       40020   11.7868853       13.0633087       11.8501387    
       40080   11.8032789       13.0912170       11.8537788    
       40140   11.8196726       13.1174507       11.8589334    
       40200   11.8360653       13.1411428       11.8635836    
       40260   11.8688526       13.1620321       11.8657818    
       40320   11.9016390       13.1803522       11.8677731    
       40380   11.9344263       13.1967402       11.8670034    
       40440   11.9672127       13.2119074       11.8665457    
       40500   12.0000000       13.2264662       11.8662596    
       40560   12.0327873       13.2408628       11.8647051    
       40620   12.0655737       13.2553682       11.8643503    
       40680   12.0983610       13.2701750       11.8629532    
       40740   12.1311474       13.2854080       11.8634987    
       40800   12.1475410       13.3011274       11.8647108    
       40860   12.1639347       13.3173656       11.8665113    
       40920   12.2131147       13.3342218       11.8724356    
       40980   12.2459021       13.3519058       11.8805408    
       41040   12.2786884       13.3706884       11.8910751    
       41100   12.3278685       13.3907871       11.9030952    
       41160   12.3770494       13.4123755       11.9167366    
       41220   12.4098358       13.4356098       11.9310274    
       41280   12.4426231       13.4605103       11.9458847    
       41340   12.4426231       13.4867201       11.9614773    
       41400   12.4262295       13.5136642       11.9748297    
       41460   12.3770494       13.5410957       11.9867945    
       41520   12.3278685       13.5684834       11.9995413    
       41580   12.3114758       13.5948477       12.0150051    
       41640   12.2950821       13.6199245       12.0337925    
       41700   12.2950821       13.6444550       12.0547686    
       41760   12.3278685       13.6695395       12.0767221    
       41820   12.3606558       13.6959753       12.0969992    
       41880   12.3934422       13.7238264       12.1162033    
       41940   12.4262295       13.7522850       12.1348486    
       42000   12.4590168       13.7798681       12.1531210    
       42060   12.4754095       13.8054018       12.1717768    
       42120   12.4754095       13.8290024       12.1898489    
       42180   12.4918032       13.8515854       12.2081623    
       42240   12.5245905       13.8736897       12.2259274    
       42300   12.5573769       13.8955469       12.2435837    
       42360   12.5901642       13.9171515       12.2615023    
       42420   12.6229506       13.9383602       12.2792215    
       42480   12.6393442       13.9590464       12.2973242    
       42540   12.6557379       13.9791250       12.3150396    
       42600   12.6557379       13.9984999       12.3326588    
       42660   12.6721315       14.0170574       12.3499022    
       42720   12.6885242       14.0347290       12.3669910    
       42780   12.7049179       14.0515604       12.3847990    
       42840   12.7377052       14.0677719       12.4032583    
       42900   12.7704916       14.0837545       12.4228601    
       42960   12.8032789       14.1000357       12.4432878    
       43020   12.8360653       14.1171894       12.4644909    
       43080   12.8524590       14.1355963       12.4854822    
       43140   12.8688526       14.1551304       12.5044212    
       43200   12.8852463       14.1750851       12.9485712    
       43260   12.9016390       14.1943979       12.9736137    
       43320   12.9344263       14.2118769       12.9991341    
       43380   12.9672127       14.2264128       13.0277309    
       43440   12.9836063       14.2378302       13.0586367    
       43500   13.0000000       14.2476225       13.0928793    
       43560   13.0327873       14.2583456       13.1298285    
       43620   13.0491800       14.2725544       13.1641855    
       43680   13.0819674       14.2916975       13.1968775    
       43740   13.0983610       14.3154745       13.2313919    
       43800   13.1147537       14.3423090       13.2654018    
       43860   13.1311474       14.3702660       13.2989941    
       43920   13.1639347       14.3984385       13.3331795    
       43980   13.1967211       14.4265938       13.3671799    
       44040   13.2295084       14.4545012       13.4039898    
       44100   13.2622948       14.4818621       13.4417086    
       44160   13.2950821       14.5086203       13.4823036    
       44220   13.3114758       14.5351906       13.5252199    
       44280   13.3114758       14.5623035       13.5687332    
       44340   13.3114758       14.5906715       13.6135082    
       44400   13.3114758       14.6207085       13.6572580    
       44460   13.3278685       14.6521988       13.6994677    
       44520   13.3442621       14.6842117       13.7372656    
       44580   13.3442621       14.7153931       13.7703838    
       44640   13.3606558       14.7442770       13.7978373    
       44700   13.3606558       14.7695980       13.8213720    
       44760   13.3606558       14.7906199       13.8419561    
       44820   13.3606558       14.8072042       13.8605261    
       44880   13.3606558       14.8196888       13.8803053    
       44940   13.3606558       14.8290739       13.9015427    
       45000   13.3770494       14.8369274       13.9275913    
       45060   13.4098358       14.8446913       13.9594936    
       45120   13.4590168       14.8541145       13.9973259    
       45180   13.5081968       14.8675013       14.0402136    
       45240   13.5409832       14.8863783       14.0851221    
       45300   13.5573769       14.9105091       14.1311064    
       45360   13.5737705       14.9386091       14.1772232    
       45420   13.5737705       14.9695492       14.2242069    
       45480   13.5737705       15.0026407       14.2738676    
       45540   13.5737705       15.0378141       14.3243685    
       45600   13.5573769       15.0755997       14.3751144    
       45660   13.5573769       15.1161718       14.4250050    
       45720   13.5737705       15.1584158       14.4730349    
       45780   13.5901642       15.2006874       14.5206451    
       45840   13.6065578       15.2421360       14.5673075    
       45900   13.6229506       15.2823792       14.6134529    
       45960   13.6393442       15.3213272       14.6588860    
       46020   13.6557379       15.3591566       14.7037411    
       46080   13.6557379       15.3962221       14.7483463    
       46140   13.6557379       15.4328451       14.7922287    
       46200   13.6393442       15.4692564       14.8362064    
       46260   13.6557379       15.5054169       14.8809586    
       46320   13.6557379       15.5411196       14.9271746    
       46380   13.6557379       15.5766878       14.9750443    
       46440   13.6557379       15.6130180       15.0240898    
       46500   13.6393442       15.6508207       15.0730677    
       46560   13.6229506       15.6904106       15.1214600    
       46620   13.6065578       15.7318077       15.1702709    
       46680   13.5901642       15.7740707       15.2190990    
       46740   13.5901642       15.8164625       15.2668190    
       46800   13.5901642       15.8591614       13.6275558    
       46860   13.5901642       15.9024544       13.6171179    
       46920   13.5901642       15.9460182       13.5982704    
       46980   13.5901642       15.9878187       13.5748892    
       47040   13.5901642       16.0240440       13.5441389    
       47100   13.6065578       16.0516529       13.5082951    
       47160   13.6065578       16.0698166       13.4688263    
       47220   13.5737705       16.0792236       13.4295492    
       47280   13.5409832       16.0816307       13.3990278    
       47340   13.4918032       16.0802135       13.3747492    
       47400   13.4426231       16.0788841       13.3559418    
       47460   13.3934422       16.0808525       13.3399677    
       47520   13.3442621       16.0874615       13.3233500    
       47580   13.2950821       16.0982094       13.3060036    
       47640   13.2295084       16.1117802       13.2855463    
       47700   13.1639347       16.1265678       13.2602472    
       47760   13.0983610       16.1401253       13.2298889    
       47820   13.0327873       16.1496906       13.1961327    
       47880   12.9672127       16.1537914       13.1608124    
       47940   12.9180326       16.1525879       13.1242123    
       48000   12.8852463       16.1470432       13.0895824    
       48060   12.8524590       16.1384697       13.0565062    
       48120   12.8196726       16.1286526       13.0260620    
       48180   12.8032789       16.1193943       13.0020981    
       48240   12.8196726       16.1121025       12.9814720    
       48300   12.8360653       16.1078148       12.9644833    
       48360   12.8524590       16.1071262       12.9478979    
       48420   12.8360653       16.1098251       12.9327030    
       48480   12.8360653       16.1148911       12.9188738    
       48540   12.8688526       16.1209526       12.9019079    
       48600   12.8852463       16.1264839       12.8815775    
       48660   12.9180326       16.1297169       12.8533354    
       48720   12.9508200       16.1290703       12.8194542    
       48780   12.9836063       16.1232357       12.7795963    
       48840   12.9836063       16.1110878       12.7340803    
       48900   13.0000000       16.0919170       12.6858397    
       48960   13.0163937       16.0657864       12.6342001    
       49020   13.0491800       16.0334854       12.5819273    
       49080   13.0983610       15.9963999       12.5289097    
       49140   13.1311474       15.9559860       12.4766445    
       49200   13.1639347       15.9134293       12.4272738    
       49260   13.2131147       15.8698320       12.3811560    
       49320   13.2459021       15.8264179       12.3397961    
       49380   13.2786884       15.7842455       12.3033113    
       49440   13.3114758       15.7440910       12.2725010    
       49500   13.3606558       15.7067442       12.2472830    
       49560   13.3934422       15.6732016       12.2271156    
       49620   13.4262295       15.6442785       12.2112780    
       49680   13.4590168       15.6201086       12.1986227    
       49740   13.5245905       15.6001749       12.1880693    
       49800   13.6065578       15.5836306       12.1772385    
       49860   13.7049179       15.5697594       12.1646299    
       49920   13.7704916       15.5576200       12.1486406    
       49980   13.8360653       15.5454140       12.1290903    
       50040   13.9016390       15.5305481       12.1069403    
       50100   13.9672127       15.5111055       12.0826778    
       50160   14.0491800       15.4867582       12.0581856    
       50220   14.1147537       15.4585247       12.0338068    
       50280   14.1967211       15.4283667       12.0093536    
       50340   14.2622948       15.3975716       11.9853458    
       50400   14.3114758       15.3662691       14.3637762    
       50460   14.3606558       15.3344498       14.4093771    
       50520   14.3934422       15.3031187       14.4665871    
       50580   14.4262295       15.2751236       14.5300961    
       50640   14.4590168       15.2543030       14.5955029    
       50700   14.5081968       15.2422695       14.6653757    
       50760   14.5573769       15.2376509       14.7373886    
       50820   14.6065578       15.2379665       14.8136253    
       50880   14.6721315       15.2408562       14.8884773    
       50940   14.7377052       15.2441301       14.9549656    
       51000   14.8196726       15.2463017       15.0194645    
       51060   14.9016390       15.2467451       15.0799208    
       51120   14.9836063       15.2453480       15.1382837    
       51180   15.0655737       15.2428141       15.1952782    
       51240   15.1475410       15.2401485       15.2518377    
       51300   15.2459021       15.2375631       15.3077888    
       51360   15.3442621       15.2355137       15.3620195    
       51420   15.4426231       15.2345133       15.4164915    
       51480   15.5245905       15.2344398       15.4687548    
       51540   15.6065578       15.2346373       15.5197401    
       51600   15.6885242       15.2344408       15.5689983    
       51660   15.7540979       15.2332230       15.6177530    
       51720   15.8196726       15.2305050       15.6655922    
       51780   15.9016390       15.2263069       15.7125206    
       51840   15.9672127       15.2215137       15.7561884    
       51900   16.0000000       15.2172203       15.7969627    
       51960   16.0327873       15.2141008       15.8377466    
       52020   16.0655746       15.2121153       15.8799801    
       52080   16.1311474       15.2104378       15.9209995    
       52140   16.1803284       15.2087564       15.9582624    
       52200   16.1803284       15.2075806       15.9974365    
       52260   16.2131157       15.2079372       16.0382557    
       52320   16.2131157       15.2107620       16.0837364    
       52380   16.2131157       15.2165165       16.1306782    
       52440   16.1967220       15.2253580       16.1779766    
       52500   16.2295074       15.2374744       16.2267208    
       52560   16.2131157       15.2527428       16.2755604    
       52620   16.2131157       15.2705555       16.3291588    
       52680   16.1967220       15.2904339       16.3840694    
       52740   16.1639347       15.3126993       16.4423504    
       52800   16.1475410       15.3388729       16.5019341    
       52860   16.1311474       15.3701735       16.5594501    
       52920   16.1311474       15.4064436       16.6128483    
       52980   16.1311474       15.4458551       16.6554279    
       53040   16.1475410       15.4860964       16.6872311    
       53100   16.1311474       15.5241880       16.7106133    
       53160   16.0819664       15.5561047       16.7293205    
       53220   16.0327873       15.5780649       16.7443714    
       53280   16.0000000       15.5904646       16.7553978    
       53340   15.9508200       15.5970049       16.7634010    
       53400   15.8852463       15.6006851       16.7697887    
       53460   15.8196726       15.6028728       16.7768841    
       53520   15.7540979       15.6043530       16.7851467    
       53580   15.7049179       15.6060810       16.7952518    
       53640   15.6557379       15.6094780       16.8067818    
       53700   15.6229506       15.6156359       16.8191795    
       53760   15.5901642       15.6247692       16.8324261    
       53820   15.5573769       15.6361618       16.8463078    
       53880   15.5245905       15.6491127       16.8615303    
       53940   15.4590168       15.6635437       16.8781338    
       54000   15.4098358       15.6797056       15.3510075    
       54060   15.3606558       15.6979313       15.3202696    
       54120   15.3278685       15.7182837       15.2848797    
       54180   15.3114758       15.7407503       15.2480917    
       54240   15.2786884       15.7650137       15.2149620    
       54300   15.2459021       15.7910986       15.1870909    
       54360   15.2131147       15.8189268       15.1558542    
       54420   15.1967211       15.8474674       15.1268845    
       54480   15.2131147       15.8758879       15.0933094    
       54540   15.1803274       15.9037952       15.0627756    
       54600   15.1803274       15.9312630       15.0375528    
       54660   15.1475410       15.9594059       15.0084600    
       54720   15.1147537       15.9889364       14.9776583    
       54780   15.0819674       16.0190411       14.9430037    
       54840   15.0491800       16.0485134       14.9110365    
       54900   15.0163937       16.0771904       14.8756704    
       54960   14.9836063       16.1054459       14.8446312    
       55020   14.9508200       16.1336040       14.8192177    
       55080   14.9180326       16.1626472       14.7982559    
       55140   14.9180326       16.1944599       14.7823086    
       55200   14.9180326       16.2295780       14.7674809    
       55260   14.9180326       16.2675228       14.7523146    
       55320   14.9180326       16.3069153       14.7309618    
       55380   14.9016390       16.3455391       14.7099304    
       55440   14.8360653       16.3813763       14.6908979    
       55500   14.7704916       16.4137096       14.6757412    
       55560   14.7213116       16.4431725       14.6631107    
       55620   14.6557379       16.4713039       14.6507673    
       55680   14.5901642       16.5005169       14.6363382    
       55740   14.5409832       16.5321598       14.6226482    
       55800   14.4918032       16.5655041       14.6104383    
       55860   14.4426231       16.5983829       14.5965252    
       55920   14.3770494       16.6286583       14.5821590    
       55980   14.3278685       16.6555805       14.5683174    
       56040   14.2950821       16.6792374       14.5597973    
       56100   14.2622948       16.7001419       14.5526886    
       56160   14.2295084       16.7199211       14.5471640    
       56220   14.2131147       16.7408123       14.5424805    
       56280   14.1803274       16.7633457       14.5368013    
       56340   14.1475410       16.7864990       14.5303764    
       56400   14.1147537       16.8081741       14.5181646    
       56460   14.0819674       16.8265343       14.5034542    
       56520   14.0655737       16.8407917       14.4873047    
       56580   14.0327873       16.8515759       14.4748259    
       56640   14.0163937       16.8600731       14.4706182    
       56700   13.9672127       16.8682404       14.4740438    
       56760   13.9508200       16.8791714       14.4817600    
       56820   13.9508200       16.8962326       14.4885578    
       56880   13.9508200       16.9189777       14.4952421    
       56940   13.9180326       16.9436321       14.5006208    
       57000   13.9016390       16.9670010       14.5055056    
       57060   13.8852463       16.9876537       14.5099573    
       57120   13.8688526       17.0055504       14.5143108    
       57180   13.8688526       17.0213623       14.5188942    
       57240   13.8688526       17.0357265       14.5224218    
       57300   13.8688526       17.0491447       14.5259428    
       57360   13.8360653       17.0613708       14.5294027    
       57420   13.7868853       17.0718002       14.5340567    
       57480   13.7213116       17.0803661       14.5400534    
       57540   13.6885242       17.0879364       14.5474262    
       57600   13.6721315       17.0949478       13.5990086    
       57660   13.6393442       17.1012363       13.5519447    
       57720   13.5901642       17.1073360       13.5059929    
       57780   13.5245905       17.1139393       13.4647474    
       57840   13.4754095       17.1210670       13.4249029    
       57900   13.4426231       17.1279812       13.3885622    
       57960   13.3934422       17.1342182       13.3535376    
       58020   13.3278685       17.1406403       13.3231392    
       58080   13.2459021       17.1485538       13.2924261    
       58140   13.1475410       17.1588993       13.2641840    
       58200   13.0983610       17.1714783       13.2365465    
       58260   13.0327873       17.1843643       13.2107935    
       58320   12.9836063       17.1957283       13.1888113    
       58380   12.9508200       17.2053185       13.1688547    
       58440   12.9180326       17.2138577       13.1489668    
       58500   12.8852463       17.2224693       13.1315832    
       58560   12.8360653       17.2324200       13.1230459    
       58620   12.7868853       17.2450771       13.1185093    
       58680   12.7377052       17.2604370       13.1168909    
       58740   12.6885242       17.2766724       13.1152945    
       58800   12.6229506       17.2927723       13.1161280    
       58860   12.5573769       17.3088055       13.1192112    
       58920   12.5081968       17.3256931       13.1286049    
       58980   12.4590168       17.3449726       13.1449842    
       59040   12.4262295       17.3675060       13.1616344    
       59100   12.4262295       17.3928642       13.1776628    
       59160   12.4262295       17.4196339       13.1891003    
       59220   12.4098358       17.4462585       13.1961231    
       59280   12.4098358       17.4712753       13.2016153    
       59340   12.4098358       17.4933338       13.2113333    
       59400   12.3934422       17.5118217       13.2234983    
       59460   12.3442621       17.5279160       13.2366285    
       59520   12.3114758       17.5439739       13.2478228    
       59580   12.2786884       17.5610447       13.2532148    
       59640   12.2622948       17.5790176       13.2536716    
       59700   12.2459021       17.5955696       13.2517796    
       59760   12.2459021       17.6071968       13.2532444    
       59820   12.2295084       17.6127815       13.2557707    
       59880   12.2295084       17.6140366       13.2575026    
       59940   12.2295084       17.6129951       13.2583647    
       60000   12.2295084       17.6111393       13.2615061    
       60060   12.2295084       17.6097565       13.2712231    
       60120   12.2295084       17.6100864       13.2867413    
       60180   12.2295084       17.6132164       13.3063946    
       60240   12.2295084       17.6197472       13.3275681    
       60300   12.1967211       17.6300354       13.3496189    
       60360   12.1803274       17.6440353       13.3723106    
       60420   12.1639347       17.6604290       13.3953114    
       60480   12.1475410       17.6775417       13.4192057    
       60540   12.1311474       17.6945782       13.4445009    
       60600   12.1311474       17.7115688       13.4719000    
       60660   12.1311474       17.7288227       13.5006838    
       60720   12.1311474       17.7465801       13.5298290    
       60780   12.1311474       17.7647343       13.5595398    
       60840   12.1147537       17.7829094       13.5912199    
       60900   12.0983610       17.8008747       13.6257124    
       60960   12.0819674       17.8191719       13.6618013    
       61020   12.0819674       17.8387375       13.6974840    
       61080   12.0983610       17.8596039       13.7310534    
       61140   12.1147537       17.8803978       13.7624950    
       61200   12.1147537       17.8999329       12.1276712    
       61260   12.1147537       17.9177532       12.1261730    
       61320   12.1147537       17.9330769       12.1237650    
       61380   12.1311474       17.9450951       12.1203222    
       61440   12.1475410       17.9540806       12.1175957    
       61500   12.1475410       17.9608593       12.1180220    
       61560   12.1475410       17.9660702       12.1180344    
       61620   12.1639347       17.9698772       12.1151648    
       61680   12.1639347       17.9718742       12.1099606    
       61740   12.1639347       17.9715900       12.1036921    
       61800   12.1639347       17.9688511       12.0973396    
       61860   12.1639347       17.9638557       12.0902672    
       61920   12.1639347       17.9569244       12.0816441    
       61980   12.1639347       17.9482594       12.0729179    
       62040   12.1475410       17.9380474       12.0648241    
       62100   12.1311474       17.9266243       12.0604267    
       62160   12.1147537       17.9145069       12.0574808    
       62220   12.0983610       17.9019966       12.0525522    
       62280   12.0655737       17.8891163       12.0463581    
       62340   12.0327873       17.8755131       12.0397758    
       62400   12.0000000       17.8607368       12.0343895    
       62460   11.9672127       17.8445587       12.0260201    
       62520   11.9344263       17.8269234       12.0156193    
       62580   11.8852463       17.8078842       12.0026646    
       62640   11.8360653       17.7874718       11.9889822    
       62700   11.7868853       17.7655792       11.9759464    
       62760   11.7377052       17.7421513       11.9618502    
       62820   11.6885242       17.7173767       11.9498014    
       62880   11.6393442       17.6918392       11.9406490    
       62940   11.5901642       17.6667461       11.9348698    
       63000   11.5409832       17.6435719       11.9434805    
       63060   11.4918032       17.6228218       11.9519215    
       63120   11.4918032       17.6101646       11.9620075    
       63180   11.4918032       17.6053982       11.9777031    
       63240   11.4918032       17.6015911       12.0017080    
       63300   11.4754095       17.6007290       12.0300941    
       63360   11.4426231       17.6054153       12.0592089    
       63420   11.3934422       17.6149902       12.0866137    
       63480   11.3442621       17.6269188       12.1124096    
       63540   11.3114758       17.6391659       12.1374836    
       63600   11.2786884       17.6504288       12.1607809    
       63660   11.2459021       17.6596985       12.1804810    
       63720   11.2131147       17.6661549       12.1957903    
       63780   11.1803274       17.6691799       12.2071953    
       63840   11.1311474       17.6684933       12.2157726    
       63900   11.0819674       17.6637592       12.2222986    
       63960   11.0491800       17.6547318       12.2274246    
       64020   11.0327873       17.6422291       12.2324581    
       64080   11.0163937       17.6278076       12.2384024    
       64140   11.0000000       17.6127052       12.2457905    
       64200   10.9836063       17.5977669       12.2539167    
       64260   10.9672127       17.5835648       12.2622452    
       64320   10.9508200       17.5702267       12.2706299    
       64380   10.9344263       17.5575466       12.2792606    
       64440   10.9508200       17.5452995       12.2872372    
       64500   10.9672127       17.5331383       12.2930222    
       64560   10.9836063       17.5202961       12.2964401    
       64620   11.0000000       17.5057526       12.2981405    
       64680   11.0163937       17.4890537       12.2994537    
       64740   11.0327873       17.4705772       12.3008890    
