 20190724
 Seconds  Measures(RH-%)  Meso-NH(RH-%)  FORECAST_AR(RH-%)
        3660   94.0000000       79.8706894       93.8361816    
        3720   94.0000000       79.7169800       93.7984085    
        3780   94.0000000       79.5870514       93.7507401    
        3840   94.0000000       79.4411774       93.6970215    
        3900   94.0000000       79.2642593       93.6521225    
        3960   94.0000000       79.0679855       93.6237030    
        4020   94.0000000       78.8677826       93.6145401    
        4080   94.0000000       78.6788330       93.6386719    
        4140   94.0000000       78.5083542       93.6960983    
        4200   94.0000000       78.3597794       93.7648468    
        4260   94.0000000       78.2416000       93.8464737    
        4320   94.0000000       78.1545105       93.9395905    
        4380   94.0000000       78.0895233       94.0224457    
        4440   94.0000000       78.0417633       94.0738297    
        4500   94.0000000       78.0047531       94.1025848    
        4560   94.0000000       77.9640732       94.1233444    
        4620   94.0000000       77.9118347       94.1568222    
        4680   94.0000000       77.8482208       94.2112961    
        4740   94.0000000       77.7811966       94.2807388    
        4800   94.0000000       77.7265244       94.3545685    
        4860   94.0000000       77.6942902       94.4320221    
        4920   94.0000000       77.6829605       94.5188522    
        4980   94.0000000       77.6877213       94.6199188    
        5040   94.0000000       77.7028732       94.7107697    
        5100   94.0000000       77.7343521       94.8009033    
        5160   94.0000000       77.7612305       94.8932724    
        5220   94.0000000       77.7780151       95.0061035    
        5280   94.0000000       77.8024368       95.1378250    
        5340   94.0000000       77.8543777       95.2838974    
        5400   94.0000000       77.9446487       95.4582977    
        5460   94.0000000       78.0621262       95.6663971    
        5520   94.0000000       78.2084045       95.8813553    
        5580   94.0000000       78.4028931       96.0750427    
        5640   94.0000000       78.6271896       96.2732010    
        5700   94.0000000       78.8552475       96.5029831    
        5760   94.0000000       79.0819092       96.7719269    
        5820   94.0000000       79.3305206       97.0720673    
        5880   94.0000000       79.6170197       97.3771286    
        5940   94.0000000       79.9534912       97.6658401    
        6000   94.0000000       80.3308258       97.9557571    
        6060   94.0000000       80.7252655       98.2695084    
        6120   94.0000000       81.1262589       98.6138840    
        6180   94.0000000       81.5442352       98.9784622    
        6240   94.0000000       81.9877090       99.3515472    
        6300   94.0000000       82.4499435       99.7130051    
        6360   94.0000000       82.9293442       100.000000    
        6420   94.0000000       83.4107437       100.000000    
        6480   94.0000000       83.8788071       100.000000    
        6540   94.0000000       84.3445892       100.000000    
        6600   94.0000000       84.8020172       100.000000    
        6660   94.0000000       85.2402191       100.000000    
        6720   94.0000000       85.6590958       100.000000    
        6780   94.0000000       86.0559540       100.000000    
        6840   94.0000000       86.4272995       100.000000    
        6900   94.0000000       86.7769699       100.000000    
        6960   94.0000000       87.1125183       100.000000    
        7020   94.0000000       87.4335251       100.000000    
        7080   94.0000000       87.7316818       100.000000    
        7140   94.0000000       87.9975128       100.000000    
        7200   94.0000000       88.2255859       100.000000    
        7260   94.0000000       88.4202347       94.2081299    
        7320   94.0000000       88.5972061       94.2665482    
        7380   94.0000000       88.7809753       94.3463440    
        7440   94.0000000       89.0030899       94.4263992    
        7500   94.0000000       89.2670364       94.4948502    
        7560   94.0000000       89.5446014       94.5360794    
        7620   94.0000000       89.8099976       94.5496063    
        7680   94.0000000       90.0502777       94.5344238    
        7740   94.0000000       90.2639160       94.4875793    
        7800   93.9836044       90.4530411       94.4090271    
        7860   93.9672165       90.6113510       94.2996674    
        7920   93.9508209       90.7316895       94.1539764    
        7980   93.9344254       90.8181686       93.9792175    
        8040   93.9180298       90.8794708       93.7962494    
        8100   93.9016418       90.9177780       93.6202850    
        8160   93.8852463       90.9346085       93.4534607    
        8220   93.8688507       90.9355240       93.2886581    
        8280   93.8524628       90.9317780       93.1176834    
        8340   93.8196716       90.9340668       92.9386063    
        8400   93.7868881       90.9430847       92.7608719    
        8460   93.7540970       90.9492950       92.5982513    
        8520   93.7213135       90.9486160       92.4660034    
        8580   93.6885223       90.9470596       92.3746948    
        8640   93.6557388       90.9570923       92.3180313    
        8700   93.6229477       90.9924469       92.2842560    
        8760   93.5901642       91.0597610       92.2618942    
        8820   93.5573807       91.1511307       92.2402725    
        8880   93.5245895       91.2576752       92.2139053    
        8940   93.4918060       91.3714371       92.1768646    
        9000   93.4590149       91.4809647       92.1215668    
        9060   93.4262314       91.5752106       92.0498734    
        9120   93.4098358       91.6482773       91.9648895    
        9180   93.3934402       91.6945267       91.8713455    
        9240   93.3606567       91.7118378       91.7796631    
        9300   93.3278656       91.7018433       91.6953201    
        9360   93.2950821       91.6681061       91.6117172    
        9420   93.2622986       91.6152954       91.5256424    
        9480   93.2295074       91.5503540       91.4490204    
        9540   93.2131119       91.4762802       91.4048538    
        9600   93.1967239       91.3948288       91.4011993    
        9660   93.1803284       91.3156052       91.4144745    
        9720   93.1639328       91.2588806       91.4161530    
        9780   93.1475372       91.2376328       91.3855591    
        9840   93.1311493       91.2391281       91.3296051    
        9900   93.1147537       91.2343521       91.2670135    
        9960   93.0983582       91.1968155       91.1998825    
       10020   93.0819702       91.1210785       91.1225281    
       10080   93.0655746       91.0235901       91.0336456    
       10140   93.0491791       90.9187775       90.9444275    
       10200   93.0327835       90.8103638       90.8666077    
       10260   93.0163956       90.6929855       90.8019104    
       10320   93.0000000       90.5667877       90.7443314    
       10380   92.9836044       90.4440308       90.6843414    
       10440   92.9672165       90.3318558       90.6169357    
       10500   92.9508209       90.2290192       90.5491714    
       10560   92.9344254       90.1293182       90.4867096    
       10620   92.9180298       90.0255127       90.4209290    
       10680   92.9016418       89.9159393       90.3350296    
       10740   92.8852463       89.8053055       90.2169724    
       10800   92.8688507       89.6912155       90.0673523    
       10860   92.8524628       89.5571823       92.5997925    
       10920   92.8360672       89.3876877       92.5417328    
       10980   92.8196716       89.1822281       92.4637833    
       11040   92.8032761       88.9529343       92.3764877    
       11100   92.7868881       88.7124557       92.2886581    
       11160   92.7704926       88.4693832       92.2169724    
       11220   92.7704926       88.2293320       92.1731644    
       11280   92.7704926       87.9946899       92.1573105    
       11340   92.7704926       87.7740173       92.1605988    
       11400   92.7704926       87.5788345       92.1769791    
       11460   92.7868881       87.4130936       92.2006836    
       11520   92.8032761       87.2739334       92.2401352    
       11580   92.8196716       87.1534348       92.3084564    
       11640   92.8360672       87.0431442       92.4071808    
       11700   92.8524628       86.9449615       92.5259399    
       11760   92.8688507       86.8700409       92.6478043    
       11820   92.8852463       86.8207550       92.7711487    
       11880   92.9016418       86.7883377       92.9015427    
       11940   92.9180298       86.7632599       93.0386810    
       12000   92.9508209       86.7405167       93.1653366    
       12060   92.9836044       86.7242432       93.2836380    
       12120   93.0163956       86.7154236       93.4155731    
       12180   93.0491791       86.7075577       93.5550842    
       12240   93.0819702       86.6987381       93.6888428    
       12300   93.1147537       86.7018967       93.8121796    
       12360   93.1475372       86.7124863       93.9194260    
       12420   93.1803284       86.7133865       94.0108109    
       12480   93.2131119       86.7004623       94.1001282    
       12540   93.2459030       86.6797409       94.1974869    
       12600   93.2786865       86.6594009       94.3061905    
       12660   93.3114777       86.6453857       94.4258041    
       12720   93.3442612       86.6400528       94.5504227    
       12780   93.3606567       86.6476517       94.6798859    
       12840   93.3770523       86.6706238       94.8248596    
       12900   93.4098358       86.7053604       94.9806747    
       12960   93.4426193       86.7486115       95.1245422    
       13020   93.4754105       86.8024902       95.2524414    
       13080   93.5081940       86.8593216       95.3817520    
       13140   93.5409851       86.9048157       95.5128098    
       13200   93.5573807       86.9358673       95.6327133    
       13260   93.5737686       86.9658890       95.7465820    
       13320   93.5901642       86.9975586       95.8625031    
       13380   93.6065598       87.0173874       95.9825668    
       13440   93.6229477       87.0344849       96.1187057    
       13500   93.6393433       87.0717697       96.2833557    
       13560   93.6557388       87.1361847       96.4610367    
       13620   93.6721344       87.2201157       96.6302795    
       13680   93.6885223       87.3195114       96.7866974    
       13740   93.7049179       87.4331207       96.9548874    
       13800   93.7213135       87.5523453       97.1437912    
       13860   93.7377014       87.6675644       97.3280106    
       13920   93.7377014       87.7832184       97.4924545    
       13980   93.7540970       87.9135590       97.6314697    
       14040   93.7704926       88.0518494       97.7498093    
       14100   93.7868881       88.1798172       97.8625412    
       14160   93.8032761       88.2901459       97.9919205    
       14220   93.8196716       88.3851318       98.1406097    
       14280   93.8360672       88.4708328       98.2996597    
       14340   93.8524628       88.5627518       98.4580917    
       14400   93.8688507       88.6785431       98.6078568    
       14460   93.8852463       88.8200455       94.0395355    
       14520   93.9016418       88.9734268       94.0345078    
       14580   93.9180298       89.1213303       94.0192642    
       14640   93.9344254       89.2562180       94.0179749    
       14700   93.9508209       89.3740463       94.0469055    
       14760   93.9672165       89.4818268       94.1023788    
       14820   93.9836044       89.5983505       94.1682816    
       14880   93.9836044       89.7380371       94.2326508    
       14940   93.9836044       89.8951950       94.2928314    
       15000   93.9836044       90.0527420       94.3478012    
       15060   93.9836044       90.2037277       94.3915100    
       15120   93.9836044       90.3539429       94.4241638    
       15180   93.9836044       90.5073929       94.4528427    
       15240   93.9836044       90.6578903       94.4774323    
       15300   93.9836044       90.7937851       94.4974365    
       15360   93.9836044       90.9114532       94.5159988    
       15420   93.9836044       91.0244980       94.5417404    
       15480   93.9836044       91.1418381       94.5758438    
       15540   93.9836044       91.2609100       94.6085892    
       15600   93.9836044       91.3796692       94.6360016    
       15660   93.9836044       91.4999771       94.6735840    
       15720   93.9836044       91.6240387       94.7380142    
       15780   93.9836044       91.7523499       94.8149185    
       15840   93.9836044       91.8837051       94.8949890    
       15900   93.9836044       92.0165024       94.9737244    
       15960   93.9836044       92.1569824       95.0446472    
       16020   93.9836044       92.3089447       95.1064529    
       16080   93.9672165       92.4642487       95.1741028    
       16140   93.9508209       92.6203613       95.2569656    
       16200   93.9344254       92.7760010       95.3499146    
       16260   93.9344254       92.9359894       95.4492111    
       16320   93.9344254       93.1032333       95.5533600    
       16380   93.9344254       93.2785568       95.6703568    
       16440   93.9344254       93.4606400       95.7970734    
       16500   93.9344254       93.6500320       95.9267044    
       16560   93.9180298       93.8472672       96.0563660    
       16620   93.9180298       94.0444412       96.1865997    
       16680   93.9180298       94.2346115       96.3093338    
       16740   93.9180298       94.4217377       96.4126511    
       16800   93.9180298       94.6098480       96.5011139    
       16860   93.9180298       94.7876358       96.5823212    
       16920   93.9180298       94.9446411       96.6516190    
       16980   93.9180298       95.0862732       96.7129059    
       17040   93.9180298       95.2133636       96.7837143    
       17100   93.9180298       95.3262939       96.8658752    
       17160   93.9180298       95.4390640       96.9424210    
       17220   93.9180298       95.5646362       97.0127106    
       17280   93.9180298       95.6908035       97.0918350    
       17340   93.9180298       95.8036270       97.1887512    
       17400   93.9180298       95.9114838       97.2814713    
       17460   93.9180298       96.0320892       97.3282852    
       17520   93.9180298       96.1628723       97.3296738    
       17580   93.9344254       96.2780838       97.3339691    
       17640   93.9344254       96.3653793       97.3798218    
       17700   93.9344254       96.4127350       97.4656448    
       17760   93.9344254       96.4447861       97.5743942    
       17820   93.9344254       96.5085449       97.6820526    
       17880   93.9344254       96.6145096       97.7800522    
       17940   93.9344254       96.7335205       97.8731003    
       18000   93.9344254       96.8413544       97.9796524    
       18060   93.9344254       96.9433975       94.0596542    
       18120   93.9344254       97.0529251       94.0609512    
       18180   93.9344254       97.1819992       94.0231476    
       18240   93.9344254       97.3259811       93.9217453    
       18300   93.9344254       97.4695511       93.7754669    
       18360   93.9344254       97.5859070       93.6082458    
       18420   93.9344254       97.6282196       93.4513855    
       18480   93.9344254       97.5938873       93.2974319    
       18540   93.9344254       97.5153046       93.1283493    
       18600   93.9344254       97.4329453       92.9342499    
       18660   93.9344254       97.3611374       92.7316742    
       18720   93.9344254       97.2794113       92.5475540    
       18780   93.9344254       97.1728973       92.3845825    
       18840   93.9344254       97.0529480       92.2187271    
       18900   93.9344254       96.9449463       92.0520782    
       18960   93.9344254       96.8578644       91.8949966    
       19020   93.9344254       96.7723846       91.7516632    
       19080   93.9344254       96.6786041       91.6093597    
       19140   93.9344254       96.5821228       91.4585190    
       19200   93.9344254       96.4882812       91.3065643    
       19260   93.9344254       96.3941040       91.1681824    
       19320   93.9344254       96.2962646       91.0417023    
       19380   93.9344254       96.1973572       90.8990479    
       19440   93.9344254       96.0987396       90.7310867    
       19500   93.9344254       95.9866486       90.5466919    
       19560   93.9344254       95.8484268       90.3527527    
       19620   93.9344254       95.6904144       90.1614532    
       19680   93.9344254       95.5254898       89.9821167    
       19740   93.9508209       95.3543930       89.8042297    
       19800   93.9672165       95.1802216       89.6162186    
       19860   93.9836044       95.0044861       89.4253693    
       19920   93.9836044       94.8274307       89.2382965    
       19980   93.9836044       94.6476059       89.0589981    
       20040   93.9836044       94.4653244       88.8827057    
       20100   93.9836044       94.2824783       88.7091904    
       20160   93.9836044       94.0959930       88.5324783    
       20220   94.0000000       93.9046936       88.3532639    
       20280   94.0000000       93.7157211       88.1758347    
       20340   94.0000000       93.5339432       88.0018082    
       20400   94.0000000       93.3563766       87.8286667    
       20460   94.0000000       93.1789246       87.6534348    
       20520   94.0000000       92.9999237       87.4771957    
       20580   94.0000000       92.8177567       87.2974243    
       20640   94.0000000       92.6325760       87.1162186    
       20700   94.0000000       92.4462509       86.9382553    
       20760   94.0000000       92.2592239       86.7699509    
       20820   94.0000000       92.0688858       86.6096420    
       20880   94.0000000       91.8769226       86.4501953    
       20940   94.0000000       91.6884842       86.2910156    
       21000   94.0000000       91.5049057       86.1377106    
       21060   94.0000000       91.3246613       85.9940796    
       21120   94.0000000       91.1465149       85.8774185    
       21180   94.0000000       90.9714508       85.7984924    
       21240   94.0000000       90.8099594       85.7316742    
       21300   94.0000000       90.6878967       85.6508713    
       21360   94.0000000       90.5909042       85.5536957    
       21420   94.0000000       90.4861679       85.4494781    
       21480   94.0000000       90.3685684       85.3408737    
       21540   94.0000000       90.2383804       85.2216873    
       21600   94.0000000       90.0929031       85.0977249    
       21660   94.0000000       89.9389877       93.8474045    
       21720   94.0000000       89.7856216       93.8542404    
       21780   94.0000000       89.6309967       93.8781433    
       21840   94.0000000       89.4799500       93.9515915    
       21900   94.0000000       89.3483734       94.0934982    
       21960   94.0000000       89.2526245       94.2721329    
       22020   94.0000000       89.2213516       94.4465485    
       22080   94.0000000       89.2437897       94.5893936    
       22140   94.0000000       89.2885895       94.7177582    
       22200   94.0000000       89.3198776       94.8446503    
       22260   94.0000000       89.3241425       94.9806213    
       22320   94.0000000       89.3262863       95.1202316    
       22380   94.0000000       89.3446884       95.2507706    
       22440   94.0000000       89.3764267       95.3758316    
       22500   94.0000000       89.4097977       95.5046463    
       22560   94.0000000       89.4342957       95.6261826    
       22620   94.0000000       89.4566803       95.7363510    
       22680   94.0000000       89.4803009       95.8398132    
       22740   94.0000000       89.4994354       95.9484406    
       22800   94.0000000       89.5129318       96.0628662    
       22860   94.0000000       89.5275803       96.1777649    
       22920   94.0000000       89.5507431       96.2854156    
       22980   94.0000000       89.5838165       96.3828201    
       23040   94.0000000       89.6246872       96.4710541    
       23100   94.0000000       89.6659698       96.5555801    
       23160   94.0000000       89.7038498       96.6407700    
       23220   94.0000000       89.7389908       96.7217636    
       23280   94.0000000       89.7715988       96.7965469    
       23340   94.0000000       89.8069458       96.8666916    
       23400   94.0000000       89.8441162       96.9433441    
       23460   94.0000000       89.8796463       97.0374527    
       23520   94.0000000       89.9160690       97.1407394    
       23580   94.0000000       89.9607544       97.2480774    
       23640   94.0000000       90.0225067       97.3569183    
       23700   94.0000000       90.0981140       97.4588089    
       23760   94.0000000       90.1854095       97.5457001    
       23820   94.0000000       90.2847214       97.6197205    
       23880   94.0000000       90.3831787       97.6843719    
       23940   94.0000000       90.4687271       97.7368317    
       24000   94.0000000       90.5407104       97.7773590    
       24060   94.0000000       90.6030045       97.8145142    
       24120   94.0000000       90.6579285       97.8568878    
       24180   94.0000000       90.7034302       97.9097061    
       24240   94.0000000       90.7427139       97.9767609    
       24300   94.0000000       90.7835999       98.0555496    
       24360   94.0000000       90.8356934       98.1367722    
       24420   94.0000000       90.9046631       98.2128754    
       24480   94.0000000       90.9872131       98.2846451    
       24540   94.0000000       91.0746918       98.3543320    
       24600   94.0000000       91.1626282       98.4236145    
       24660   94.0000000       91.2504120       98.4916687    
       24720   94.0000000       91.3381882       98.5565643    
       24780   94.0000000       91.4253082       98.6188736    
       24840   94.0000000       91.5130386       98.6738205    
       24900   94.0000000       91.6052780       98.7085266    
       24960   94.0000000       91.7026062       98.7237244    
       25020   94.0000000       91.7907333       98.7466736    
       25080   94.0000000       91.8557739       98.7681274    
       25140   94.0000000       91.9041061       98.7665253    
       25200   94.0000000       91.9557724       98.7438965    
       25260   94.0000000       92.0123825       94.0087662    
       25320   94.0000000       92.0553741       94.0081406    
       25380   94.0000000       92.0809937       94.0015411    
       25440   94.0000000       92.0928268       93.9895401    
       25500   94.0000000       92.1058578       93.9819412    
       25560   94.0000000       92.1291428       93.9860764    
       25620   94.0000000       92.1479416       93.9957047    
       25680   94.0000000       92.1627426       94.0085526    
       25740   94.0000000       92.1804962       94.0229645    
       25800   94.0000000       92.2074127       94.0506821    
       25860   94.0000000       92.2387009       94.1129303    
       25920   94.0000000       92.2655334       94.1990204    
       25980   94.0000000       92.2979279       94.2901840    
       26040   94.0000000       92.3602142       94.3793259    
       26100   94.0000000       92.4536285       94.4842224    
       26160   94.0000000       92.5606232       94.6139603    
       26220   94.0000000       92.6652222       94.7538834    
       26280   94.0000000       92.7729416       94.8974609    
       26340   94.0000000       92.9049301       95.0401001    
       26400   94.0000000       93.0527802       95.1734543    
       26460   94.0000000       93.1991577       95.2945023    
       26520   94.0000000       93.3383255       95.4131699    
       26580   94.0000000       93.4706573       95.5371323    
       26640   94.0000000       93.5949631       95.6637192    
       26700   94.0000000       93.7178345       95.7904968    
       26760   94.0000000       93.8468857       95.9137268    
       26820   94.0000000       93.9805069       96.0314178    
       26880   94.0000000       94.1145096       96.1537857    
       26940   94.0000000       94.2442627       96.2828293    
       27000   94.0000000       94.3731308       96.4156265    
       27060   94.0000000       94.5050659       96.5427017    
       27120   94.0000000       94.6391678       96.6555862    
       27180   94.0000000       94.7714157       96.7563553    
       27240   94.0000000       94.8917007       96.8494034    
       27300   94.0000000       94.9989700       96.9422760    
       27360   94.0000000       95.0979691       97.0434189    
       27420   94.0000000       95.1894302       97.1548996    
       27480   94.0000000       95.2800064       97.2742538    
       27540   94.0000000       95.3759384       97.3997040    
       27600   94.0000000       95.4796677       97.5375748    
       27660   94.0000000       95.5918579       97.6924286    
       27720   94.0000000       95.7128906       97.8503113    
       27780   94.0000000       95.8460541       97.9978714    
       27840   94.0000000       95.9876556       98.1289749    
       27900   94.0000000       96.1268005       98.2430649    
       27960   94.0000000       96.2536011       98.3417511    
       28020   94.0000000       96.3642044       98.4355316    
       28080   94.0000000       96.4584885       98.5250092    
       28140   94.0000000       96.5373840       98.6111603    
       28200   94.0000000       96.6106110       98.6967239    
       28260   94.0000000       96.6812744       98.7802124    
       28320   94.0000000       96.7479935       98.8600388    
       28380   94.0000000       96.8126678       98.9381027    
       28440   94.0000000       96.8748474       99.0198059    
       28500   94.0000000       96.9342422       99.1085129    
       28560   94.0000000       96.9942932       99.2060623    
       28620   94.0000000       97.0623550       99.3255386    
       28680   94.0000000       97.1407394       99.4460983    
       28740   94.0000000       97.2271042       99.5657120    
       28800   94.0000000       97.3185654       99.6824188    
       28860   94.0000000       97.4168015       94.0844955    
       28920   94.0000000       97.5262680       94.0670929    
       28980   94.0000000       97.6454010       94.0550079    
       29040   94.0000000       97.7527924       94.0681152    
       29100   94.0000000       97.8290558       94.0906143    
       29160   94.0000000       97.8921661       94.0943298    
       29220   94.0000000       97.9821396       94.0844879    
       29280   94.0000000       98.0881500       94.0815735    
       29340   94.0000000       98.1735916       94.0949478    
       29400   94.0000000       98.2308655       94.1137466    
       29460   94.0000000       98.2884674       94.0852203    
       29520   94.0000000       98.3570099       93.9935532    
       29580   94.0000000       98.4282913       93.9028702    
       29640   94.0000000       98.4585800       93.8542099    
       29700   94.0000000       98.4206314       93.7670670    
       29760   94.0000000       98.3612518       93.5871811    
       29820   94.0000000       98.3389206       93.3572235    
       29880   94.0000000       98.3174820       93.1180649    
       29940   94.0000000       98.1950836       92.8883896    
       30000   94.0000000       98.0028458       92.6727371    
       30060   94.0000000       97.7921677       92.4732819    
       30120   94.0000000       97.5838089       92.2921219    
       30180   94.0000000       97.3880157       92.1248703    
       30240   94.0000000       97.2084198       91.9619064    
       30300   94.0000000       97.0425644       91.8000259    
       30360   94.0000000       96.8880539       91.6529617    
       30420   94.0000000       96.7420044       91.5409546    
       30480   94.0000000       96.5961380       91.4547577    
       30540   94.0000000       96.4527817       91.3644638    
       30600   94.0000000       96.3310699       91.2568054    
       30660   94.0000000       96.2404022       91.1350937    
       30720   94.0000000       96.1561279       91.0125351    
       30780   94.0000000       96.0553360       90.8903580    
       30840   94.0000000       95.9348907       90.7640305    
       30900   94.0000000       95.8075714       90.6332703    
       30960   94.0000000       95.6820679       90.5092010    
       31020   94.0000000       95.5541153       90.3933868    
       31080   94.0000000       95.4184952       90.2809601    
       31140   94.0000000       95.2839813       90.1751709    
       31200   94.0000000       95.1593552       90.0837021    
       31260   94.0000000       95.0412674       90.0000000    
       31320   94.0000000       94.9276581       89.9008942    
       31380   94.0000000       94.8245544       89.7850800    
       31440   94.0000000       94.7332001       89.6818237    
       31500   94.0000000       94.6362000       89.6099319    
       31560   94.0000000       94.5173645       89.5565872    
       31620   94.0000000       94.3924179       89.5093155    
       31680   94.0000000       94.2931671       89.4579544    
       31740   94.0000000       94.2224731       89.4058533    
       31800   94.0000000       94.1576233       89.3536453    
       31860   94.0000000       94.0892868       89.3030243    
       31920   94.0000000       94.0187988       89.2650146    
       31980   94.0000000       93.9452591       89.2444916    
       32040   94.0000000       93.8697128       89.2401657    
       32100   94.0000000       93.8012314       89.2498703    
       32160   94.0000000       93.7476349       89.2703400    
       32220   94.0000000       93.7104416       89.2963181    
       32280   94.0000000       93.6903610       89.3144455    
       32340   94.0000000       93.6853256       89.3340912    
       32400   94.0000000       93.6791611       89.3634415    
       32460   94.0000000       93.6603088       94.0204620    
       32520   94.0000000       93.6467972       94.0720596    
       32580   94.0000000       93.6524429       94.1363525    
       32640   94.0000000       93.6885223       94.1837234    
       32700   94.0000000       93.7546158       94.2138367    
       32760   94.0000000       93.8275528       94.2544861    
       32820   94.0000000       93.8858109       94.3187866    
       32880   94.0000000       93.9382248       94.3880310    
       32940   94.0000000       94.0079041       94.4416428    
       33000   94.0000000       94.0950089       94.4818420    
       33060   94.0000000       94.1812210       94.5225677    
       33120   94.0000000       94.2624741       94.5759888    
       33180   94.0000000       94.3336105       94.6295013    
       33240   94.0000000       94.4172363       94.6527023    
       33300   94.0000000       94.5307541       94.6274109    
       33360   94.0000000       94.6215057       94.6318817    
       33420   94.0000000       94.6537247       94.7130508    
       33480   94.0000000       94.6725082       94.8513718    
       33540   94.0000000       94.7584763       95.0126495    
       33600   94.0000000       94.8889999       95.1659317    
       33660   94.0000000       95.0492783       95.3029938    
       33720   93.9836044       95.2320404       95.4193649    
       33780   93.9836044       95.4115829       95.5192642    
       33840   93.9836044       95.5807648       95.6164474    
       33900   93.9836044       95.7373428       95.6984253    
       33960   93.9672165       95.8731461       95.7575226    
       34020   93.9672165       96.0015182       95.7781754    
       34080   93.9672165       96.1300507       95.7198029    
       34140   93.9672165       96.2412186       95.5766754    
       34200   93.9672165       96.3099670       95.3949890    
       34260   93.9672165       96.3130646       95.2238998    
       34320   93.9672165       96.2467041       95.1033173    
       34380   93.9672165       96.1350861       95.0228348    
       34440   93.9672165       96.0142746       94.9661407    
       34500   93.9672165       95.9196396       94.9197464    
       34560   93.9672165       95.8686066       94.8667526    
       34620   93.9508209       95.8538437       94.7946396    
       34680   93.9344254       95.8622513       94.7160110    
       34740   93.9344254       95.8669739       94.6478424    
       34800   93.9344254       95.8501511       94.5800552    
       34860   93.9344254       95.8226242       94.4706116    
       34920   93.9344254       95.7996216       94.3155899    
       34980   93.9344254       95.7786636       94.1664352    
       35040   93.9180298       95.7352905       94.0615997    
       35100   93.9180298       95.6578827       93.9804306    
       35160   93.9180298       95.5733414       93.9008255    
       35220   93.9180298       95.5059433       93.8267593    
       35280   93.9180298       95.4491577       93.7593231    
       35340   93.9180298       95.4009323       93.7071228    
       35400   93.9016418       95.3667679       93.6643372    
       35460   93.9016418       95.3445511       93.5705261    
       35520   93.8852463       95.3348618       93.3922501    
       35580   93.8688507       95.3419342       93.1660309    
       35640   93.8688507       95.3273315       92.9159851    
       35700   93.8524628       95.2237091       92.6539993    
       35760   93.8360672       95.0419006       92.3884583    
       35820   93.8196716       94.8227310       92.1385956    
       35880   93.8032761       94.5875778       91.9255905    
       35940   93.7868881       94.3486481       91.7488174    
       36000   93.7704926       94.1216583       91.5862427    
       36060   93.7704926       93.9212799       93.6481934    
       36120   93.7704926       93.7525253       93.6655350    
       36180   93.7704926       93.6051788       93.6823654    
       36240   93.7540970       93.4732285       93.6993790    
       36300   93.7377014       93.3561859       93.7430420    
       36360   93.7213135       93.2523346       93.8167725    
       36420   93.7049179       93.1569061       93.9028778    
       36480   93.6885223       93.0725403       93.9894867    
       36540   93.6721344       93.0072556       94.0751953    
       36600   93.6557388       92.9580612       94.1807022    
       36660   93.6393433       92.9114151       94.3017273    
       36720   93.6229477       92.8584213       94.3990250    
       36780   93.6065598       92.8063507       94.4799652    
       36840   93.5901642       92.7567902       94.5752792    
       36900   93.5901642       92.6977463       94.6687241    
       36960   93.5901642       92.6459351       94.7647400    
       37020   93.5737686       92.6087341       94.8897552    
       37080   93.5573807       92.5817413       95.0286255    
       37140   93.5409851       92.5692444       95.1298676    
       37200   93.5245895       92.5764999       95.2011719    
       37260   93.5081940       92.5811691       95.2674332    
       37320   93.4918060       92.5622406       95.3397293    
       37380   93.4918060       92.5314178       95.4368362    
       37440   93.4754105       92.4963074       95.5468597    
       37500   93.4590149       92.4637909       95.6409225    
       37560   93.4426193       92.4440460       95.7356720    
       37620   93.4426193       92.4287109       95.8547211    
       37680   93.4262314       92.4201813       96.0054626    
       37740   93.4098358       92.4335403       96.2051926    
       37800   93.3934402       92.4730072       96.4583282    
       37860   93.3770523       92.5506363       96.7494507    
       37920   93.3606567       92.6933289       97.0474243    
       37980   93.3442612       92.8953247       97.3168869    
       38040   93.3278656       93.1233444       97.5554657    
       38100   93.3114777       93.3321152       97.7648087    
       38160   93.2950821       93.4946747       97.9526367    
       38220   93.2786865       93.6246338       98.1264496    
       38280   93.2786865       93.7401352       98.3084488    
       38340   93.2786865       93.8514709       98.5014801    
       38400   93.2622986       93.9543228       98.6756134    
       38460   93.2459030       94.0502090       98.8343430    
       38520   93.2295074       94.1562805       99.0187607    
       38580   93.2131119       94.2613754       99.2438812    
       38640   93.1967239       94.3708191       99.4724884    
       38700   93.1967239       94.5167007       99.6756287    
       38760   93.1803284       94.6979752       99.8511581    
       38820   93.1639328       94.8764343       100.000000    
       38880   93.1475372       95.0228653       100.000000    
       38940   93.1311493       95.1383667       100.000000    
       39000   93.1147537       95.2334213       100.000000    
       39060   93.1147537       95.3175812       100.000000    
       39120   93.0983582       95.3958435       100.000000    
       39180   93.0983582       95.4639587       100.000000    
       39240   93.0983582       95.5559311       100.000000    
       39300   93.0819702       95.7243347       100.000000    
       39360   93.0819702       95.9416580       100.000000    
       39420   93.0819702       96.1611328       100.000000    
       39480   93.0819702       96.3602219       100.000000    
       39540   93.0819702       96.5342178       100.000000    
       39600   93.0819702       96.6841965       100.000000    
       39660   93.0819702       96.8109055       93.1469727    
       39720   93.0655746       96.9090424       93.1308212    
       39780   93.0491791       96.9884491       93.1021271    
       39840   93.0327835       97.0691376       93.0613480    
       39900   93.0327835       97.1555328       93.0102463    
       39960   93.0327835       97.2400436       92.9213028    
       40020   93.0327835       97.3108368       92.7904358    
       40080   93.0327835       97.3524094       92.6356277    
       40140   93.0327835       97.3543320       92.4819412    
       40200   93.0327835       97.3262939       92.3348923    
       40260   93.0327835       97.2857056       92.1658630    
       40320   93.0327835       97.2452469       91.9681091    
       40380   93.0327835       97.2056961       91.7822495    
       40440   93.0327835       97.1577606       91.6237030    
       40500   93.0327835       97.1080856       91.4667587    
       40560   93.0163956       97.0647430       91.2989960    
       40620   93.0000000       97.0221329       91.1139755    
       40680   93.0000000       96.9662476       90.9039307    
       40740   93.0000000       96.8857651       90.6755905    
       40800   93.0000000       96.7715912       90.4571381    
       40860   93.0000000       96.6272736       90.2548447    
       40920   93.0000000       96.4687653       90.0644226    
       40980   93.0000000       96.3120346       89.8771210    
       41040   93.0000000       96.1665344       89.6747437    
       41100   93.0000000       96.0278397       89.4710159    
       41160   93.0000000       95.8884964       89.2797165    
       41220   93.0000000       95.7451401       89.1001663    
       41280   93.0000000       95.6017609       88.9246063    
       41340   93.0000000       95.4629669       88.7423630    
       41400   93.0000000       95.3239594       88.5539093    
       41460   93.0000000       95.1840973       88.3761673    
       41520   93.0000000       95.0390549       88.2091217    
       41580   93.0000000       94.8870850       88.0451508    
       41640   93.0000000       94.7346115       87.8760986    
       41700   93.0000000       94.5865479       87.7098618    
       41760   93.0000000       94.4429779       87.5615234    
       41820   93.0000000       94.3010788       87.4360123    
       41880   93.0000000       94.1631241       87.3350220    
       41940   93.0000000       94.0408707       87.2305832    
       42000   93.0000000       93.9461060       87.1010971    
       42060   93.0000000       93.8666687       86.9663010    
       42120   93.0000000       93.7673645       86.8391113    
       42180   93.0000000       93.6493454       86.7110672    
       42240   93.0000000       93.5261230       86.5764618    
       42300   93.0000000       93.4021759       86.4486465    
       42360   93.0000000       93.2758102       86.3215332    
       42420   93.0000000       93.1416702       86.1871490    
       42480   93.0000000       93.0031586       86.0502167    
       42540   93.0000000       92.8616409       85.9151306    
       42600   93.0000000       92.7173538       85.7725906    
       42660   93.0000000       92.5735245       85.6142273    
       42720   93.0000000       92.4276123       85.4393082    
       42780   93.0000000       92.2729645       85.2625198    
       42840   93.0000000       92.1026764       85.0877380    
       42900   93.0000000       91.9212570       84.9104309    
       42960   93.0000000       91.7438965       84.7353745    
       43020   93.0000000       91.5711517       84.5822372    
       43080   93.0000000       91.3945770       84.4598923    
       43140   93.0000000       91.2089310       84.3510895    
       43200   93.0000000       91.0222549       84.2452164    
       43260   93.0000000       90.8487320       92.8530502    
       43320   93.0000000       90.6916046       92.8096390    
       43380   93.0000000       90.5404816       92.7372894    
       43440   93.0000000       90.3784409       92.6521225    
       43500   93.0000000       90.1981583       92.5646667    
       43560   93.0000000       90.0047379       92.4791107    
       43620   93.0000000       89.8079376       92.3962631    
       43680   93.0000000       89.6171112       92.3214035    
       43740   93.0000000       89.4354401       92.2621689    
       43800   93.0000000       89.2588043       92.2183533    
       43860   93.0000000       89.0860901       92.1983414    
       43920   93.0000000       88.9216385       92.2151260    
       43980   93.0000000       88.7691956       92.2653275    
       44040   93.0000000       88.6433563       92.3376541    
       44100   93.0000000       88.5642548       92.4280319    
       44160   93.0000000       88.5297394       92.5433884    
       44220   93.0000000       88.5244141       92.6837158    
       44280   93.0000000       88.5440445       92.8344574    
       44340   93.0000000       88.5952988       92.9917068    
       44400   93.0000000       88.6828918       93.1633911    
       44460   93.0000000       88.7932892       93.3404617    
       44520   93.0000000       88.9122314       93.5148392    
       44580   93.0000000       89.0344772       93.6787796    
       44640   93.0000000       89.1554413       93.8274918    
       44700   93.0000000       89.2759628       93.9643784    
       44760   93.0000000       89.3956070       94.0896988    
       44820   93.0000000       89.5098343       94.2098160    
       44880   93.0000000       89.6094055       94.3277054    
       44940   93.0000000       89.6927643       94.4432602    
       45000   92.9836044       89.7745514       94.5657272    
       45060   92.9672165       89.8579254       94.6995621    
       45120   92.9508209       89.9453506       94.8404388    
       45180   92.9344254       90.0438004       94.9822464    
       45240   92.9180298       90.1506729       95.1201935    
       45300   92.9016418       90.2616882       95.2514038    
       45360   92.8852463       90.3762283       95.3718872    
       45420   92.8688507       90.4926834       95.4839172    
       45480   92.8524628       90.6045227       95.5941925    
       45540   92.8360672       90.7057571       95.7031784    
       45600   92.8196716       90.8011856       95.7997894    
       45660   92.8032761       90.8992996       95.8830566    
       45720   92.7868881       91.0064621       95.9547882    
       45780   92.7704926       91.1172333       96.0130310    
       45840   92.7540970       91.2213745       96.0696564    
       45900   92.7377014       91.3119736       96.1381226    
       45960   92.7213135       91.3878021       96.2081299    
       46020   92.7049179       91.4617310       96.2687683    
       46080   92.6885223       91.5442886       96.3150253    
       46140   92.6721344       91.6347885       96.3462830    
       46200   92.6557388       91.7244339       96.3744354    
       46260   92.6393433       91.8036957       96.4163818    
       46320   92.6229477       91.8678665       96.4782181    
       46380   92.6065598       91.9270248       96.5491257    
       46440   92.5901642       91.9994354       96.6273041    
       46500   92.5737686       92.0936279       96.7244873    
       46560   92.5573807       92.2021255       96.8443909    
       46620   92.5409851       92.3244095       96.9760056    
       46680   92.5245895       92.4723740       97.1026993    
       46740   92.5081940       92.6458511       97.2082596    
       46800   92.4918060       92.8209000       97.2896957    
       46860   92.4754105       92.9741821       92.5402374    
       46920   92.4590149       93.1069565       92.4796906    
       46980   92.4426193       93.2235413       92.4010086    
       47040   92.4262314       93.3251648       92.3192673    
       47100   92.4098358       93.4110641       92.2454224    
       47160   92.3934402       93.4822693       92.1847153    
       47220   92.3770523       93.5447693       92.1342468    
       47280   92.3606567       93.6064682       92.0888901    
       47340   92.3442612       93.6730270       92.0440826    
       47400   92.3278656       93.7437820       91.9902496    
       47460   92.3114777       93.8130646       91.9190521    
       47520   92.2950821       93.8729477       91.8255234    
       47580   92.2786865       93.9195175       91.7133331    
       47640   92.2622986       93.9447861       91.5871887    
       47700   92.2459030       93.9402084       91.4480896    
       47760   92.2295074       93.9124832       91.3013763    
       47820   92.2131119       93.8688889       91.1551743    
       47880   92.1967239       93.8126068       91.0178757    
       47940   92.1803284       93.7463684       90.8958130    
       48000   92.1639328       93.6714172       90.7801895    
       48060   92.1639328       93.5991364       90.6579590    
       48120   92.1639328       93.5374603       90.5254288    
       48180   92.1639328       93.4776764       90.3818741    
       48240   92.1639328       93.4114761       90.2300720    
       48300   92.1639328       93.3345718       90.0780258    
       48360   92.1639328       93.2452087       89.9275436    
       48420   92.1639328       93.1470261       89.7709427    
       48480   92.1639328       93.0462723       89.6083832    
       48540   92.1639328       92.9433060       89.4502487    
       48600   92.1639328       92.8317261       89.2961273    
       48660   92.1803284       92.7109451       89.1411133    
       48720   92.1967239       92.5854950       88.9823074    
       48780   92.2131119       92.4563828       88.8135223    
       48840   92.2295074       92.3228149       88.6319275    
       48900   92.2459030       92.1850433       88.4414978    
       48960   92.2459030       92.0433350       88.2430496    
       49020   92.2459030       91.8936310       88.0331268    
       49080   92.2459030       91.7339935       87.8095093    
       49140   92.2459030       91.5648346       87.5713882    
       49200   92.2459030       91.3843765       87.3277130    
       49260   92.2459030       91.1891556       87.1010818    
       49320   92.2459030       90.9766769       86.8981934    
       49380   92.2459030       90.7591476       86.7150192    
       49440   92.2459030       90.5550842       86.5441208    
       49500   92.2459030       90.3694534       86.3792648    
       49560   92.2459030       90.1983948       86.2124405    
       49620   92.2459030       90.0342026       86.0456619    
       49680   92.2459030       89.8675995       85.8844299    
       49740   92.2459030       89.6975174       85.7314072    
       49800   92.2459030       89.5310364       85.5852356    
       49860   92.2459030       89.3714752       85.4414978    
       49920   92.2459030       89.2194061       85.2945023    
       49980   92.2459030       89.0693665       85.1421509    
       50040   92.2459030       88.9136810       84.9899597    
       50100   92.2459030       88.7497330       84.8394928    
       50160   92.2459030       88.5805435       84.6924286    
       50220   92.2459030       88.4089432       84.5546722    
       50280   92.2459030       88.2360153       84.4314880    
       50340   92.2459030       88.0690613       84.3134842    
       50400   92.2459030       87.9138336       84.1971207    
       50460   92.2459030       87.7630615       92.1114273    
       50520   92.2459030       87.6077957       92.1338577    
       50580   92.2459030       87.4551849       92.1821518    
       50640   92.2459030       87.3174515       92.2613449    
       50700   92.2459030       87.2034836       92.3602829    
       50760   92.2459030       87.1177139       92.4680252    
       50820   92.2459030       87.0601349       92.5792084    
       50880   92.2459030       87.0239944       92.6940689    
       50940   92.2459030       87.0008469       92.8104477    
       51000   92.2459030       86.9878006       92.9196472    
       51060   92.2459030       86.9832687       93.0170212    
       51120   92.2459030       86.9807358       93.1069489    
       51180   92.2459030       86.9713821       93.1904602    
       51240   92.2459030       86.9545288       93.2629395    
       51300   92.2459030       86.9330063       93.3261337    
       51360   92.2459030       86.9056854       93.3794479    
       51420   92.2459030       86.8735352       93.4189987    
       51480   92.2459030       86.8375854       93.4357147    
       51540   92.2459030       86.7948608       93.4312820    
       51600   92.2459030       86.7399979       93.4141922    
       51660   92.2459030       86.6659851       93.3843231    
       51720   92.2295074       86.5734482       93.3398666    
       51780   92.2131119       86.4709854       93.2809067    
       51840   92.1967239       86.3615036       93.2053070    
       51900   92.1803284       86.2454376       93.1170578    
       51960   92.1639328       86.1256332       93.0212097    
       52020   92.1475372       86.0009995       92.9199905    
       52080   92.1311493       85.8687439       92.8230286    
       52140   92.1147537       85.7302628       92.7393036    
       52200   92.0983582       85.5878754       92.6576538    
       52260   92.0819702       85.4453735       92.5666199    
       52320   92.0655746       85.3122864       92.4560928    
       52380   92.0491791       85.1901398       92.3228836    
       52440   92.0327835       85.0687637       92.1748657    
       52500   92.0163956       84.9355316       92.0182419    
       52560   92.0000000       84.7834015       91.8532639    
       52620   92.0000000       84.6201477       91.6877365    
       52680   92.0000000       84.4522934       91.5218811    
       52740   92.0000000       84.2802658       91.3475800    
       52800   92.0163956       84.1078873       91.1660233    
       52860   92.0327835       83.9403458       90.9761963    
       52920   92.0327835       83.7707214       90.7723083    
       52980   92.0327835       83.5944595       90.5535431    
       53040   92.0327835       83.4103775       90.3295441    
       53100   92.0327835       83.2153854       90.1115417    
       53160   92.0327835       83.0073166       89.8984604    
       53220   92.0327835       82.7899246       89.6850357    
       53280   92.0327835       82.5750961       89.4697800    
       53340   92.0327835       82.3680801       89.2527237    
       53400   92.0491791       82.1682434       89.0391617    
       53460   92.0655746       81.9739456       88.8346329    
       53520   92.0819702       81.7825928       88.6300964    
       53580   92.0983582       81.5941467       88.4171677    
       53640   92.1147537       81.4115677       88.1984634    
       53700   92.1311493       81.2318954       87.9771347    
       53760   92.1475372       81.0489960       87.7499237    
       53820   92.1639328       80.8624802       87.5152817    
       53880   92.1803284       80.6730499       87.2762375    
       53940   92.1803284       80.4776001       87.0324554    
       54000   92.1803284       80.2762604       86.7799683    
       54060   92.1967239       80.0718842       91.9900589    
       54120   92.2131119       79.8628998       91.9626236    
       54180   92.2131119       79.6454849       91.9249039    
       54240   92.2131119       79.4153976       91.8731461    
       54300   92.2131119       79.1718445       91.8028259    
       54360   92.2131119       78.9183121       91.7154465    
       54420   92.2131119       78.6571884       91.6121292    
       54480   92.2131119       78.3881683       91.4947357    
       54540   92.2131119       78.1102524       91.3763275    
       54600   92.2131119       77.8232040       91.2675171    
       54660   92.2131119       77.5289383       91.1685638    
       54720   92.2131119       77.2374649       91.0848618    
       54780   92.2131119       76.9621811       91.0152130    
       54840   92.2131119       76.7073975       90.9508514    
       54900   92.2131119       76.4701691       90.8869781    
       54960   92.2131119       76.2448654       90.8221664    
       55020   92.2131119       76.0268326       90.7579956    
       55080   92.2131119       75.8161774       90.6922913    
       55140   92.2131119       75.6139450       90.6233597    
       55200   92.2131119       75.4194717       90.5473709    
       55260   92.2131119       75.2290726       90.4652786    
       55320   92.2131119       75.0390396       90.3839188    
       55380   92.2131119       74.8479156       90.3045425    
       55440   92.2131119       74.6595459       90.2239685    
       55500   92.2131119       74.4778824       90.1452713    
       55560   92.2131119       74.3025818       90.0624542    
       55620   92.2131119       74.1354828       89.9636993    
       55680   92.2131119       73.9776306       89.8448792    
       55740   92.2131119       73.8225403       89.7041473    
       55800   92.2131119       73.6597900       89.5444565    
       55860   92.2131119       73.4776382       89.3765717    
       55920   92.2131119       73.2642441       89.2083511    
       55980   92.2131119       73.0282440       89.0467834    
       56040   92.2131119       72.7931213       88.8888016    
       56100   92.2131119       72.5733185       88.7253494    
       56160   92.2131119       72.3698120       88.5621109    
       56220   92.2131119       72.1745377       88.4038315    
       56280   92.2131119       71.9793549       88.2438660    
       56340   92.2131119       71.7865982       88.0848618    
       56400   92.2131119       71.5998154       87.9333267    
       56460   92.1967239       71.4145889       87.7800522    
       56520   92.1803284       71.2362823       87.6180115    
       56580   92.1803284       71.0688019       87.4540863    
       56640   92.1803284       70.9061356       87.2947006    
       56700   92.1803284       70.7420807       87.1318283    
       56760   92.1803284       70.5766907       86.9691849    
       56820   92.1803284       70.4132538       86.8132477    
       56880   92.1803284       70.2444763       86.6569519    
       56940   92.1803284       70.0722809       86.5005112    
       57000   92.1803284       69.9104385       86.3497772    
       57060   92.1639328       69.7601471       86.2025681    
       57120   92.1475372       69.6186295       86.0545044    
       57180   92.1311493       69.4860077       85.9115906    
       57240   92.1147537       69.3579102       85.7796173    
       57300   92.0983582       69.2321930       85.6526642    
       57360   92.0819702       69.1149750       85.5236206    
       57420   92.0655746       69.0099640       85.3979034    
       57480   92.0491791       68.9151535       85.2826538    
       57540   92.0327835       68.8248901       85.1734467    
       57600   92.0327835       68.7373123       85.0638046    
       57660   92.0327835       68.6569748       91.9367676    
       57720   92.0163956       68.5866165       91.9100571    
       57780   92.0000000       68.5225754       91.8686218    
       57840   92.0000000       68.4615479       91.8196030    
       57900   92.0000000       68.3982544       91.7668839    
       57960   92.0000000       68.3246765       91.7095184    
       58020   92.0000000       68.2413254       91.6478119    
       58080   92.0000000       68.1575241       91.5854721    
       58140   92.0000000       68.0778198       91.5224609    
       58200   92.0000000       68.0033875       91.4479446    
       58260   92.0000000       67.9327545       91.3535080    
       58320   92.0000000       67.8577652       91.2406998    
       58380   92.0000000       67.7675095       91.1068268    
       58440   92.0000000       67.6576080       90.9534836    
       58500   92.0000000       67.5291443       90.7863464    
       58560   92.0000000       67.3856812       90.6084518    
       58620   92.0000000       67.2306671       90.4217911    
       58680   92.0000000       67.0655746       90.2254181    
       58740   92.0000000       66.8922958       90.0202789    
       58800   92.0000000       66.7149811       89.8081131    
       58860   92.0000000       66.5392227       89.5860596    
       58920   92.0000000       66.3657532       89.3507843    
       58980   92.0000000       66.1873169       89.1053085    
       59040   92.0000000       65.9964294       88.8559570    
       59100   92.0000000       65.7929993       88.6147232    
       59160   92.0000000       65.5831985       88.3834152    
       59220   92.0000000       65.3736801       88.1622543    
       59280   92.0000000       65.1723175       87.9582520    
       59340   92.0000000       64.9860077       87.7756119    
       59400   92.0000000       64.8167953       87.6041489    
       59460   91.9836044       64.6692123       87.4236679    
       59520   91.9672165       64.5447006       87.2266769    
       59580   91.9508209       64.4303360       87.0180283    
       59640   91.9344254       64.3076782       86.8070450    
       59700   91.9180298       64.1701126       86.6026001    
       59760   91.9180298       64.0235138       86.4097290    
       59820   91.9180298       63.8774452       86.2248306    
       59880   91.9180298       63.7433014       86.0453033    
       59940   91.9180298       63.6223907       85.8676834    
       60000   91.9016418       63.5076981       85.6868439    
       60060   91.8852463       63.3972206       85.5042877    
       60120   91.8688507       63.2899933       85.3284378    
       60180   91.8524628       63.1830139       85.1658783    
       60240   91.8360672       63.0792046       85.0145111    
       60300   91.8196716       62.9856567       84.8740082    
       60360   91.8032761       62.9038696       84.7364426    
       60420   91.7868881       62.8284607       84.5818024    
       60480   91.7704926       62.7600021       84.4017181    
       60540   91.7540970       62.6911736       84.2052002    
       60600   91.7377014       62.6036110       83.9956360    
       60660   91.7213135       62.4982986       83.7770081    
       60720   91.7049179       62.3805923       83.5516205    
       60780   91.6885223       62.2481308       83.3094101    
       60840   91.6557388       62.1012268       83.0374374    
       60900   91.6229477       61.9459534       82.7358932    
       60960   91.6065598       61.7786331       82.4267349    
       61020   91.5901642       61.5867538       82.1186829    
       61080   91.5573807       61.3630142       81.8011398    
       61140   91.5245895       61.1240692       81.4629364    
       61200   91.4918060       60.8833771       81.1198196    
