 20181126
 Seconds  Measures(GLF-%)  Meso-NH(GLF-%)  FORECAST_AR(GLF-%)
       32280   73.0478287       45.9729385       56.4541550    
       32340   73.3782578       45.9729385       56.2664719    
       32400   73.6152191       45.6382294       56.0150642    
       32460   73.6711121       45.6382294       55.7057953    
       32520   73.8652191       45.4692802       55.3433800    
       32580   74.0244446       45.4692802       54.9836960    
       32640   73.9409103       45.0431404       54.5840378    
       32700   73.9840927       45.0431404       54.1768036    
       32760   74.0311127       44.4132042       53.7808037    
       32820   73.9466629       44.4132042       53.4232025    
       32880   73.8363647       43.6277084       53.1501579    
       32940   73.7113647       43.6277084       52.9313393    
       33000   73.5933304       42.8893661       52.6915932    
       33060   73.5044479       42.8893661       52.3759804    
       33120   73.3295441       42.4800987       51.9871330    
       33180   73.2886353       42.4800987       51.5526772    
       33240   73.5955582       41.9921913       51.1300850    
       33300   73.8377762       41.9921913       50.7372360    
       33360   73.7795486       41.2171364       50.4119034    
       33420   74.1704559       41.2171364       50.1498184    
       33480   74.2466660       40.4893875       49.9210815    
       33540   74.4318161       40.4893875       49.8183899    
       33600   74.8227310       40.0272636       49.8365860    
       33660   75.1045456       40.0272636       49.8938560    
       33720   75.2088852       39.6972961       49.9904060    
       33780   75.4250031       39.6972961       50.0028648    
       33840   76.0340881       39.8439674       49.8884773    
       33900   76.6977310       39.8439674       49.6734505    
       33960   76.8333359       40.1451073       49.2938957    
       34020   77.2863617       40.1451073       48.8598328    
       34080   77.5431824       39.9480858       48.4148827    
       34140   77.7818146       39.9480858       48.0162544    
       34200   78.1886368       39.1024590       47.7467842    
       34260   78.1777802       39.1024590       47.5560036    
       34320   78.3227310       38.2149429       47.4144287    
       34380   78.6136398       38.2149429       47.2303276    
       34440   79.1840897       37.8357010       46.9595909    
       34500   79.2955551       37.8357010       46.6184158    
       34560   79.8022690       37.6501122       46.2516060    
       34620   80.2477264       37.6501122       46.0039291    
       34680   80.3909073       37.1225662       45.9221420    
       34740   80.2422256       37.1225662       45.9300308    
       34800   80.1931839       36.4954224       45.9883957    
       34860   79.9613647       36.4954224       46.0095329    
       34920   79.7659073       36.5199852       45.9501114    
       34980   79.7866669       36.5199852       45.8165741    
       35040   79.7613602       36.7433739       45.6544037    
       35100   79.8022690       36.7433739       45.4833527    
       35160   79.9499969       36.6492729       45.2911911    
       35220   80.0288925       36.6492729       45.1054993    
       35280   80.0704575       36.4426956       44.8740005    
       35340   80.0227280       36.4426956       44.6004715    
       35400   79.7795486       36.1519394       44.2874756    
       35460   79.7133331       36.1519394       43.9660416    
       35520   79.6545486       35.6811562       43.6493530    
       35580   79.5250015       35.6811562       43.3115501    
       35640   79.6659088       35.0544167       42.9916611    
       35700   79.7955551       35.0544167       42.6524315    
       35760   79.6136398       34.4461288       42.3415604    
       35820   79.6090927       34.4461288       42.0916595    
       35880   79.7136383       33.9075508       64.1269455    
       35940   79.7136383       33.9075508       63.9013176    
       36000   79.7227249       33.4804802       63.6645126    
       36060   79.6883698       33.4804802       63.4132690    
       36120   79.8068161       33.2471809       63.1165581    
       36180   79.8977280       33.2471809       62.7703285    
       36240   80.0888901       32.9767380       62.4084091    
       36300   80.0888901       32.9767380       62.0737228    
       36360   80.1911087       32.5335808       61.8180962    
       36420   80.4266663       32.5335808       61.6230240    
       36480   80.7488861       32.0301781       61.3898239    
       36540   80.7488861       32.0301781       61.0728531    
       36600   80.9533310       31.8450413       60.6763000    
       36660   81.3311081       31.8450413       60.2752304    
       36720   81.4666672       31.5105190       59.9497223    
       36780   81.4666672       31.5105190       59.6973190    
       36840   81.6222229       30.8658352       59.5112305    
       36900   81.3733368       30.8658352       59.3336563    
       36960   81.2799988       30.5192623       59.1557465    
       37020   81.2799988       30.5192623       58.9396782    
       37080   81.1911087       30.4365196       58.7066345    
       37140   81.2666702       30.4365196       58.4864197    
       37200   81.1739120       30.3498154       58.2391281    
       37260   81.2200012       30.3498154       57.9699631    
       37320   81.2977753       30.1974220       57.6230087    
       37380   81.3318176       30.1974220       57.1980057    
       37440   81.2888870       29.9380741       56.7145271    
       37500   81.1955566       29.9380741       56.2153664    
       37560   81.2555542       29.3731670       55.7748260    
       37620   81.3688889       29.3731670       55.4572716    
       37680   81.3688889       28.5753651       55.2419891    
       37740   81.5422211       28.5753651       55.0852661    
       37800   81.8044434       28.0092239       54.9936867    
       37860   81.8577805       28.0092239       54.8841400    
       37920   81.9522705       27.8435650       54.7713661    
       37980   82.0088882       27.8435650       54.6852264    
       38040   82.1711121       27.9330578       54.5856285    
       38100   82.3822250       27.9330578       54.5168266    
       38160   82.3409119       28.0085754       54.4946365    
       38220   82.4933319       28.0085754       54.4738731    
       38280   82.7177811       28.0301991       54.4999733    
       38340   83.0155563       28.0301991       54.5262413    
       38400   83.2272720       28.2324429       54.4694405    
       38460   83.3399963       28.2324429       54.3688736    
       38520   83.7133331       28.6180916       54.2618065    
       38580   83.9340897       28.6180916       54.1915359    
       38640   84.0318146       28.6747971       54.1311455    
       38700   84.1444473       28.6747971       54.0351067    
       38760   84.2600021       28.7039948       53.8904991    
       38820   84.3045425       28.7039948       53.7096329    
       38880   84.3454514       28.7701416       53.5274811    
       38940   84.5533371       28.7701416       53.3963356    
       39000   84.7355576       28.6433601       53.3318100    
       39060   84.9977798       28.6433601       53.3313866    
       39120   85.1840897       28.5094261       53.4907494    
       39180   85.1377792       28.5094261       53.7966766    
       39240   85.2200012       28.6356869       54.0475159    
       39300   84.9711075       28.6356869       54.2042656    
       39360   84.9590912       29.3889141       54.2593193    
       39420   84.7977753       29.3889141       54.1649361    
       39480   84.6622238       29.9230900       74.6095352    
       39540   84.5749969       29.9230900       74.2020035    
       39600   84.2399979       30.0550156       73.7021942    
       39660   84.0311127       30.0550156       73.1627121    
       39720   84.0311127       29.6340656       72.6266556    
       39780   84.0113602       29.6340656       72.1261597    
       39840   83.9511642       28.8525867       71.6947937    
       39900   83.8428574       28.8525867       71.3000336    
       39960   83.8428574       28.0914288       70.9751663    
       40020   83.7780457       28.0914288       70.6672821    
       40080   83.7050018       27.6095161       70.3674088    
       40140   83.6230774       27.6095161       70.1734924    
       40200   83.0074997       27.3987503       70.0263062    
       40260   83.0524979       27.3987503       69.9229050    
       40320   82.9923096       27.2256699       69.8581696    
       40380   83.0051270       27.2256699       69.7520065    
       40440   83.0350037       27.2403316       69.6344986    
       40500   83.1074982       27.2403316       69.5127945    
       40560   83.2923050       27.4085789       69.3389282    
       40620   83.5000000       27.4085789       69.1218567    
       40680   83.3525009       27.5340729       68.8657837    
       40740   83.2050018       27.5340729       68.5496826    
       40800   83.2615356       27.4543285       68.1952057    
       40860   83.3410263       27.4543285       67.8425751    
       40920   83.1350021       27.2224445       67.5162582    
       40980   83.1474991       27.2224445       67.2720566    
       41040   83.1474991       26.8397598       67.0912704    
       41100   83.0350037       26.8397598       66.9546051    
       41160   82.9349976       26.5607929       66.8780670    
       41220   82.5674973       26.5607929       66.7871628    
       41280   82.4307709       26.5309162       66.6862411    
       41340   82.3399963       26.5309162       66.5962296    
       41400   82.2249985       26.7365341       66.5218277    
       41460   82.0500031       26.7365341       66.4565048    
       41520   81.9948730       26.9020920       66.3525391    
       41580   81.8274994       26.9020920       66.1951141    
       41640   81.6524963       27.1293697       65.9662552    
       41700   81.6650009       27.1293697       65.7061005    
       41760   81.6125031       27.2015533       65.4112244    
       41820   81.6125031       27.2015533       65.0662079    
       41880   81.4400024       26.9919376       64.7074051    
       41940   81.2574997       26.9919376       64.2889786    
       42000   80.5849991       26.6444988       63.8390083    
       42060   80.5849991       26.6444988       63.4408989    
       42120   80.4300003       26.2407875       63.0697327    
       42180   79.8974991       26.2407875       62.6883888    
       42240   79.9243927       25.7111092       62.2995148    
       42300   79.7975006       25.7111092       61.9299240    
       42360   79.4349976       25.2859917       61.5593605    
       42420   79.0250015       25.2859917       61.2006073    
       42480   78.9414597       24.8285027       60.8607979    
       42540   78.7825012       24.8285027       60.5051270    
       42600   78.5000000       24.3656960       60.1502419    
       42660   78.2324982       24.3656960       59.7804642    
       42720   77.9769211       23.9752331       59.4140129    
       42780   78.0849991       23.9752331       58.9552345    
       42840   78.0425034       23.5857410       58.3870163    
       42900   78.0400009       23.5857410       57.9109650    
       42960   78.1538467       23.2069855       57.5305519    
       43020   78.2549973       23.2069855       57.2534637    
       43080   78.5000000       22.3953590       60.5223427    
       43140   78.6600037       22.3953590       60.4209785    
       43200   78.6600037       21.9578571       60.4479675    
       43260   78.7125015       21.9578571       60.5655861    
       43320   78.4875031       21.9805641       60.7469902    
       43380   78.6658554       21.9805641       60.9474030    
       43440   78.6658554       22.4958210       61.1172485    
       43500   78.9047623       22.4958210       61.2251511    
       43560   79.1534882       23.2492409       61.2951202    
       43620   79.3272705       23.2492409       61.2928886    
       43680   79.3272705       23.8805599       61.2621765    
       43740   79.3577805       23.8805599       61.2109070    
       43800   79.3577805       24.3523827       61.1160202    
       43860   79.8600006       24.3523827       61.0386696    
       43920   79.8022690       24.7097569       60.9773369    
       43980   79.6600037       24.7097569       60.9369621    
       44040   79.6266632       24.8858891       60.8959694    
       44100   79.5222244       24.8858891       60.8235474    
       44160   79.3772736       25.1196346       60.6982841    
       44220   79.2311096       25.1196346       60.5688400    
       44280   78.9644470       25.3458920       60.4539528    
       44340   78.9954529       25.3458920       60.3497810    
       44400   79.2590942       25.3604870       60.2693520    
       44460   79.0533371       25.3604870       60.1906471    
       44520   78.8733368       25.4240227       60.1260796    
       44580   78.9590912       25.4240227       60.0510101    
       44640   79.0409088       25.5765915       59.9637756    
       44700   78.8977814       25.5765915       59.8832932    
       44760   78.7088852       25.7798252       59.7982750    
       44820   78.7409058       25.7798252       59.6929169    
       44880   78.9863663       25.9297714       59.5725212    
       44940   79.0111084       25.9297714       59.4322624    
       45000   79.2377777       26.0561066       59.2566338    
       45060   79.1500015       26.0561066       59.0411758    
       45120   79.3750000       26.1204777       58.7915649    
       45180   79.3750000       26.1204777       58.5556297    
       45240   79.7295456       26.0408611       58.3401794    
       45300   80.0159073       26.0408611       58.1630325    
       45360   80.0500031       25.8217602       58.0063286    
       45420   79.8883743       25.8217602       57.8736115    
       45480   80.0909119       25.6804142       57.7795906    
       45540   80.2113647       25.6804142       57.6878777    
       45600   80.4204559       25.6163731       57.5941772    
       45660   80.8255844       25.6163731       57.4702034    
       45720   81.0454559       25.6998711       57.3055992    
       45780   81.2227249       25.6998711       57.1256332    
       45840   81.6363602       25.7721653       56.9370880    
       45900   81.6511612       25.7721653       56.7371292    
       45960   81.6795425       25.6818314       56.5286827    
       46020   81.7727280       25.6818314       56.3318596    
       46080   82.0818176       25.5541039       56.1505585    
       46140   82.2909088       25.5541039       55.9778099    
       46200   82.2909088       25.3899193       55.8660164    
       46260   82.2295456       25.3899193       55.7985382    
       46320   82.1727295       25.2836380       55.7736359    
       46380   82.0688858       25.2836380       55.7729759    
       46440   82.0636368       25.4144764       55.6786652    
       46500   82.0818176       25.4144764       55.5078735    
       46560   82.2045441       25.7101574       55.2851524    
       46620   82.2045441       25.7101574       55.0070648    
       46680   82.2863617       25.6347847       80.6544266    
       46740   82.1159058       25.6347847       80.3397141    
       46800   82.1204529       25.3520908       80.0479813    
       46860   82.1204529       25.3520908       79.7630615    
       46920   82.2363663       25.0756855       79.4876556    
       46980   82.4068146       25.0756855       79.2496262    
       47040   81.9863663       24.9035225       78.9745560    
       47100   81.9863663       24.9035225       78.7113342    
       47160   81.8302307       24.7787914       78.4311142    
       47220   81.3139572       24.7787914       78.1083679    
       47280   80.9976730       24.5104561       77.7709351    
       47340   80.9976730       24.5104561       77.3773727    
       47400   80.9372101       24.1824074       76.9253082    
       47460   80.7818146       24.1824074       76.4374390    
       47520   80.5886383       23.8059616       75.9453049    
       47580   80.5886383       23.8059616       75.4486694    
       47640   80.6886368       23.1976967       75.0072250    
       47700   80.6613617       23.1976967       74.6429062    
       47760   80.5318146       22.5809422       74.2556381    
       47820   80.3577805       22.5809422       73.8672714    
       47880   80.5295486       22.1858711       73.4968872    
       47940   80.5477295       22.1858711       73.1254730    
       48000   80.4377747       21.7004490       72.7507172    
       48060   79.7266693       21.7004490       72.3591766    
       48120   79.9477310       21.2881527       71.9582214    
       48180   79.9295425       21.2881527       71.5357513    
       48240   79.8488922       20.8675690       71.1067429    
       48300   79.7340927       20.8675690       70.6731873    
       48360   79.6954575       20.4087925       70.2353821    
       48420   79.8659058       20.4087925       69.8047485    
       48480   79.6444473       19.9259853       69.3824844    
       48540   79.6250000       19.9259853       68.9627304    
       48600   79.5272751       19.4275703       68.5496902    
       48660   79.1977310       19.4275703       68.1592789    
       48720   79.1444473       18.9624939       67.7994308    
       48780   78.8431854       18.9624939       67.4645004    
       48840   78.8244476       18.5226479       67.1638489    
       48900   78.4466629       18.5226479       66.8905792    
       48960   77.8333359       18.2041836       66.6311035    
       49020   77.5318146       18.2041836       66.4029846    
       49080   77.2133331       18.0196514       66.2051620    
       49140   76.9599991       18.0196514       66.0232010    
       49200   76.7511139       17.8879128       65.9216995    
       49260   76.3886337       17.8879128       65.9050217    
       49320   76.3022232       17.8747139       65.9779205    
       49380   75.9377747       17.8747139       66.1506805    
       49440   75.6066666       18.1777992       66.3580704    
       49500   75.3840942       18.1777992       66.5931091    
       49560   75.2488861       18.8307228       66.8410263    
       49620   75.0288925       18.8307228       67.0993042    
       49680   74.9533310       19.6189747       67.3513260    
       49740   74.7090912       19.6189747       67.5931244    
       49800   74.2636337       20.4567051       67.8391037    
       49860   73.6977768       20.4567051       68.0367355    
       49920   73.3600006       21.2674332       68.1984024    
       49980   73.3249969       21.2674332       68.3258667    
       50040   73.0045471       22.0930119       68.4371948    
       50100   72.7244415       22.0930119       68.6503677    
       50160   72.5090942       22.7754116       68.9281769    
       50220   71.6454544       22.7754116       69.2459717    
       50280   71.6044464       23.3917885       77.5411148    
       50340   70.8711090       23.3917885       77.7579727    
       50400   70.6636353       24.2605190       77.8945084    
       50460   70.3750000       24.2605190       77.9135208    
       50520   70.5999985       25.0345325       77.8447189    
       50580   70.4711075       25.0345325       77.6851959    
       50640   70.3931808       25.4930668       77.4793320    
       50700   70.6840897       25.4930668       77.3040695    
       50760   70.9666672       25.6128387       77.1737137    
       50820   71.1847839       25.6128387       77.1143494    
       50880   71.2688904       25.5570946       77.1053009    
       50940   71.3777771       25.5570946       77.1207352    
       51000   71.5195618       25.6786480       77.1552124    
       51060   71.4869537       25.6786480       77.2110443    
       51120   71.4288864       25.9966850       77.3167725    
       51180   71.5377808       25.9966850       77.4409790    
       51240   71.7565231       26.3944893       77.5741425    
       51300   71.7260895       26.3944893       77.6559372    
       51360   71.5266647       26.9931183       77.6433258    
       51420   71.8022232       26.9931183       77.6376953    
       51480   72.0866699       27.6215878       77.6261597    
       51540   72.0866699       27.6215878       77.5892792    
       51600   72.0772705       27.8817120       77.5212555    
       51660   71.9953461       27.8817120       77.4246902    
       51720   72.4714279       28.1205406       77.3469849    
       51780   72.4714279       28.1205406       77.2804413    
       51840   72.5024414       28.2357769       77.2324982    
       51900   72.4075012       28.2357769       77.1885910    
       51960   72.4075012       28.4221287       77.1595001    
       52020   72.4461517       28.4221287       77.1450348    
       52080   72.4078979       28.6841469       77.1440506    
       52140   72.4756775       28.6841469       77.1553040    
       52200   72.4756775       29.0027771       77.1845474    
       52260   72.3833313       29.0027771       77.2274551    
       52320   72.3228607       29.3735790       77.3113556    
       52380   72.1911774       29.3735790       77.4285278    
       52440   72.1911774       29.8127403       77.5205078    
       52500   72.0151520       29.8127403       77.5781631    
       52560   71.9562531       30.4137573       77.6120300    
       52620   72.2612915       30.4137573       77.6354752    
       52680   72.2612915       30.9133549       77.6217422    
       52740   72.5633316       30.9133549       77.5718231    
       52800   72.3965530       31.3180351       77.4974365    
       52860   72.1892853       31.3180351       77.3342133    
       52920   72.1892853       31.5739002       77.0858536    
       52980   72.1777802       31.5739002       76.7478027    
       53040   72.1038437       31.7325668       76.3242264    
       53100   71.9879990       31.7325668       75.8799973    
       53160   71.9879990       31.5542011       75.4494629    
       53220   72.0999985       31.5542011       75.0475998    
       53280   72.0608673       31.0374870       74.6757126    
       53340   9999.00000       31.0374870       74.3504562    
       53400   9999.00000       30.5717964       74.0739212    
       53460   9999.00000       30.5717964       73.8317032    
       53520   9999.00000       30.2229843       73.6168976    
       53580   9999.00000       30.2229843       73.4169922    
       53640   9999.00000       30.0639114       73.1917343    
       53700   9999.00000       30.0639114       72.9232330    
       53760   9999.00000       30.0100193       72.6029510    
       53820   9999.00000       30.0100193       72.2680435    
       53880   9999.00000       29.8543148       49.3491669    
       53940   9999.00000       29.8543148       49.0617790    
       54000   9999.00000       29.4932289       48.8454552    
       54060   9999.00000       29.4932289       48.7034531    
       54120   9999.00000       29.1295166       48.5386086    
       54180   9999.00000       29.1295166       48.3164444    
       54240   9999.00000       29.0280743       48.2361946    
       54300   9999.00000       29.0280743       48.2532425    
       54360   9999.00000       28.8239403       48.3292274    
       54420   9999.00000       28.8239403       48.4486008    
       54480   9999.00000       29.1641979       48.5735512    
       54540   9999.00000       29.1641979       48.7295876    
       54600   9999.00000       29.7120247       48.8912544    
       54660   9999.00000       29.7120247       49.0603905    
       54720   9999.00000       30.2740307       49.1906738    
       54780   9999.00000       30.2740307       49.2532043    
       54840   9999.00000       30.8508091       49.3012619    
       54900   9999.00000       30.8508091       49.3443298    
       54960   9999.00000       31.2576752       49.4745712    
       55020   9999.00000       31.2576752       49.7365150    
       55080   9999.00000       31.5902405       50.1225433    
       55140   9999.00000       31.5902405       50.6441231    
       55200   9999.00000       32.2641525       51.2397041    
       55260   9999.00000       32.2641525       51.9146233    
       55320   9999.00000       33.4167900       52.6277695    
       55380   9999.00000       33.4167900       53.3316345    
       55440   9999.00000       34.8478889       54.0414352    
       55500   9999.00000       34.8478889       54.7510185    
       55560   9999.00000       36.4198227       55.4610176    
       55620   9999.00000       36.4198227       56.1594925    
       55680   9999.00000       38.0136566       56.8563499    
       55740   9999.00000       38.0136566       57.5518990    
       55800   9999.00000       39.5986710       58.2423210    
       55860   9999.00000       39.5986710       58.9231949    
       55920   9999.00000       41.1698036       59.5805473    
       55980   9999.00000       41.1698036       60.1872864    
       56040   9999.00000       42.7167931       60.7338600    
       56100   9999.00000       42.7167931       61.2776566    
       56160   9999.00000       44.1675873       61.7944450    
       56220   9999.00000       44.1675873       62.2735138    
       56280   9999.00000       45.3742409       62.7188683    
       56340   9999.00000       45.3742409       63.1583672    
       56400   9999.00000       46.4709854       63.6281433    
       56460   9999.00000       46.4709854       64.1159744    
       56520   9999.00000       47.4307823       64.6110229    
       56580   9999.00000       47.4307823       65.1092987    
       56640   9999.00000       48.5068092       65.6053009    
       56700   9999.00000       48.5068092       66.0948715    
       56760   9999.00000       49.6073875       66.6127472    
       56820   9999.00000       49.6073875       67.1251831    
       56880   9999.00000       50.6954346       67.6433716    
       56940   9999.00000       50.6954346       68.1654358    
       57000   9999.00000       51.8921471       68.6724930    
       57060   9999.00000       51.8921471       69.1625061    
       57120   9999.00000       53.1097336       69.6158829    
       57180   9999.00000       53.1097336       70.0394974    
       57240   9999.00000       54.2649269       70.4143677    
       57300   9999.00000       54.2649269       70.7810211    
       57360   9999.00000       55.2731857       71.0115128    
       57420   9999.00000       55.2731857       71.1141052    
