 20190718
 Seconds  Measures(TAU-ms)  Meso-NH(TAU-ms)  FORECAST_AR(TAU-ms)
       28680   3.71136355       4.93599892       3.86766934    
       28740   3.73065114       4.93599892       3.86905861    
       28800   3.73065114       4.93864965       3.87045193    
       28860   3.75366664       4.93864965       3.87186742    
       28920   3.77278042       4.94086123       3.87293482    
       28980   3.77278042       4.94086123       3.87352538    
       29040   3.79830003       4.94279385       3.87423182    
       29100   3.81356406       4.94279385       3.87559223    
       29160   3.82636833       4.94492817       3.87767673    
       29220   3.82636833       4.94492817       3.88035750    
       29280   3.84827018       4.94754505       3.88319087    
       29340   3.86991668       4.94754505       3.88584042    
       29400   3.86991668       4.95127821       3.88831663    
       29460   3.89097142       4.95127821       3.89027882    
       29520   3.91899991       4.95692873       3.89209485    
       29580   3.94214702       4.95692873       3.89399481    
       29640   3.95082855       4.96245003       3.89568043    
       29700   4.00197124       4.96245003       3.89711952    
       29760   4.05297136       4.96602488       3.89833689    
       29820   4.08238220       4.96602488       3.89963651    
       29880   4.11474276       4.96811199       3.90118289    
       29940   4.17942858       4.96811199       3.90277481    
       30000   4.24054289       4.96957636       3.90419579    
       30060   4.24161768       4.96957636       3.90535426    
       30120   4.28837156       4.97085524       3.90616679    
       30180   4.33357143       4.97085524       3.90685010    
       30240   4.37874985       4.97115326       3.90771937    
       30300   4.38702869       4.97115326       3.90898657    
       30360   4.42051411       4.97048092       3.91071320    
       30420   4.49057150       4.97048092       3.91268754    
       30480   4.53563881       4.97024441       3.91480064    
       30540   4.53005695       4.97024441       3.91715598    
       30600   4.58694267       4.97154856       3.91970086    
       30660   4.58822870       4.97154856       3.92246437    
       30720   4.59088898       4.97382593       3.92536378    
       30780   4.58302879       4.97382593       3.92827797    
       30840   4.58348560       4.97599125       3.93104434    
       30900   4.59242868       4.97599125       3.93369007    
       30960   4.65455532       4.97755194       3.93631363    
       31020   4.70883322       4.97755194       3.93905258    
       31080   4.75308561       4.97864008       3.94201922    
       31140   4.80819464       4.97864008       3.94496655    
       31200   4.88505554       4.97948837       3.94786668    
       31260   4.90108585       4.97948837       3.95053339    
       31320   4.93197060       4.98018360       3.95301747    
       31380   4.93197060       4.98018360       3.95554161    
       31440   4.96560621       4.98040104       3.95825791    
       31500   5.02046871       4.98040104       3.96121979    
       31560   5.09067726       4.98015308       3.96423221    
       31620   5.13824987       4.98015308       3.96713257    
       31680   5.15919352       4.98046923       3.96985769    
       31740   5.23635483       4.98046923       3.97244358    
       31800   5.30632257       4.98113871       3.97497725    
       31860   5.29209375       4.98113871       3.97743249    
       31920   5.34467745       4.98169947       3.97983265    
       31980   5.37977409       4.98169947       3.98217082    
       32040   5.39812899       4.98215580       3.98426676    
       32100   5.41900015       4.98215580       3.98612857    
       32160   5.48890638       4.98240042       3.98784661    
       32220   5.54054832       4.98240042       3.98953533    
       32280   5.59967756       4.98204851       4.22296143    
       32340   5.61549997       4.98204851       4.22544193    
       32400   5.64839411       4.98115253       4.22779703    
       32460   5.64839411       4.98115253       4.23031902    
       32520   5.66497040       4.98002100       4.23305178    
       32580   5.68034267       4.98002100       4.23591232    
       32640   5.68086100       4.97936487       4.23875809    
       32700   5.68086100       4.97936487       4.24121332    
       32760   5.69540548       4.97888660       4.24309826    
       32820   5.72107887       4.97888660       4.24479914    
       32880   5.74135876       4.97800827       4.24660397    
       32940   5.74135876       4.97800827       4.24854946    
       33000   5.75552511       4.97635841       4.25058126    
       33060   5.79121971       4.97635841       4.25259781    
       33120   5.77088118       4.97429752       4.25460720    
       33180   5.81304884       4.97429752       4.25651312    
       33240   5.78892851       4.97204161       4.25834560    
       33300   5.81130934       4.97204161       4.26036167    
       33360   5.83147621       4.96985769       4.26257277    
       33420   5.85368299       4.96985769       4.26475954    
       33480   5.85283327       4.96802902       4.26681376    
       33540   5.84383345       4.96802902       4.26878166    
       33600   5.81511927       4.96677589       4.27074814    
       33660   5.81958532       4.96677589       4.27285337    
       33720   5.80664301       4.96566486       4.27507734    
       33780   5.80352402       4.96566486       4.27736092    
       33840   5.80073166       4.96442604       4.27967358    
       33900   5.79817057       4.96442604       4.28182554    
       33960   5.79288101       4.96366310       4.28390169    
       34020   5.80066681       4.96366310       4.28588247    
       34080   5.78453636       4.96335936       4.28780031    
       34140   5.72992706       4.96335936       4.28962517    
       34200   5.71247625       4.96302032       4.29122829    
       34260   5.73747635       4.96302032       4.29272366    
       34320   5.76478052       4.96204519       4.29425049    
       34380   5.81031704       4.96204519       4.29600430    
       34440   5.81178570       4.96080446       4.29804325    
       34500   5.79957151       4.96080446       4.30040216    
       34560   5.81119490       4.96051311       4.30293036    
       34620   5.78834152       4.96051311       4.30551243    
       34680   5.77382517       4.96164417       4.30795240    
       34740   5.79326820       4.96164417       4.31024456    
       34800   5.78685379       4.96357393       4.31259346    
       34860   5.76017094       4.96357393       4.31498241    
       34920   5.76017094       4.96559906       4.31734371    
       34980   5.79054785       4.96559906       4.31955576    
       35040   5.81183720       4.96811199       4.32172155    
       35100   5.84409094       4.96811199       4.32373333    
       35160   5.84409094       4.97073126       4.32559586    
       35220   5.88868904       4.97073126       4.32749748    
       35280   5.92564440       4.97342014       4.32926559    
       35340   5.96965218       4.97342014       4.33093691    
       35400   5.95262241       4.97558069       4.33247662    
       35460   5.97419977       4.97558069       4.33383799    
       35520   5.99515533       4.97697020       4.33527851    
       35580   6.00204325       4.97697020       4.33677626    
       35640   6.03140020       4.97786236       4.33864355    
       35700   6.04106665       4.97786236       4.34102154    
       35760   6.05326653       4.97901821       4.34371233    
       35820   6.07411098       4.97901821       4.34666777    
       35880   6.07411098       4.98148966       6.51854134    
       35940   6.05828905       4.98148966       6.52063322    
       36000   6.06939983       4.98518181       6.52226543    
       36060   6.07299995       4.98518181       6.52376318    
       36120   6.07299995       4.98936939       6.52504635    
       36180   6.07684422       4.98936939       6.52638960    
       36240   6.08417797       4.99354029       6.52812481    
       36300   6.09293175       4.99354029       6.53010654    
       36360   6.10962200       4.99775362       6.53203011    
       36420   6.11415577       4.99775362       6.53398228    
       36480   6.10862207       5.00230026       6.53560877    
       36540   6.09945440       5.00230026       6.53706646    
       36600   6.12395573       5.00605679       6.53842592    
       36660   6.18037796       5.00605679       6.53941536    
       36720   6.17857790       5.00869322       6.54019022    
       36780   6.20679569       5.00869322       6.54045010    
       36840   6.23391104       5.01070213       6.54009962    
       36900   6.27017784       5.01070213       6.53922844    
       36960   6.30662203       5.01255608       6.53763723    
       37020   6.31822729       5.01255608       6.53538561    
       37080   6.32371092       5.01410818       6.53249168    
       37140   6.31511116       5.01410818       6.52890444    
       37200   6.33997774       5.01429462       6.52469349    
       37260   6.38227272       5.01429462       6.52000284    
       37320   6.38384438       5.01288891       6.51491022    
       37380   6.40364456       5.01288891       6.50952053    
       37440   6.42128897       5.01051950       6.50386524    
       37500   6.42128897       5.01051950       6.49790907    
       37560   6.42231131       5.00749207       6.49157476    
       37620   6.42753315       5.00749207       6.48485899    
       37680   6.44265890       5.00313807       6.47784472    
       37740   6.42273331       5.00313807       6.47062254    
       37800   6.44833326       4.99701643       6.46339035    
       37860   6.47553349       4.99701643       6.45604420    
       37920   6.46950006       4.98954964       6.44880772    
       37980   6.47926664       4.98954964       6.44147778    
       38040   6.45415545       4.98163128       6.43406820    
       38100   6.46738625       4.98163128       6.42663240    
       38160   6.53111362       4.97383261       6.41910267    
       38220   6.56077766       4.97383261       6.41158724    
       38280   6.57242203       4.96608734       6.40409279    
       38340   6.57242203       4.96608734       6.39669657    
       38400   6.54895544       4.95843220       6.38937712    
       38460   6.56011105       4.95843220       6.38201618    
       38520   6.61271095       4.95139742       6.37452936    
       38580   6.63784790       4.95139742       6.36705542    
       38640   6.62900019       4.94536209       6.35955667    
       38700   6.63151121       4.94536209       6.35192347    
       38760   6.65837765       4.93942213       6.34421396    
       38820   6.65837765       4.93942213       6.33650637    
       38880   6.64997768       4.93355131       6.32884693    
       38940   6.63162231       4.93355131       6.32146883    
       39000   6.62139988       4.92730093       6.31432152    
       39060   6.62139988       4.92730093       6.30739260    
       39120   6.65122223       4.92090273       6.30069208    
       39180   6.69033337       4.92090273       6.29394960    
       39240   6.71893311       4.91495132       6.28717566    
       39300   6.74241304       4.91495132       6.28007936    
       39360   6.77726650       4.90948343       6.27257204    
       39420   6.77011108       4.90948343       6.26479769    
       39480   6.77597713       4.90360355       6.01461983    
       39540   6.78024435       4.90360355       6.00905418    
       39600   6.80113316       4.89590931       6.00321007    
       39660   6.80556822       4.89590931       5.99742270    
       39720   6.79518175       4.88656473       5.99176502    
       39780   6.79902220       4.88656473       5.98605108    
       39840   6.77122211       4.87668562       5.98012972    
       39900   6.75206661       4.87668562       5.97391081    
       39960   6.75206661       4.86706591       5.96745539    
       40020   6.80273342       4.86706591       5.96116877    
       40080   6.86853313       4.85777760       5.95523310    
       40140   6.87971115       4.85777760       5.94992208    
       40200   6.87971115       4.84867668       5.94517422    
       40260   6.84953356       4.84867668       5.94073963    
       40320   6.86255550       4.84108639       5.93648577    
       40380   6.85629559       4.84108639       5.93223238    
       40440   6.94664431       4.83532953       5.92823505    
       40500   6.99522209       4.83532953       5.92443752    
       40560   7.07531118       4.83029890       5.92084646    
       40620   7.08097744       4.83029890       5.91769505    
       40680   7.10620022       4.82603598       5.91499901    
       40740   7.11573315       4.82603598       5.91279078    
       40800   7.13188887       4.82237816       5.91098833    
       40860   7.15861368       4.82237816       5.90947580    
       40920   7.13353348       4.82028580       5.90812111    
       40980   7.13888884       4.82028580       5.90686798    
       41040   7.16148901       4.82000399       5.90576267    
       41100   7.17559099       4.82000399       5.90502739    
       41160   7.18104458       4.82086325       5.90465593    
       41220   7.20879984       4.82086325       5.90465641    
       41280   7.24056816       4.82268333       5.90491772    
       41340   7.22315550       4.82268333       5.90533781    
       41400   7.21628904       4.82584715       5.90576267    
       41460   7.25315571       4.82584715       5.90598917    
       41520   7.27661371       4.83061314       5.90616941    
       41580   7.27493334       4.83061314       5.90624380    
       41640   7.25557756       4.83599806       5.90648508    
       41700   7.30426645       4.83599806       5.90673208    
       41760   7.30426645       4.84113550       5.90701008    
       41820   7.30071115       4.84113550       5.90732241    
       41880   7.26451111       4.84639168       5.90764236    
       41940   7.28379536       4.84639168       5.90799189    
       42000   7.28228903       4.85170746       5.90843248    
       42060   7.29244423       4.85170746       5.90903473    
       42120   7.29795551       4.85696983       5.90982246    
       42180   7.28324461       4.85696983       5.91081285    
       42240   7.27220440       4.86205673       5.91202545    
       42300   7.26257801       4.86205673       5.91350842    
       42360   7.27937794       4.86751699       5.91528463    
       42420   7.25622225       4.86751699       5.91737318    
       42480   7.25622225       4.87396955       5.91970682    
       42540   7.26495552       4.87396955       5.92228317    
       42600   7.29206657       4.88177538       5.92495251    
       42660   7.28756809       4.88177538       5.92773199    
       42720   7.32622242       4.89059544       5.93048477    
       42780   7.33671093       4.89059544       5.93321085    
       42840   7.38435555       4.89989662       5.93589115    
       42900   7.37947750       4.89989662       5.93853188    
       42960   7.39804554       4.90926647       5.94110966    
       43020   7.43342209       4.90926647       5.94369602    
       43080   7.51104450       4.91852760       7.11804867    
       43140   7.51104450       4.91852760       7.12024879    
       43200   7.52338648       4.92747927       7.12271309    
       43260   7.55476761       4.92747927       7.12542725    
       43320   7.55476761       4.93635035       7.12838840    
       43380   7.58211899       4.93635035       7.13137388    
       43440   7.62485695       4.94586086       7.13416529    
       43500   7.68497610       4.94586086       7.13631916    
       43560   7.73409748       4.95587921       7.13775063    
       43620   7.74823809       4.95587921       7.13884020    
       43680   7.70521450       4.96520615       7.13960552    
       43740   7.70921421       4.96520615       7.14022160    
       43800   7.72834158       4.97284031       7.14065504    
       43860   7.77226210       4.97284031       7.14039326    
       43920   7.86971426       4.97913074       7.13972044    
       43980   7.83158541       4.97913074       7.13883114    
       44040   7.88142872       4.98450661       7.13766432    
       44100   7.83411884       4.98450661       7.13651991    
       44160   7.79638100       4.98976994       7.13571692    
       44220   7.74175596       4.98976994       7.13490677    
       44280   7.75997639       4.99503374       7.13417101    
       44340   7.79195261       4.99503374       7.13334799    
       44400   7.82530975       5.00012922       7.13235617    
       44460   7.89573812       5.00012922       7.13140297    
       44520   7.89573812       5.00572729       7.13058615    
       44580   7.94188118       5.00572729       7.13013792    
       44640   7.98285723       5.01162100       7.13002396    
       44700   7.97864294       5.01162100       7.13004303    
       44760   7.97864294       5.01784563       7.12999010    
       44820   7.97876167       5.01784563       7.12987185    
       44880   8.05792904       5.02455235       7.12957335    
       44940   8.11295319       5.02455235       7.12925243    
       45000   8.15238094       5.03149033       7.12877989    
       45060   8.22123814       5.03149033       7.12828636    
       45120   8.27888107       5.03814411       7.12789917    
       45180   8.28555775       5.03814411       7.12751627    
       45240   8.31138134       5.04437637       7.12703085    
       45300   8.35449982       5.04437637       7.12626648    
       45360   8.42949963       5.05101728       7.12512207    
       45420   8.43662834       5.05101728       7.12350130    
       45480   8.46285725       5.05781126       7.12176657    
       45540   8.56138134       5.05781126       7.11995220    
       45600   8.65411663       5.06340170       7.11844015    
       45660   8.72818565       5.06340170       7.11729670    
       45720   8.79380989       5.06857443       7.11665773    
       45780   8.84535694       5.06857443       7.11644268    
       45840   8.89261913       5.07477522       7.11630678    
       45900   8.91523266       5.07477522       7.11613846    
       45960   8.96466637       5.08290148       7.11571026    
       46020   9.03004742       5.08290148       7.11505508    
       46080   9.11240482       5.09119272       7.11386490    
       46140   9.15537167       5.09119272       7.11221075    
       46200   9.16474438       5.09828806       7.11001539    
       46260   9.17652416       5.09828806       7.10736752    
       46320   9.21018600       5.10295534       7.10479546    
       46380   9.19960499       5.10295534       7.10244417    
       46440   9.26788330       5.10551214       7.10056257    
       46500   9.25764275       5.10551214       7.09921551    
       46560   9.23790741       5.10850239       7.09803391    
       46620   9.24125576       5.10850239       7.09703064    
       46680   9.24723816       5.11325407       8.27388287    
       46740   9.23409748       5.11325407       8.27475834    
       46800   9.23409748       5.11859083       8.27625942    
       46860   9.23409748       5.11859083       8.27803802    
       46920   9.23409748       5.12470436       8.28003311    
       46980   9.23409748       5.12470436       8.28201199    
       47040   9.18840504       5.13198185       8.28396034    
       47100   9.17233372       5.13198185       8.28621197    
       47160   9.20924377       5.14011002       8.28879070    
       47220   9.17130947       5.14011002       8.29156494    
       47280   9.12771416       5.14848661       8.29445744    
       47340   9.13316631       5.14848661       8.29709053    
       47400   9.12295151       5.15748644       8.29946899    
       47460   9.06802368       5.15748644       8.30183125    
       47520   8.99502373       5.16749048       8.30436134    
       47580   8.97204876       5.16749048       8.30683327    
       47640   8.97204876       5.17820358       8.30937386    
       47700   8.94822502       5.17820358       8.31189728    
       47760   8.94856453       5.18930817       8.31432343    
       47820   8.97278976       5.18930817       8.31660080    
       47880   8.97278976       5.20053816       8.31883144    
       47940   8.92523670       5.20053816       8.32110405    
       48000   8.86739445       5.21243191       8.32354546    
       48060   8.88016224       5.21243191       8.32605076    
       48120   8.86235142       5.22422504       8.32841396    
       48180   8.81294727       5.22422504       8.33067417    
       48240   8.83094692       5.23607206       8.33269787    
       48300   8.84218884       5.23607206       8.33458996    
       48360   8.89243221       5.24769163       8.33636284    
       48420   8.89731598       5.24769163       8.33808041    
       48480   8.92639446       5.25886774       8.33962727    
       48540   8.87671089       5.25886774       8.34106636    
       48600   8.83489227       5.26982880       8.34235096    
       48660   8.83368397       5.26982880       8.34364700    
       48720   8.89907932       5.28068256       8.34496307    
       48780   8.87236881       5.28068256       8.34626293    
       48840   8.88064861       5.29181242       8.34745502    
       48900   8.88473701       5.29181242       8.34855175    
       48960   8.89781570       5.30368233       8.34944344    
       49020   8.84743214       5.30368233       8.35028744    
       49080   8.87805367       5.31564093       8.35114193    
       49140   8.86663151       5.31564093       8.35177898    
       49200   8.81371021       5.32733870       8.35224247    
       49260   8.71275711       5.32733870       8.35216427    
       49320   8.66610813       5.33915138       8.35165119    
       49380   8.62849998       5.33915138       8.35053825    
       49440   8.61586857       5.35031033       8.34904861    
       49500   8.59159470       5.35031033       8.34758091    
       49560   8.52040577       5.35976076       8.34609795    
       49620   8.45936871       5.35976076       8.34483337    
       49680   8.40905380       5.36741209       8.34378433    
       49740   8.30978394       5.36741209       8.34322548    
       49800   8.21648693       5.37471628       8.34311676    
       49860   8.18894577       5.37471628       8.34349537    
       49920   8.18460560       5.38290501       8.34430408    
       49980   8.11867523       5.38290501       8.34498978    
       50040   8.12075710       5.39281368       8.34550381    
       50100   7.99367571       5.39281368       8.34562206    
       50160   7.99055243       5.40430784       8.34539032    
       50220   7.97924328       5.40430784       8.34516144    
       50280   7.93059444       5.41529989       8.98522377    
       50340   7.87518406       5.41529989       8.98281288    
       50400   7.87518406       5.42507935       8.98118305    
       50460   7.82169247       5.42507935       8.97885609    
       50520   7.76127481       5.43510675       8.97683620    
       50580   7.76127481       5.43510675       8.97459602    
       50640   7.72036600       5.44532251       8.97170925    
       50700   7.71968269       5.44532251       8.96855450    
       50760   7.67641449       5.45557117       8.96480846    
       50820   7.65616655       5.45557117       8.96109200    
       50880   7.65714645       5.46511602       8.95702457    
       50940   7.66256094       5.46511602       8.95312595    
       51000   7.64382935       5.47358418       8.94867039    
       51060   7.60664272       5.47358418       8.94379234    
       51120   7.62592697       5.48097229       8.93859482    
       51180   7.64448786       5.48097229       8.93286800    
       51240   7.64949989       5.48697329       8.92754650    
       51300   7.65381384       5.48697329       8.92175484    
       51360   7.65381384       5.49208117       8.91632938    
       51420   7.63852262       5.49208117       8.91092777    
       51480   7.60986662       5.49719667       8.90522671    
       51540   7.54356527       5.49719667       8.89982986    
       51600   7.56231117       5.50231647       8.89424133    
       51660   7.50842237       5.50231647       8.88855457    
       51720   7.45360851       5.50725412       8.88263416    
       51780   7.43131113       5.50725412       8.87655354    
       51840   7.39315557       5.51265430       8.87027168    
       51900   7.31822205       5.51265430       8.86418438    
       51960   7.31822205       5.51750326       8.85826683    
       52020   7.27066660       5.51750326       8.85232162    
       52080   7.21786690       5.52191162       8.84670830    
       52140   7.19820023       5.52191162       8.84106255    
       52200   7.16663647       5.52610731       8.83534718    
       52260   7.19280005       5.52610731       8.82972240    
       52320   7.19911098       5.52990675       8.82394028    
       52380   7.13148880       5.52990675       8.81804562    
       52440   7.08186674       5.53275871       8.81215668    
       52500   7.08186674       5.53275871       8.80630970    
       52560   7.04388905       5.53420162       8.80053616    
       52620   7.02035570       5.53420162       8.79516888    
       52680   6.99367380       5.53443289       8.79025841    
       52740   6.92977762       5.53443289       8.78587723    
       52800   6.89536381       5.53474426       8.78215981    
       52860   6.86329556       5.53474426       8.77876949    
       52920   6.87262201       5.53682137       8.77580357    
       52980   6.83497763       5.53682137       8.77298260    
       53040   6.82584095       5.54080200       8.77033615    
       53100   6.78231812       5.54080200       8.76772118    
       53160   6.75631094       5.54596615       8.76509094    
       53220   6.68931103       5.54596615       8.76254463    
       53280   6.63422203       5.55204868       8.75994205    
       53340   6.63422203       5.55204868       8.75730515    
       53400   6.56593323       5.55841255       8.75447083    
       53460   6.45599985       5.55841255       8.75158405    
       53520   6.35015535       5.56481600       8.74853039    
       53580   6.31211376       5.56481600       8.74538136    
       53640   6.20911121       5.57072401       8.74234867    
       53700   6.07073355       5.57072401       8.73935890    
       53760   6.05929565       5.57606316       8.73652554    
       53820   5.94209099       5.57606316       8.73374462    
       53880   5.87946653       5.58155107       6.93463135    
       53940   5.78980017       5.58155107       6.93294764    
       54000   5.78900003       5.58726072       6.93166161    
       54060   5.71619987       5.58726072       6.92926168    
       54120   5.70024443       5.59255981       6.92721319    
       54180   5.68466663       5.59255981       6.92449903    
       54240   5.67186975       5.59837246       6.92195368    
       54300   5.66271114       5.59837246       6.91983604    
       54360   5.61928892       5.60427332       6.91879177    
       54420   5.60349989       5.60427332       6.91794014    
       54480   5.57506990       5.61008739       6.91638374    
       54540   5.57506990       5.61008739       6.91553211    
       54600   5.54783344       5.61699295       6.91397715    
       54660   5.51782942       5.61699295       6.91204357    
       54720   5.50372505       5.62440348       6.91165590    
       54780   5.50372505       5.62440348       6.91176891    
       54840   5.45848703       5.63180876       6.91286230    
       54900   5.39542103       5.63180876       6.91438055    
       54960   5.32948637       5.64079857       6.91629601    
       55020   5.29039478       5.64079857       6.91857576    
       55080   5.23284197       5.65136099       6.92107296    
       55140   5.18568420       5.65136099       6.92407179    
       55200   5.20259476       5.66253757       6.92732906    
       55260   5.18268442       5.66253757       6.93087864    
       55320   5.14197350       5.67431641       6.93456507    
       55380   5.08313179       5.67431641       6.93813276    
       55440   5.08313179       5.68649340       6.94238138    
       55500   5.00613165       5.68649340       6.94680357    
       55560   4.92331600       5.69818783       6.95104504    
       55620   4.85643578       5.69818783       6.95551729    
       55680   4.80723667       5.70963812       6.96005821    
       55740   4.71057892       5.70963812       6.96454811    
       55800   4.60476303       5.72142220       6.96945381    
       55860   4.68438482       5.72142220       6.97478151    
       55920   4.58807898       5.73360062       6.98057318    
       55980   4.55268431       5.73360062       6.98664379    
       56040   4.58636856       5.74638176       6.99304676    
       56100   4.61049986       5.74638176       6.99968338    
       56160   4.62158966       5.76005697       7.00628424    
       56220   4.55039454       5.76005697       7.01273012    
       56280   4.52978945       5.77492428       7.01900482    
       56340   4.54328966       5.77492428       7.02505064    
       56400   4.63446140       5.79000807       7.03079891    
       56460   4.63446140       5.79000807       7.03610086    
       56520   4.58858967       5.80468464       7.04143381    
       56580   4.63374376       5.80468464       7.04667425    
       56640   4.67758989       5.81841946       7.05179882    
       56700   4.67758989       5.81841946       7.05679035    
       56760   4.69128227       5.83153009       7.06156349    
       56820   4.77294874       5.83153009       7.06609154    
       56880   4.88728189       5.84396553       7.07010603    
       56940   4.91794729       5.84396553       7.07378292    
       57000   5.01800013       5.85585880       7.07715511    
       57060   5.15335894       5.85585880       7.08034563    
       57120   5.22157907       5.86648989       7.08318567    
       57180   5.37152624       5.86648989       7.08569098    
       57240   5.43820524       5.87580919       7.08848047    
       57300   5.57387161       5.87580919       7.09120798    
       57360   5.65681601       5.88372850       7.09393835    
       57420   5.72023058       5.88372850       7.09682369    
       57480   5.86284637       5.89243984       4.34145927    
       57540   5.95884609       5.89243984       4.33964348    
       57600   6.03868437       5.90135765       4.33823776    
       57660   6.03868437       5.90135765       4.33657074    
       57720   6.13397312       5.91049194       4.33488083    
       57780   6.16349983       5.91049194       4.33354330    
       57840   6.20520020       5.92030334       4.33248472    
       57900   6.23782349       5.92030334       4.33161831    
       57960   6.23782349       5.92938185       4.33081579    
       58020   6.26524258       5.92938185       4.32997179    
       58080   6.26524258       5.93764639       4.32974052    
       58140   6.26524258       5.93764639       4.33001184    
       58200   6.26524258       5.94534397       4.33105564    
       58260   6.26524258       5.94534397       4.33343077    
       58320   6.26524258       5.95276022       4.33658743    
       58380   6.26524258       5.95276022       4.33990240    
       58440   6.26524258       5.96149921       4.34302807    
       58500   6.26524258       5.96149921       4.34572935    
       58560   6.26524258       5.97157335       4.34793758    
       58620   6.26524258       5.97157335       4.34982061    
       58680   6.34090614       5.98102665       4.35154915    
       58740   6.39080667       5.98102665       4.35305023    
       58800   6.45193338       5.98925066       4.35461903    
       58860   6.45193338       5.98925066       4.35612106    
       58920   6.52110338       5.99667358       4.35794258    
       58980   6.63296413       5.99667358       4.36019468    
       59040   6.77674055       6.00318193       4.36267281    
       59100   6.77674055       6.00318193       4.36544466    
       59160   6.94730759       6.00892210       4.36854315    
       59220   7.13988018       6.00892210       4.37175465    
       59280   7.34091663       6.01431704       4.37539101    
       59340   7.34091663       6.01431704       4.37922525    
       59400   9999.00000       6.01954985       4.38327742    
       59460   9999.00000       6.01954985       4.38715649    
       59520   9999.00000       6.02410984       4.39095354    
       59580   9999.00000       6.02410984       4.39478254    
       59640   9999.00000       6.02711582       4.39861917    
       59700   9999.00000       6.02711582       4.40260458    
       59760   9999.00000       6.02910185       4.40684557    
       59820   9999.00000       6.02910185       4.41147900    
       59880   9999.00000       6.03080940       4.41621923    
       59940   9999.00000       6.03080940       4.42070246    
       60000   9999.00000       6.03287411       4.42499352    
       60060   9999.00000       6.03287411       4.42890215    
       60120   9999.00000       6.03442669       4.43245411    
       60180   9999.00000       6.03442669       4.43557692    
       60240   9999.00000       6.03520060       4.43828106    
       60300   9999.00000       6.03520060       4.44069290    
       60360   9999.00000       6.03501797       4.44265985    
       60420   9999.00000       6.03501797       4.44412422    
       60480   9999.00000       6.03343439       4.44510031    
       60540   9999.00000       6.03343439       4.44573164    
       60600   9999.00000       6.03024244       4.44611025    
       60660   9999.00000       6.03024244       4.44627810    
       60720   9999.00000       6.02485323       4.44632101    
       60780   9999.00000       6.02485323       4.44636440    
       60840   9999.00000       6.01807451       4.44660854    
       60900   9999.00000       6.01807451       4.44661570    
       60960   9999.00000       6.01052904       4.44649410    
       61020   9999.00000       6.01052904       4.44620419    
       61080   9999.00000       6.00359201       7.39506197    
       61140   9999.00000       6.00359201       7.39733601    
       61200   9999.00000       5.99583340       7.39941740    
       61260   9999.00000       5.99583340       7.40159941    
       61320   9999.00000       5.98773718       7.40373325    
       61380   9999.00000       5.98773718       7.40586138    
       61440   9999.00000       5.97934103       7.40818214    
       61500   9999.00000       5.97934103       7.41031408    
       61560   9999.00000       5.97098827       7.41199207    
       61620   9999.00000       5.97098827       7.41314220    
       61680   9999.00000       5.96327734       7.41341305    
       61740   9999.00000       5.96327734       7.41279507    
       61800   9999.00000       5.95603085       7.41166353    
       61860   9999.00000       5.95603085       7.40967798    
       61920   9999.00000       5.94768476       7.40668344    
       61980   9999.00000       5.94768476       7.40313387    
       62040   9999.00000       5.93727255       7.39937830    
       62100   9999.00000       5.93727255       7.39570236    
       62160   9999.00000       5.92433071       7.39205074    
       62220   9999.00000       5.92433071       7.38856411    
       62280   9999.00000       5.91277409       7.38473082    
       62340   9999.00000       5.91277409       7.38060808    
       62400   9999.00000       5.90223789       7.37602472    
       62460   9999.00000       5.90223789       7.37082100    
       62520   9999.00000       5.89076471       7.36547422    
       62580   9999.00000       5.89076471       7.35963774    
       62640   9999.00000       5.87798786       7.35375690    
       62700   9999.00000       5.87798786       7.34814787    
       62760   9999.00000       5.86641169       7.34243536    
       62820   9999.00000       5.86641169       7.33664322    
       62880   9999.00000       5.85696840       7.33086491    
       62940   9999.00000       5.85696840       7.32458210    
       63000   9999.00000       5.84890842       7.31782722    
       63060   9999.00000       5.84890842       7.31096125    
       63120   9999.00000       5.84133101       7.30393648    
       63180   9999.00000       5.84133101       7.29672813    
       63240   9999.00000       5.83332157       7.28948641    
       63300   9999.00000       5.83332157       7.28204727    
       63360   9999.00000       5.82577276       7.27445555    
       63420   9999.00000       5.82577276       7.26660252    
       63480   9999.00000       5.81814384       7.25841093    
       63540   9999.00000       5.81814384       7.25041580    
       63600   9999.00000       5.80996466       7.24266911    
       63660   9999.00000       5.80996466       7.23515081    
       63720   9999.00000       5.80071163       7.22790766    
       63780   9999.00000       5.80071163       7.22087383    
       63840   9999.00000       5.79224443       7.21393728    
       63900   9999.00000       5.79224443       7.20703173    
       63960   9999.00000       5.78465176       7.20022869    
       64020   9999.00000       5.78465176       7.19377041    
       64080   9999.00000       5.77738857       7.18769264    
       64140   9999.00000       5.77738857       7.18218327    
       64200   9999.00000       5.77033472       7.17725754    
       64260   9999.00000       5.77033472       7.17287397    
       64320   9999.00000       5.76468468       7.16904211    
       64380   9999.00000       5.76468468       7.16561079    
       64440   9999.00000       5.76140022       7.16266584    
       64500   9999.00000       5.76140022       7.15988636    
       64560   9999.00000       5.76048899       7.15729475    
       64620   9999.00000       5.76048899       7.15475273    
