 20180913
 Seconds  Measures(TAU-ms)  Meso-NH(TAU-ms)  FORECAST_AR(TAU-ms)
       28680   4.03875542       1.81618059       2.88584375    
       28740   4.05479527       1.81618059       2.88324547    
       28800   4.06528902       1.81458628       2.88067675    
       28860   4.08417797       1.81458628       2.87796140    
       28920   4.09737778       1.81323504       2.87518048    
       28980   4.12020016       1.81323504       2.87231898    
       29040   4.12020016       1.81220961       2.86945176    
       29100   4.13957787       1.81220961       2.86660862    
       29160   4.13140011       1.81096661       2.86398125    
       29220   4.10633326       1.81096661       2.86149764    
       29280   4.10633326       1.80962121       2.85906363    
       29340   4.10037756       1.80962121       2.85693264    
       29400   4.10164452       1.80860305       2.85499358    
       29460   4.10486650       1.80860305       2.85315919    
       29520   4.10486650       1.80804551       2.85150838    
       29580   4.07715559       1.80804551       2.84970665    
       29640   4.05462217       1.80795503       2.84787536    
       29700   4.02591133       1.80795503       2.84586453    
       29760   4.02591133       1.80789602       2.84391999    
       29820   4.00331116       1.80789602       2.84214258    
       29880   3.97493339       1.80729091       2.84046912    
       29940   3.93486667       1.80729091       2.83890700    
       30000   3.93486667       1.80728447       2.83737302    
       30060   3.91186666       1.80728447       2.83585072    
       30120   3.88653326       1.80794227       2.83422613    
       30180   3.85895562       1.80794227       2.83235836    
       30240   3.85895562       1.80856216       2.83007765    
       30300   3.82933331       1.80856216       2.82752609    
       30360   3.80366659       1.80861449       2.82489085    
       30420   3.77168894       1.80861449       2.82217860    
       30480   3.77168894       1.80746484       2.81966901    
       30540   3.73633337       1.80746484       2.81739426    
       30600   3.71657777       1.80635357       2.81526208    
       30660   3.71804452       1.80635357       2.81328726    
       30720   3.71804452       1.80627298       2.81112838    
       30780   3.71271110       1.80627298       2.80882215    
       30840   3.69006658       1.80671144       2.80652881    
       30900   3.68624449       1.80671144       2.80447817    
       30960   3.67304540       1.80660355       2.80261278    
       31020   3.65744448       1.80660355       2.80109930    
       31080   3.63157773       1.80666316       2.79987526    
       31140   3.60413337       1.80666316       2.79864955    
       31200   3.57393336       1.80764103       2.79752946    
       31260   3.57393336       1.80764103       2.79632187    
       31320   3.53228879       1.80970991       2.79472351    
       31380   3.53169560       1.80970991       2.79292798    
       31440   3.50545645       1.81210625       2.79103565    
       31500   3.47353339       1.81210625       2.78940606    
       31560   3.47436953       1.81293416       2.78802085    
       31620   3.45300007       1.81293416       2.78649116    
       31680   3.43091297       1.81340945       2.78482175    
       31740   3.41206670       1.81340945       2.78308797    
       31800   3.41878271       1.81481981       2.78161263    
       31860   3.37089133       1.81481981       2.78038406    
       31920   3.37634039       1.81562972       2.77893734    
       31980   3.33956528       1.81562972       2.77725577    
       32040   3.33871746       1.81744277       2.77546406    
       32100   3.34026098       1.81744277       2.77370286    
       32160   3.34491491       1.81831753       2.77201724    
       32220   3.31276083       1.81831753       2.77034783    
       32280   3.29747820       1.81869459       4.36976862    
       32340   3.28454351       1.81869459       4.36666632    
       32400   3.27917027       1.81928492       4.36339331    
       32460   3.25204349       1.81928492       4.35982323    
       32520   3.22965217       1.81984365       4.35600758    
       32580   3.22451115       1.81984365       4.35203600    
       32640   3.19908881       1.81963909       4.34803963    
       32700   3.20228267       1.81963909       4.34405994    
       32760   3.16769576       1.81797016       4.33979368    
       32820   3.16966677       1.81797016       4.33539104    
       32880   3.16166663       1.81632459       4.33078146    
       32940   3.15578270       1.81632459       4.32592916    
       33000   3.14895654       1.81438351       4.32057714    
       33060   3.14260006       1.81438351       4.31493902    
       33120   3.12264442       1.81194222       4.30937958    
       33180   3.11552167       1.81194222       4.30379820    
       33240   3.11689138       1.80845714       4.29827213    
       33300   3.11995554       1.80845714       4.29282713    
       33360   3.12626672       1.80531919       4.28758240    
       33420   3.11282611       1.80531919       4.28211451    
       33480   3.11367393       1.80284119       4.27657032    
       33540   3.12491298       1.80284119       4.27081823    
       33600   3.14142227       1.80076337       4.26484728    
       33660   3.12647820       1.80076337       4.25868893    
       33720   3.12480426       1.79867959       4.25238848    
       33780   3.11689138       1.79867959       4.24590778    
       33840   3.12579989       1.79601574       4.23946524    
       33900   3.11210871       1.79601574       4.23324156    
       33960   3.10147834       1.79279232       4.22746229    
       34020   3.09302163       1.79279232       4.22174501    
       34080   3.10419989       1.78980350       4.21604109    
       34140   3.10080433       1.78980350       4.21000957    
       34200   3.09926081       1.78780735       4.20377159    
       34260   3.09121728       1.78780735       4.19745111    
       34320   3.08100009       1.78586507       4.19094658    
       34380   3.06865215       1.78586507       4.18464565    
       34440   3.04110861       1.78301251       4.17826796    
       34500   3.02786946       1.78301251       4.17171478    
       34560   3.01891112       1.77957606       4.16503334    
       34620   3.00341296       1.77957606       4.15830421    
       34680   2.99104357       1.77598298       4.15152264    
       34740   2.96756530       1.77598298       4.14480591    
       34800   2.95864439       1.77198792       4.13791132    
       34860   2.93637776       1.77198792       4.13076878    
       34920   2.93213034       1.76797450       4.12343264    
       34980   2.92369556       1.76797450       4.11623192    
       35040   2.91077781       1.76324642       4.10915852    
       35100   2.88615561       1.76324642       4.10212278    
       35160   2.88043475       1.75786984       4.09524250    
       35220   2.85873914       1.75786984       4.08853197    
       35280   2.84348893       1.75296950       4.08192158    
       35340   2.82357788       1.75296950       4.07541847    
       35400   2.82357788       1.74871564       4.06910944    
       35460   2.80318189       1.74871564       4.06260967    
       35520   2.79234886       1.74481821       4.05577278    
       35580   2.77247620       1.74481821       4.04905128    
       35640   2.77247620       1.74160123       4.04251623    
       35700   2.74287796       1.74160123       4.03601456    
       35760   2.71460009       1.73713744       4.02951574    
       35820   2.69294882       1.73713744       4.02300358    
       35880   2.67747498       1.73336375       2.73418069    
       35940   2.65815377       1.73336375       2.72980404    
       36000   2.62207699       1.72966778       2.72533917    
       36060   2.59276915       1.72966778       2.72106147    
       36120   2.57754993       1.72629762       2.71691990    
       36180   2.56858969       1.72629762       2.71298599    
       36240   2.54780006       1.72272956       2.70902085    
       36300   2.51577497       1.72272956       2.70518279    
       36360   2.47744989       1.71974099       2.70139527    
       36420   2.47274351       1.71974099       2.69789696    
       36480   2.46760011       1.71803379       2.69434714    
       36540   2.45697498       1.71803379       2.69084978    
       36600   2.44714999       1.71619010       2.68755102    
       36660   2.44025636       1.71619010       2.68437028    
       36720   2.42967510       1.71451807       2.68139315    
       36780   2.42777491       1.71451807       2.67829943    
       36840   2.40965009       1.71254742       2.67527509    
       36900   2.40151286       1.71254742       2.67227483    
       36960   2.39074993       1.71162283       2.66923952    
       37020   2.37402511       1.71162283       2.66616321    
       37080   2.36220002       1.71018517       2.66333723    
       37140   2.35017943       1.71018517       2.66067410    
       37200   2.32502556       1.70848131       2.65825295    
       37260   2.32587504       1.70848131       2.65605140    
       37320   2.32258964       1.70777190       2.65396380    
       37380   2.30589747       1.70777190       2.65190053    
       37440   2.30048728       1.70755696       2.65011883    
       37500   2.30504990       1.70755696       2.64848113    
       37560   2.30015373       1.70755303       2.64692783    
       37620   2.30579495       1.70755303       2.64527345    
       37680   2.30669236       1.70806026       2.64366508    
       37740   2.30507493       1.70806026       2.64228463    
       37800   2.28858972       1.70904958       2.64105415    
       37860   2.28264093       1.70904958       2.63992691    
       37920   2.27307701       1.71034217       2.63894534    
       37980   2.27894998       1.71034217       2.63831711    
       38040   2.27294874       1.71197259       2.63763475    
       38100   2.27861547       1.71197259       2.63708138    
       38160   2.27094746       1.71443224       2.63677263    
       38220   2.27035904       1.71443224       2.63662219    
       38280   2.27679491       1.71658254       2.63652658    
       38340   2.28810263       1.71658254       2.63636637    
       38400   2.29869223       1.71993065       2.63627052    
       38460   2.29869223       1.71993065       2.63644624    
       38520   2.29769230       1.72343278       2.63683939    
       38580   2.29376912       1.72343278       2.63733244    
       38640   2.29412818       1.72727191       2.63783240    
       38700   2.29412818       1.72727191       2.63830090    
       38760   2.28743601       1.73185563       2.63887715    
       38820   2.27728200       1.73185563       2.63938737    
       38880   2.27856421       1.73647094       2.63976932    
       38940   2.27856421       1.73647094       2.64006352    
       39000   2.27923083       1.74154484       2.64021373    
       39060   2.28025007       1.74154484       2.64013219    
       39120   2.28621960       1.74604583       2.64000487    
       39180   2.28621960       1.74604583       2.63996053    
       39240   2.28940487       1.74999702       2.63967896    
       39300   2.30469775       1.74999702       2.63911223    
       39360   2.31393170       1.75356591       2.63868999    
       39420   2.31393170       1.75356591       2.63846731    
       39480   2.31482220       1.75618005       2.14771938    
       39540   2.32446671       1.75618005       2.14715338    
       39600   2.32446671       1.75931609       2.14618516    
       39660   2.32559991       1.75931609       2.14509559    
       39720   2.33311105       1.76212966       2.14430928    
       39780   2.33824444       1.76212966       2.14387226    
       39840   2.33824444       1.76346076       2.14360189    
       39900   2.35082221       1.76346076       2.14360094    
       39960   2.36328888       1.76614356       2.14312649    
       40020   2.37386656       1.76614356       2.14225173    
       40080   2.37386656       1.76931477       2.14107919    
       40140   2.36164451       1.76931477       2.13964605    
       40200   2.35806656       1.77087033       2.13835454    
       40260   2.35373330       1.77087033       2.13712454    
       40320   2.35373330       1.77118289       2.13587070    
       40380   2.35968900       1.77118289       2.13431907    
       40440   2.35800004       1.77180719       2.13260341    
       40500   2.36454535       1.77180719       2.13069153    
       40560   2.35877776       1.77198172       2.12877083    
       40620   2.36402225       1.77198172       2.12685847    
       40680   2.36437774       1.77131939       2.12515378    
       40740   2.37186360       1.77131939       2.12347126    
       40800   2.36919999       1.77053976       2.12173629    
       40860   2.37636375       1.77053976       2.11995959    
       40920   2.37327266       1.77024782       2.11788535    
       40980   2.36533332       1.77024782       2.11563587    
       41040   2.36879539       1.76974201       2.11327171    
       41100   2.36352277       1.76974201       2.11075759    
       41160   2.35763645       1.76780534       2.10841250    
       41220   2.35275555       1.76780534       2.10623336    
       41280   2.34672737       1.76501942       2.10447812    
       41340   2.34143186       1.76501942       2.10318732    
       41400   2.34009099       1.76263976       2.10166430    
       41460   2.34009099       1.76263976       2.09998202    
       41520   2.33911371       1.76173604       2.09820485    
       41580   2.33390903       1.76173604       2.09623170    
       41640   2.31793189       1.75999522       2.09426045    
       41700   2.31793189       1.75999522       2.09262514    
       41760   2.30463648       1.75789332       2.09111404    
       41820   2.29908895       1.75789332       2.08955908    
       41880   2.29906678       1.75581336       2.08796954    
       41940   2.29320455       1.75581336       2.08643150    
       42000   2.27954555       1.75417268       2.08511043    
       42060   2.26538634       1.75417268       2.08383894    
       42120   2.26306677       1.75244009       2.08241272    
       42180   2.25743175       1.75244009       2.08089232    
       42240   2.25184083       1.75153720       2.07939076    
       42300   2.23581815       1.75153720       2.07797074    
       42360   2.23104453       1.75000131       2.07629657    
       42420   2.22868180       1.75000131       2.07422495    
       42480   2.22454548       1.74854553       2.07227612    
       42540   2.21279550       1.74854553       2.07052541    
       42600   2.21279550       1.74606860       2.06894183    
       42660   2.20286369       1.74606860       2.06757689    
       42720   2.20443177       1.74404752       2.06643891    
       42780   2.19420457       1.74404752       2.06539464    
       42840   2.19420457       1.74265075       2.06425714    
       42900   2.17845464       1.74265075       2.06334043    
       42960   2.15459085       1.74212992       2.06251860    
       43020   2.14165115       1.74212992       2.06139827    
       43080   2.13763642       1.74125862       2.29948545    
       43140   2.12484097       1.74125862       2.29769444    
       43200   2.11593032       1.74078119       2.29581690    
       43260   2.11036372       1.74078119       2.29419279    
       43320   2.10890913       1.73915505       2.29273248    
       43380   2.11270452       1.73915505       2.29099941    
       43440   2.11032557       1.73738146       2.28897166    
       43500   2.11402273       1.73738146       2.28682661    
       43560   2.10962796       1.73658264       2.28445649    
       43620   2.11199999       1.73658264       2.28239870    
       43680   2.10465121       1.73471105       2.28040171    
       43740   2.09975004       1.73471105       2.27828407    
       43800   2.10865116       1.73207307       2.27617311    
       43860   2.10588384       1.73207307       2.27365351    
       43920   2.09611630       1.72955132       2.27106118    
       43980   2.09522724       1.72955132       2.26858377    
       44040   2.09081388       1.72677386       2.26632619    
       44100   2.08755803       1.72677386       2.26417851    
       44160   2.08755803       1.72371149       2.26200867    
       44220   2.08714294       1.72371149       2.25959635    
       44280   2.08421946       1.72125185       2.25695300    
       44340   2.07925010       1.72125185       2.25392246    
       44400   2.07925010       1.71858644       2.25123954    
       44460   2.07482052       1.71858644       2.24888158    
       44520   2.07482052       1.71487331       2.24673057    
       44580   2.07092094       1.71487331       2.24508023    
       44640   2.07240534       1.71251500       2.24367285    
       44700   2.07240534       1.71251500       2.24258518    
       44760   2.06370282       1.71090043       2.24156737    
       44820   2.06002712       1.71090043       2.24038553    
       44880   2.06672978       1.71046078       2.23906755    
       44940   2.06672978       1.71046078       2.23741961    
       45000   2.06748652       1.71054232       2.23539162    
       45060   2.05556750       1.71054232       2.23362279    
       45120   2.05331588       1.71046269       2.23210239    
       45180   2.04883790       1.71046269       2.23073125    
       45240   2.03770280       1.70899725       2.22942972    
       45300   2.04032421       1.70899725       2.22792530    
       45360   2.03413153       1.70857108       2.22624254    
       45420   2.03675675       1.70857108       2.22457409    
       45480   2.02991891       1.70836782       2.22320747    
       45540   2.01151347       1.70836782       2.22208810    
       45600   2.00805259       1.70741451       2.22127843    
       45660   2.00172973       1.70741451       2.22059441    
       45720   1.98948646       1.70756745       2.21972442    
       45780   1.98262167       1.70756745       2.21886683    
       45840   1.97560525       1.70887184       2.21774030    
       45900   1.96570265       1.70887184       2.21623039    
       45960   1.95845950       1.70939577       2.21492267    
       46020   1.95208108       1.70939577       2.21416116    
       46080   1.94078946       1.70882487       2.21359038    
       46140   1.93797302       1.70882487       2.21269441    
       46200   1.92283785       1.70898449       2.21148348    
       46260   1.91257894       1.70898449       2.21000242    
       46320   1.90089476       1.70986390       2.20830393    
       46380   1.88770270       1.70986390       2.20639658    
       46440   1.87699997       1.70946169       2.20437789    
       46500   1.87228942       1.70946169       2.20244908    
       46560   1.88642108       1.70819676       2.20017028    
       46620   1.87644732       1.70819676       2.19767666    
       46680   1.87644732       1.70648110       1.85669243    
       46740   1.86784208       1.70648110       1.85558856    
       46800   1.87284207       1.70340943       1.85498333    
       46860   1.86741030       1.70340943       1.85481834    
       46920   1.86731577       1.70255530       1.85475922    
       46980   1.85381579       1.70255530       1.85483193    
       47040   1.84055269       1.70352161       1.85503125    
       47100   1.85046148       1.70352161       1.85529375    
       47160   1.83934212       1.70498276       1.85561776    
       47220   1.83934212       1.70498276       1.85606134    
       47280   1.82564867       1.70677197       1.85641801    
       47340   1.82155561       1.70677197       1.85689902    
       47400   1.81962860       1.70872033       1.85820484    
       47460   1.81962860       1.70872033       1.86023557    
       47520   1.81820583       1.71025705       1.86257410    
       47580   1.81394112       1.71025705       1.86492348    
       47640   1.80361760       1.71490669       1.86724150    
       47700   1.80361760       1.71490669       1.86942494    
       47760   1.80882359       1.72080112       1.87160218    
       47820   1.81182861       1.72080112       1.87386608    
       47880   1.81091666       1.72614610       1.87650490    
       47940   1.81091666       1.72614610       1.87951350    
       48000   1.80186486       1.73150706       1.88297904    
       48060   1.80526316       1.73150706       1.88613224    
       48120   1.80928206       1.73799551       1.88886106    
       48180   1.80928206       1.73799551       1.89125311    
       48240   1.80315006       1.74634194       1.89308929    
       48300   1.80348778       1.74634194       1.89455438    
       48360   1.80254757       1.75283289       1.89561880    
       48420   1.80234146       1.75283289       1.89653015    
       48480   1.79517078       1.75695896       1.89700806    
       48540   1.78026831       1.75695896       1.89699304    
       48600   1.77438092       1.75951695       1.89650249    
       48660   1.75952387       1.75951695       1.89558983    
       48720   1.75995123       1.76031268       1.89488149    
       48780   1.75597560       1.76031268       1.89440572    
       48840   1.74464285       1.75929952       1.89431691    
       48900   1.73966670       1.75929952       1.89472580    
       48960   1.73570728       1.75914538       1.89395583    
       49020   1.73007321       1.75914538       1.89201796    
       49080   1.73147619       1.76048589       1.88981056    
       49140   1.73202384       1.76048589       1.88708496    
       49200   1.73607314       1.75719810       1.88453937    
       49260   1.73270726       1.75719810       1.88213599    
       49320   1.72847617       1.75285304       1.87946594    
       49380   1.73590481       1.75285304       1.87685812    
       49440   1.73173165       1.74925303       1.87409198    
       49500   1.73300004       1.74925303       1.87147164    
       49560   1.73092854       1.74456263       1.86990499    
       49620   1.72757149       1.74456263       1.86882102    
       49680   1.72617078       1.73929751       1.86776876    
       49740   1.72824395       1.73929751       1.86711085    
       49800   1.72824395       1.73815286       1.86630797    
       49860   1.73631704       1.73815286       1.86535239    
       49920   1.73956096       1.73714209       1.86485171    
       49980   1.73482931       1.73714209       1.86475158    
       50040   1.73482931       1.73553896       1.86468709    
       50100   1.72958541       1.73553896       1.86456096    
       50160   1.72734141       1.73573983       1.86435270    
       50220   1.71336591       1.73573983       1.86449683    
       50280   1.71825004       1.73611808       1.92393982    
       50340   1.71431708       1.73611808       1.92356586    
       50400   1.70831704       1.73618627       1.92245078    
       50460   1.69114637       1.73618627       1.92047119    
       50520   1.69190001       1.73719251       1.91803861    
       50580   1.68639028       1.73719251       1.91538751    
       50640   1.68429267       1.73511899       1.91290927    
       50700   1.67348778       1.73511899       1.91052699    
       50760   1.65964997       1.73092294       1.90820587    
       50820   1.65451217       1.73092294       1.90617085    
       50880   1.64959526       1.72730517       1.90419316    
       50940   1.64959526       1.72730517       1.90246522    
       51000   1.64890695       1.72439015       1.90104365    
       51060   1.65054548       1.72439015       1.89934301    
       51120   1.64917779       1.72165823       1.89740562    
       51180   1.64917779       1.72165823       1.89566803    
       51240   1.64471114       1.72016132       1.89401698    
       51300   1.64377773       1.72016132       1.89259768    
       51360   1.63865221       1.71735048       1.89153266    
       51420   1.62742221       1.71735048       1.89068174    
       51480   1.62271106       1.71487451       1.89013696    
       51540   1.61662221       1.71487451       1.88961709    
       51600   1.61106527       1.71355510       1.88895917    
       51660   1.61406672       1.71355510       1.88804626    
       51720   1.60408890       1.71315920       1.88689888    
       51780   1.59366667       1.71315920       1.88558900    
       51840   1.60028255       1.71218085       1.88413584    
       51900   1.60108888       1.71218085       1.88274956    
       51960   1.59700000       1.70981014       1.88167250    
       52020   1.59364450       1.70981014       1.88073087    
       52080   1.59543478       1.70695817       1.88005018    
       52140   1.59102225       1.70695817       1.87971473    
       52200   1.59142220       1.70487678       1.88019097    
       52260   1.60086668       1.70487678       1.88136995    
       52320   1.59954548       1.70382154       1.88267016    
       52380   1.60428894       1.70382154       1.88344860    
       52440   1.60455561       1.70586276       1.88368821    
       52500   1.61495554       1.70586276       1.88332677    
       52560   1.61888635       1.70859492       1.88230526    
       52620   1.61513329       1.70859492       1.88236570    
       52680   1.61066663       1.70956314       1.88341427    
       52740   1.60661364       1.70956314       1.88463533    
       52800   1.60215914       1.70815372       1.88651860    
       52860   1.60777783       1.70815372       1.88842952    
       52920   1.60662222       1.71088016       1.88972700    
       52980   1.60779548       1.71088016       1.89088416    
       53040   1.60177279       1.71637905       1.89185429    
       53100   1.60177279       1.71637905       1.89288342    
       53160   1.60127270       1.71960723       1.89367378    
       53220   1.60159087       1.71960723       1.89333498    
       53280   1.60793185       1.72214258       1.89220846    
       53340   1.61408889       1.72214258       1.89077032    
       53400   1.61422729       1.72374582       1.88953590    
       53460   1.62015557       1.72374582       1.88903046    
       53520   1.62228894       1.72226906       1.88889658    
       53580   1.62129545       1.72226906       1.88851047    
       53640   1.63645458       1.72152162       1.88776660    
       53700   1.64886665       1.72152162       1.88699639    
       53760   1.65684450       1.72219741       1.88632333    
       53820   1.65799999       1.72219741       1.88576400    
       53880   1.66438639       1.72134244       1.66455841    
       53940   1.66335559       1.72134244       1.66497815    
       54000   1.66444445       1.72084808       1.66582882    
       54060   1.67063642       1.72084808       1.66725838    
       54120   1.68047726       1.72099125       1.66973293    
       54180   1.68335557       1.72099125       1.67296183    
       54240   1.69351113       1.72274494       1.67653728    
       54300   1.69718182       1.72274494       1.68010855    
       54360   1.71034086       1.72802269       1.68373263    
       54420   1.71144450       1.72802269       1.68747640    
       54480   1.71740913       1.73475468       1.69088590    
       54540   1.72781813       1.73475468       1.69417429    
       54600   1.72522223       1.74184752       1.69734132    
       54660   1.72226667       1.74184752       1.70024550    
       54720   1.72229540       1.74808812       1.70314729    
       54780   1.72539532       1.74808812       1.70610547    
       54840   1.72384095       1.75366354       1.70895994    
       54900   1.72686362       1.75366354       1.71184003    
       54960   1.72749996       1.75954998       1.71450663    
       55020   1.73493028       1.75954998       1.71691775    
       55080   1.73713636       1.76521099       1.71912754    
       55140   1.74597728       1.76521099       1.72105229    
       55200   1.75158143       1.77025986       1.72290516    
       55260   1.76088095       1.77025986       1.72487092    
       55320   1.76088095       1.77444935       1.72676516    
       55380   1.76768291       1.77444935       1.72861159    
       55440   1.77454996       1.77832484       1.73092830    
       55500   1.77138460       1.77832484       1.73368728    
       55560   1.77138460       1.78186297       1.73698533    
       55620   1.77502632       1.78186297       1.74062407    
       55680   1.77940536       1.78719187       1.74439561    
       55740   1.78227782       1.78719187       1.74812317    
       55800   1.78227782       1.79426789       1.75158989    
       55860   1.78197145       1.79426789       1.75439787    
       55920   1.77679408       1.80154252       1.75708985    
       55980   1.77679408       1.80154252       1.76023364    
       56040   1.77569699       1.80752945       1.76352918    
       56100   1.77434373       1.80752945       1.76693451    
       56160   1.77519357       1.81314683       1.77044117    
       56220   1.77519357       1.81314683       1.77406406    
       56280   1.78603339       1.81924903       1.77799726    
       56340   1.80027580       1.81924903       1.78226411    
       56400   1.80027580       1.82582259       1.78629494    
       56460   1.80639291       1.82582259       1.78956032    
       56520   1.80459261       1.83362305       1.79264557    
       56580   1.80900002       1.83362305       1.79614520    
       56640   1.80900002       1.84058785       1.80003750    
       56700   1.81239998       1.84058785       1.80435884    
       56760   1.81239998       1.84688377       1.80855262    
       56820   1.81516671       1.84688377       1.81289232    
       56880   1.82191300       1.85476303       1.81716096    
       56940   1.82372725       1.85476303       1.82102132    
       57000   9999.00000       1.86215544       1.82516420    
       57060   9999.00000       1.86215544       1.82907009    
       57120   9999.00000       1.86931157       1.83294964    
       57180   9999.00000       1.86931157       1.83716059    
       57240   9999.00000       1.87762487       1.84111869    
       57300   9999.00000       1.87762487       1.84494710    
       57360   9999.00000       1.88583338       1.84880137    
       57420   9999.00000       1.88583338       1.85256433    
       57480   9999.00000       1.89304769       1.88963807    
       57540   9999.00000       1.89304769       1.89332628    
       57600   9999.00000       1.90038002       1.89681733    
       57660   9999.00000       1.90038002       1.90009284    
       57720   9999.00000       1.90765560       1.90272331    
       57780   9999.00000       1.90765560       1.90443313    
       57840   9999.00000       1.91444027       1.90486205    
       57900   9999.00000       1.91444027       1.90452278    
       57960   9999.00000       1.91862881       1.90402055    
       58020   9999.00000       1.91862881       1.90329421    
       58080   9999.00000       1.91814923       1.90249395    
       58140   9999.00000       1.91814923       1.90191543    
       58200   9999.00000       1.91684759       1.90139544    
       58260   9999.00000       1.91684759       1.90095782    
       58320   9999.00000       1.91530323       1.90075409    
       58380   9999.00000       1.91530323       1.90051830    
       58440   9999.00000       1.91379750       1.90005040    
       58500   9999.00000       1.91379750       1.89954269    
       58560   9999.00000       1.91325808       1.89860582    
       58620   9999.00000       1.91325808       1.89739656    
       58680   9999.00000       1.91189420       1.89602900    
       58740   9999.00000       1.91189420       1.89441299    
       58800   9999.00000       1.90885925       1.89291239    
       58860   9999.00000       1.90885925       1.89130676    
       58920   9999.00000       1.90517366       1.88957262    
       58980   9999.00000       1.90517366       1.88788116    
       59040   9999.00000       1.90187514       1.88613904    
       59100   9999.00000       1.90187514       1.88388252    
       59160   9999.00000       1.89814889       1.88115489    
       59220   9999.00000       1.89814889       1.87792993    
       59280   9999.00000       1.89424467       1.87461090    
       59340   9999.00000       1.89424467       1.87156701    
       59400   9999.00000       1.88866043       1.86884427    
       59460   9999.00000       1.88866043       1.86670518    
       59520   9999.00000       1.88277304       1.86452246    
       59580   9999.00000       1.88277304       1.86172462    
       59640   9999.00000       1.87798512       1.85855997    
       59700   9999.00000       1.87798512       1.85528386    
       59760   9999.00000       1.87293661       1.85244775    
       59820   9999.00000       1.87293661       1.85001826    
       59880   9999.00000       1.86639905       1.84781122    
       59940   9999.00000       1.86639905       1.84559667    
       60000   9999.00000       1.86158574       1.84345293    
       60060   9999.00000       1.86158574       1.84190583    
       60120   9999.00000       1.85759604       1.84098923    
       60180   9999.00000       1.85759604       1.84008276    
       60240   9999.00000       1.85388160       1.83933270    
       60300   9999.00000       1.85388160       1.83874333    
       60360   9999.00000       1.85263193       1.83756065    
       60420   9999.00000       1.85263193       1.83633053    
       60480   9999.00000       1.85199118       1.83534229    
       60540   9999.00000       1.85199118       1.83480108    
       60600   9999.00000       1.84902310       1.83457232    
       60660   9999.00000       1.84902310       1.83394551    
       60720   9999.00000       1.84696066       1.83300543    
       60780   9999.00000       1.84696066       1.83155549    
       60840   9999.00000       1.84612679       1.82974648    
       60900   9999.00000       1.84612679       1.82817268    
       60960   9999.00000       1.84401214       1.82662439    
       61020   9999.00000       1.84401214       1.82496309    
