 20181014
 Seconds  Measures(WS-m/s)  Meso-NH(WS-m/s)  FORECAST_AR(WS-m/s)
        3660   5.10967207       6.40113163       5.90000010    
        3720   5.11786890       6.43315315       5.90000010    
        3780   5.12475395       6.47232723       5.90000010    
        3840   5.12196732       6.51440716       5.90000010    
        3900   5.11000013       6.55790997       5.90000010    
        3960   5.10426235       6.60244560       5.90000010    
        4020   5.09229517       6.64725065       5.90000010    
        4080   5.08934402       6.69036436       5.90000010    
        4140   5.06721306       6.72915459       5.90000010    
        4200   5.08655739       6.76288271       5.90000010    
        4260   5.08163929       6.79450941       5.90000010    
        4320   5.08458996       6.82847452       5.90000010    
        4380   5.07147551       6.86655283       5.90000010    
        4440   5.07590151       6.90672064       5.90000010    
        4500   5.05098343       6.94591856       5.90000010    
        4560   5.05426216       6.98152637       5.90000010    
        4620   5.05967236       7.01244259       5.90000010    
        4680   5.06655741       7.03974342       5.90000010    
        4740   5.06442642       7.06541967       5.90000010    
        4800   5.04967213       7.08963490       5.90000010    
        4860   5.02868843       7.10992575       5.90000010    
        4920   5.00327873       7.12335587       5.90000010    
        4980   4.97868872       7.12981987       5.90000010    
        5040   4.96918011       7.13400412       5.90000010    
        5100   4.98344278       7.14281225       5.90000010    
        5160   5.00688505       7.16016245       5.90000010    
        5220   5.02409840       7.18419886       5.90000010    
        5280   5.00655746       7.20890713       5.90000010    
        5340   5.01032782       7.22816420       5.90000010    
        5400   5.03245878       7.23768711       5.90000010    
        5460   5.02508211       7.23569393       5.90000010    
        5520   5.00868845       7.22246933       5.90000010    
        5580   5.02131128       7.20010805       5.90000010    
        5640   5.01311493       7.17094946       5.90000010    
        5700   4.99459028       7.13637924       5.90000010    
        5760   5.01393461       7.09805250       5.90000010    
        5820   5.02754116       7.05958605       5.90000010    
        5880   5.03606558       7.02586842       5.90000010    
        5940   5.02672148       7.00121737       5.90000010    
        6000   5.04508209       6.98725462       5.90000010    
        6060   5.06885242       6.98252630       5.90000010    
        6120   5.06639338       6.98322582       5.90000010    
        6180   5.07163954       6.98460102       5.90000010    
        6240   5.05491781       6.98326445       5.90000010    
        6300   5.09131145       6.97848940       5.90000010    
        6360   5.10573769       6.97067451       5.90000010    
        6420   5.11459017       6.95898533       5.90000010    
        6480   5.10147524       6.94167757       5.90000010    
        6540   5.09819651       6.91822338       5.90000010    
        6600   5.10262299       6.89074850       5.90000010    
        6660   5.08213139       6.86167908       5.90000010    
        6720   5.06573772       6.83195114       5.90000010    
        6780   5.07213116       6.80321646       5.90000010    
        6840   5.10688543       6.77709055       5.90000010    
        6900   5.11180305       6.75317383       5.90000010    
        6960   5.08918047       6.72975922       5.90000010    
        7020   5.08868837       6.70755577       5.90000010    
        7080   5.07524586       6.68981504       5.90000010    
        7140   5.04786873       6.67849970       5.90000010    
        7200   5.05000019       6.67246771       5.90000010    
        7260   5.01852465       6.66982031       4.94999981    
        7320   4.98786879       6.66847563       4.94999981    
        7380   4.98852444       6.66714859       4.94999981    
        7440   5.00016403       6.66555595       4.94999981    
        7500   5.03868866       6.66317415       4.94999981    
        7560   5.04278708       6.66087294       4.94999981    
        7620   5.04278708       6.66102982       4.94999981    
        7680   5.05311489       6.66570044       4.94999981    
        7740   5.05229521       6.67512465       4.94999981    
        7800   5.05344248       6.68657064       4.94999981    
        7860   5.03622961       6.69498444       4.94999981    
        7920   5.03950834       6.69621181       4.94999981    
        7980   5.03491783       6.68929434       4.94999981    
        8040   5.04229498       6.67597818       4.94999981    
        8100   5.03180313       6.65874100       4.94999981    
        8160   5.04409838       6.63959169       4.94999981    
        8220   5.04688501       6.61927986       4.94999981    
        8280   5.04606581       6.59777260       4.94999981    
        8340   5.02852440       6.57514524       4.94999981    
        8400   5.02491808       6.55203485       4.94999981    
        8460   5.01967192       6.52975988       4.94999981    
        8520   5.00245905       6.50996351       4.94999981    
        8580   5.01098347       6.49314976       4.94999981    
        8640   5.01704931       6.47709084       4.94999981    
        8700   5.00524569       6.45839214       4.94999981    
        8760   4.97540998       6.43644524       4.94999981    
        8820   4.94295073       6.41503334       4.94999981    
        8880   4.91672134       6.39922476       4.94999981    
        8940   4.90147543       6.39127541       4.94999981    
        9000   4.89295101       6.38973284       4.94999981    
        9060   4.86754084       6.39184618       4.94999981    
        9120   4.85327864       6.39568138       4.94999981    
        9180   4.84262276       6.40002203       4.94999981    
        9240   4.83606577       6.40391159       4.94999981    
        9300   4.81639338       6.40654325       4.94999981    
        9360   4.83163929       6.40703964       4.94999981    
        9420   4.81442642       6.40411949       4.94999981    
        9480   4.79016399       6.39605236       4.94999981    
        9540   4.77868843       6.38229847       4.94999981    
        9600   4.76475430       6.36406994       4.94999981    
        9660   4.74114752       6.34337997       4.94999981    
        9720   4.70508194       6.32160378       4.94999981    
        9780   4.66868830       6.29886866       4.94999981    
        9840   4.65475416       6.27451706       4.94999981    
        9900   4.65885258       6.24792671       4.94999981    
        9960   4.62819672       6.21968269       4.94999981    
       10020   4.61540985       6.19204521       4.94999981    
       10080   4.58852482       6.16746569       4.94999981    
       10140   4.58147526       6.14719343       4.94999981    
       10200   4.55032778       6.13067675       4.94999981    
       10260   4.53442621       6.11627817       4.94999981    
       10320   4.51721334       6.10160017       4.94999981    
       10380   4.50196743       6.08401632       4.94999981    
       10440   4.47344255       6.06184387       4.94999981    
       10500   4.43786907       6.03474951       4.94999981    
       10560   4.39639330       6.00339031       4.94999981    
       10620   4.37147522       5.96829462       4.94999981    
       10680   4.35918045       5.92978287       4.94999981    
       10740   4.34442616       5.88833857       4.94999981    
       10800   4.31852436       5.84521580       4.94999981    
       10860   4.28327847       5.80199432       4.30000019    
       10920   4.26360655       5.75960493       4.30000019    
       10980   4.24557400       5.71858978       4.30000019    
       11040   4.20885229       5.67926788       4.30000019    
       11100   4.18622971       5.64170456       4.30000019    
       11160   4.12065554       5.60588932       4.30000019    
       11220   4.09327888       5.57195187       4.30000019    
       11280   4.05524588       5.54026413       4.30000019    
       11340   4.01754093       5.51141882       4.30000019    
       11400   3.97655749       5.48640776       4.30000019    
       11460   3.94295073       5.46601200       4.30000019    
       11520   3.91344261       5.45021439       4.30000019    
       11580   3.88688517       5.43804884       4.30000019    
       11640   3.86606550       5.42787600       4.30000019    
       11700   3.84475398       5.41780615       4.30000019    
       11760   3.82344270       5.40666533       4.30000019    
       11820   3.78950810       5.39452839       4.30000019    
       11880   3.75475407       5.38295269       4.30000019    
       11940   3.71950817       5.37409258       4.30000019    
       12000   3.69163942       5.36934566       4.30000019    
       12060   3.66622949       5.36859179       4.30000019    
       12120   3.64639354       5.37011003       4.30000019    
       12180   3.62918043       5.37094498       4.30000019    
       12240   3.58459020       5.36814165       4.30000019    
       12300   3.55393434       5.35975790       4.30000019    
       12360   3.53950810       5.34517860       4.30000019    
       12420   3.52639341       5.32500553       4.30000019    
       12480   3.50721312       5.30104637       4.30000019    
       12540   3.48803282       5.27607632       4.30000019    
       12600   3.47622943       5.25273800       4.30000019    
       12660   3.44540977       5.23205423       4.30000019    
       12720   3.43065572       5.21330118       4.30000019    
       12780   3.42360663       5.19495773       4.30000019    
       12840   3.40196729       5.17604876       4.30000019    
       12900   3.37409830       5.15673542       4.30000019    
       12960   3.35573769       5.13808966       4.30000019    
       13020   3.33229518       5.12129784       4.30000019    
       13080   3.31950831       5.10722733       4.30000019    
       13140   3.31704926       5.09610033       4.30000019    
       13200   3.31049180       5.08758974       4.30000019    
       13260   3.30770493       5.08126831       4.30000019    
       13320   3.28639340       5.07685280       4.30000019    
       13380   3.26950812       5.07421970       4.30000019    
       13440   3.27065563       5.07334185       4.30000019    
       13500   3.26163936       5.07439613       4.30000019    
       13560   3.24819660       5.07738400       4.30000019    
       13620   3.22196722       5.08186388       4.30000019    
       13680   3.20688534       5.08714294       4.30000019    
       13740   3.20557380       5.09251928       4.30000019    
       13800   3.18721318       5.09751129       4.30000019    
       13860   3.16967201       5.10167456       4.30000019    
       13920   3.13606548       5.10449076       4.30000019    
       13980   3.11147547       5.10576820       4.30000019    
       14040   3.08278680       5.10575962       4.30000019    
       14100   3.06393433       5.10473871       4.30000019    
       14160   3.02704906       5.10279417       4.30000019    
       14220   3.00655746       5.10028601       4.30000019    
       14280   2.99377060       5.09758854       4.30000019    
       14340   2.94393444       5.09505606       4.30000019    
       14400   2.92508197       5.09312820       4.30000019    
       14460   2.89721322       5.09267139       3.29999995    
       14520   2.87803268       5.09491396       3.29999995    
       14580   2.87065578       5.10069084       3.29999995    
       14640   2.86442614       5.10989428       3.29999995    
       14700   2.86032796       5.12185717       3.29999995    
       14760   2.84524584       5.13604975       3.29999995    
       14820   2.84229517       5.15255451       3.29999995    
       14880   2.83573771       5.17189884       3.29999995    
       14940   2.83327866       5.19480133       3.29999995    
       15000   2.81770492       5.22154236       3.29999995    
       15060   2.80786896       5.25009155       3.29999995    
       15120   2.79852462       5.27637196       3.29999995    
       15180   2.78852463       5.29869509       3.29999995    
       15240   2.77081966       5.31866217       3.29999995    
       15300   2.75032783       5.33787298       3.29999995    
       15360   2.73688531       5.35742569       3.29999995    
       15420   2.72131157       5.37927771       3.29999995    
       15480   2.72049189       5.40463400       3.29999995    
       15540   2.72000003       5.43130541       3.29999995    
       15600   2.72196722       5.45517015       3.29999995    
       15660   2.72655749       5.47499561       3.29999995    
       15720   2.72737694       5.49300766       3.29999995    
       15780   2.71508193       5.51134539       3.29999995    
       15840   2.70032787       5.53075933       3.29999995    
       15900   2.69377041       5.55132151       3.29999995    
       15960   2.68344259       5.57268429       3.29999995    
       16020   2.65885258       5.59400511       3.29999995    
       16080   2.64000010       5.61387253       3.29999995    
       16140   2.62327862       5.63035965       3.29999995    
       16200   2.60721302       5.64157057       3.29999995    
       16260   2.59114742       5.64653301       3.29999995    
       16320   2.58262300       5.64552212       3.29999995    
       16380   2.57032776       5.63858557       3.29999995    
       16440   2.53704929       5.62434483       3.29999995    
       16500   2.49852467       5.60253716       3.29999995    
       16560   2.46000004       5.57665539       3.29999995    
       16620   2.43327880       5.55049181       3.29999995    
       16680   2.41901636       5.52555227       3.29999995    
       16740   2.40344262       5.50267887       3.29999995    
       16800   2.38098359       5.48276901       3.29999995    
       16860   2.36377048       5.46664143       3.29999995    
       16920   2.34737706       5.45469570       3.29999995    
       16980   2.33950830       5.44632626       3.29999995    
       17040   2.32770491       5.43981218       3.29999995    
       17100   2.28622961       5.43361807       3.29999995    
       17160   2.24934435       5.42767048       3.29999995    
       17220   2.21000004       5.42289829       3.29999995    
       17280   2.18213105       5.42016554       3.29999995    
       17340   2.15426230       5.41993761       3.29999995    
       17400   2.13622952       5.42225885       3.29999995    
       17460   2.12032795       5.42702961       3.29999995    
       17520   2.10999990       5.43465424       3.29999995    
       17580   2.09147549       5.44568968       3.29999995    
       17640   2.07803273       5.45991421       3.29999995    
       17700   2.05557370       5.47643423       3.29999995    
       17760   2.01868844       5.49447584       3.29999995    
       17820   1.99934423       5.51329947       3.29999995    
       17880   1.98836064       5.53154325       3.29999995    
       17940   1.95803285       5.54798317       3.29999995    
       18000   1.93918037       5.56419134       3.29999995    
       18060   1.90999997       5.58432770       2.09999990    
       18120   1.88459015       5.61010504       2.09999990    
       18180   1.85540986       5.63795805       2.09999990    
       18240   1.82491803       5.66222525       2.09999990    
       18300   1.78999996       5.67929554       2.09999990    
       18360   1.76131153       5.68783426       2.09999990    
       18420   1.72852457       5.68573046       2.09999990    
       18480   1.69409835       5.66931200       2.09999990    
       18540   1.65229511       5.63642931       2.09999990    
       18600   1.62852454       5.58943796       2.09999990    
       18660   1.61868858       5.53506994       2.09999990    
       18720   1.59819674       5.48096275       2.09999990    
       18780   1.58147538       5.43124247       2.09999990    
       18840   1.56360650       5.38669586       2.09999990    
       18900   1.54475415       5.34757090       2.09999990    
       18960   1.52540982       5.31280613       2.09999990    
       19020   1.50491798       5.27827215       2.09999990    
       19080   1.49163938       5.23947382       2.09999990    
       19140   1.47606552       5.19678783       2.09999990    
       19200   1.45393443       5.15607929       2.09999990    
       19260   1.42737710       5.12256718       2.09999990    
       19320   1.39737701       5.09731770       2.09999990    
       19380   1.36377048       5.07912445       2.09999990    
       19440   1.33557379       5.06585789       2.09999990    
       19500   1.31049180       5.05538559       2.09999990    
       19560   1.29622948       5.04712868       2.09999990    
       19620   1.28229511       5.04187822       2.09999990    
       19680   1.27737701       5.04025555       2.09999990    
       19740   1.27213120       5.04207754       2.09999990    
       19800   1.26508200       5.04585552       2.09999990    
       19860   1.25475407       5.05033684       2.09999990    
       19920   1.24786890       5.05705881       2.09999990    
       19980   1.23672128       5.06766367       2.09999990    
       20040   1.22721314       5.08423519       2.09999990    
       20100   1.22901642       5.10784292       2.09999990    
       20160   1.24327874       5.13572884       2.09999990    
       20220   1.26098359       5.16340446       2.09999990    
       20280   1.25983608       5.18707228       2.09999990    
       20340   1.24016392       5.20425463       2.09999990    
       20400   1.21770489       5.21553087       2.09999990    
       20460   1.20000005       5.22334719       2.09999990    
       20520   1.17426229       5.22901630       2.09999990    
       20580   1.14786887       5.23241663       2.09999990    
       20640   1.12459016       5.23349953       2.09999990    
       20700   1.10163939       5.23247910       2.09999990    
       20760   1.10868847       5.22920942       2.09999990    
       20820   1.10344267       5.22338104       2.09999990    
       20880   1.09770489       5.21482420       2.09999990    
       20940   1.09606552       5.20363760       2.09999990    
       21000   1.08786881       5.19077253       2.09999990    
       21060   1.06655741       5.17758846       2.09999990    
       21120   1.03983605       5.16407919       2.09999990    
       21180   1.02147543       5.14888954       2.09999990    
       21240   1.01491809       5.13098907       2.09999990    
       21300   1.00540984       5.11019564       2.09999990    
       21360   1.00409842       5.08658314       2.09999990    
       21420   1.01918030       5.06076908       2.09999990    
       21480   1.02409840       5.03462362       2.09999990    
       21540   1.02327871       5.01003599       2.09999990    
       21600   1.03639340       4.98550367       2.09999990    
       21660   1.05672133       4.95584488       1.60000002    
       21720   1.07360661       4.91757393       1.60000002    
       21780   1.08803284       4.87317896       1.60000002    
       21840   1.09950817       4.82902765       1.60000002    
       21900   1.10737705       4.79005671       1.60000002    
       21960   1.11278689       4.75752068       1.60000002    
       22020   1.11196721       4.73119116       1.60000002    
       22080   1.11360657       4.71134996       1.60000002    
       22140   1.11409831       4.69772959       1.60000002    
       22200   1.12229514       4.68809891       1.60000002    
       22260   1.11737704       4.67979622       1.60000002    
       22320   1.10754097       4.67177057       1.60000002    
       22380   1.10590160       4.66368341       1.60000002    
       22440   1.09934425       4.65457296       1.60000002    
       22500   1.09426224       4.64340878       1.60000002    
       22560   1.08901644       4.63031864       1.60000002    
       22620   1.08245897       4.61675453       1.60000002    
       22680   1.07344258       4.60438156       1.60000002    
       22740   1.05754101       4.59309816       1.60000002    
       22800   1.03786886       4.57982683       1.60000002    
       22860   1.01491809       4.56028700       1.60000002    
       22920  0.993114769       4.53189754       1.60000002    
       22980  0.975081980       4.49509192       1.60000002    
       23040  0.963114738       4.45268393       1.60000002    
       23100  0.952950835       4.40752506       1.60000002    
       23160  0.942786872       4.36008739       1.60000002    
       23220  0.930000007       4.30889893       1.60000002    
       23280  0.913606584       4.25305223       1.60000002    
       23340  0.896885216       4.19365597       1.60000002    
       23400  0.882950842       4.13396502       1.60000002    
       23460  0.866557360       4.07668400       1.60000002    
       23520  0.853934407       4.02046204       1.60000002    
       23580  0.836229503       3.96376944       1.60000002    
       23640  0.812131166       3.90609312       1.60000002    
       23700  0.790983617       3.84720349       1.60000002    
       23760  0.769180357       3.78701639       1.60000002    
       23820  0.745901644       3.72689509       1.60000002    
       23880  0.728688538       3.67009234       1.60000002    
       23940  0.713442624       3.61921716       1.60000002    
       24000  0.699016392       3.57333517       1.60000002    
       24060  0.686229527       3.52903557       1.60000002    
       24120  0.673442602       3.48378062       1.60000002    
       24180  0.663114727       3.43717599       1.60000002    
       24240  0.655737698       3.38996649       1.60000002    
       24300  0.647049189       3.34292841       1.60000002    
       24360  0.640163958       3.29646039       1.60000002    
       24420  0.629180312       3.25074840       1.60000002    
       24480  0.618852437       3.20601177       1.60000002    
       24540  0.609836042       3.16220379       1.60000002    
       24600  0.601147532       3.11839509       1.60000002    
       24660  0.595737696       3.07326198       1.60000002    
       24720  0.595737696       3.02646279       1.60000002    
       24780  0.597377062       2.97876716       1.60000002    
       24840  0.597377062       2.93114448       1.60000002    
       24900  0.598688543       2.88452768       1.60000002    
       24960  0.598360658       2.83996463       1.60000002    
       25020  0.596721292       2.79828787       1.60000002    
       25080  0.599672139       2.75976086       1.60000002    
       25140  0.602131128       2.72415161       1.60000002    
       25200  0.601639330       2.69106293       1.60000002    
       25260  0.602459013       2.66005874      0.400000006    
       25320  0.605409861       2.63060689      0.400000006    
       25380  0.612622976       2.60198450      0.400000006    
       25440  0.619180322       2.57323146      0.400000006    
       25500  0.626229525       2.54383302      0.400000006    
       25560  0.634918034       2.51462865      0.400000006    
       25620  0.642786860       2.48794675      0.400000006    
       25680  0.656229496       2.46644568      0.400000006    
       25740  0.672950804       2.45156145      0.400000006    
       25800  0.692622960       2.44277596      0.400000006    
       25860  0.716065586       2.43823600      0.400000006    
       25920  0.735737681       2.43603611      0.400000006    
       25980  0.749672115       2.43502808      0.400000006    
       26040  0.768196702       2.43453670      0.400000006    
       26100  0.785737693       2.43375421      0.400000006    
       26160  0.806393445       2.43129301      0.400000006    
       26220  0.830819666       2.42487001      0.400000006    
       26280  0.855081975       2.41204453      0.400000006    
       26340  0.879180312       2.39240074      0.400000006    
       26400  0.904262304       2.36874723      0.400000006    
       26460  0.936229527       2.34538245      0.400000006    
       26520  0.975573778       2.32544470      0.400000006    
       26580   1.01573765       2.31016755      0.400000006    
       26640   1.05721307       2.30005312      0.400000006    
       26700   1.10114753       2.29597592      0.400000006    
       26760   1.14327872       2.29952955      0.400000006    
       26820   1.19000006       2.31234670      0.400000006    
       26880   1.23672128       2.33448839      0.400000006    
       26940   1.28590167       2.36359215      0.400000006    
       27000   1.33344257       2.39631033      0.400000006    
       27060   1.37852454       2.43028450      0.400000006    
       27120   1.42245901       2.46459317      0.400000006    
       27180   1.46098363       2.49905205      0.400000006    
       27240   1.50000000       2.53331113      0.400000006    
       27300   1.54098356       2.56640863      0.400000006    
       27360   1.57688522       2.59717989      0.400000006    
       27420   1.61295080       2.62482548      0.400000006    
       27480   1.64770496       2.64918542      0.400000006    
       27540   1.67393446       2.67049980      0.400000006    
       27600   1.70147538       2.68907785      0.400000006    
       27660   1.72655737       2.70534134      0.400000006    
       27720   1.75196719       2.71995330      0.400000006    
       27780   1.77377045       2.73359561      0.400000006    
       27840   1.79426229       2.74658895      0.400000006    
       27900   1.81524587       2.75865531      0.400000006    
       27960   1.83737707       2.76900649      0.400000006    
       28020   1.86311471       2.77670765      0.400000006    
       28080   1.88852453       2.78111267      0.400000006    
       28140   1.91442621       2.78219414      0.400000006    
       28200   1.93983603       2.78071165      0.400000006    
       28260   1.96491802       2.77808714      0.400000006    
       28320   1.98754096       2.77596593      0.400000006    
       28380   2.01098371       2.77567363      0.400000006    
       28440   2.03475404       2.77778411      0.400000006    
       28500   2.05721307       2.78179121      0.400000006    
       28560   2.07639337       2.78614664      0.400000006    
       28620   2.09442616       2.78874397      0.400000006    
       28680   2.11131144       2.78783202      0.400000006    
       28740   2.11819673       2.78287292      0.400000006    
       28800   2.12180328       2.77484703      0.400000006    
       28860   2.12508202       2.76595759       2.84999990    
       28920   2.12377048       2.75862336       2.84999990    
       28980   2.12377048       2.75426912       2.84999990    
       29040   2.12508202       2.75295782       2.84999990    
       29100   2.13000011       2.75376511       2.84999990    
       29160   2.13360667       2.75538564       2.84999990    
       29220   2.13688517       2.75646830       2.84999990    
       29280   2.14213109       2.75588179       2.84999990    
       29340   2.14655733       2.75277448       2.84999990    
       29400   2.14245892       2.74659705       2.84999990    
       29460   2.12934422       2.73715162       2.84999990    
       29520   2.09934425       2.72462797       2.84999990    
       29580   2.07229519       2.70954442       2.84999990    
       29640   2.04721308       2.69266915       2.84999990    
       29700   2.01262283       2.67487741       2.84999990    
       29760   1.97950816       2.65733862       2.84999990    
       29820   1.94590163       2.64207363       2.84999990    
       29880   1.91327870       2.63152862       2.84999990    
       29940   1.87918031       2.62633824       2.84999990    
       30000   1.84262300       2.62388206       2.84999990    
       30060   1.80934429       2.61983728       2.84999990    
       30120   1.77032793       2.61089039       2.84999990    
       30180   1.73065579       2.59574413       2.84999990    
       30240   1.69180334       2.57428217       2.84999990    
       30300   1.64950824       2.54663873       2.84999990    
       30360   1.60688519       2.51285267       2.84999990    
       30420   1.56180322       2.47322559       2.84999990    
       30480   1.51180327       2.42936349       2.84999990    
       30540   1.46180332       2.38449168       2.84999990    
       30600   1.41393447       2.34184480       2.84999990    
       30660   1.37049186       2.30291319       2.84999990    
       30720   1.33016396       2.26731420       2.84999990    
       30780   1.29442620       2.23376608       2.84999990    
       30840   1.26213109       2.20123601       2.84999990    
       30900   1.23180330       2.16959000       2.84999990    
       30960   1.20262301       2.13937211       2.84999990    
       31020   1.17573774       2.11111808       2.84999990    
       31080   1.14999998       2.08500123       2.84999990    
       31140   1.12131143       2.06115484       2.84999990    
       31200   1.09377050       2.04000115       2.84999990    
       31260   1.06540978       2.02203321       2.84999990    
       31320   1.03885245       2.00734973       2.84999990    
       31380   1.00770497       1.99546361       2.84999990    
       31440  0.978196740       1.98561251       2.84999990    
       31500  0.948688507       1.97733581       2.84999990    
       31560  0.918360651       1.97102511       2.84999990    
       31620  0.887213111       1.96851194       2.84999990    
       31680  0.855245888       1.97369742       2.84999990    
       31740  0.824426234       1.98968589       2.84999990    
       31800  0.797377050       2.01302648       2.84999990    
       31860  0.772295058       2.03834176       2.84999990    
       31920  0.748032808       2.06476927       2.84999990    
       31980  0.727868855       2.09165692       2.84999990    
       32040  0.708032787       2.11602688       2.84999990    
       32100  0.690491796       2.13573790       2.84999990    
       32160  0.676065564       2.15135121       2.84999990    
       32220  0.660983622       2.16560411       2.84999990    
       32280  0.647049189       2.18183303       2.84999990    
       32340  0.635409832       2.20228887       2.84999990    
       32400  0.623606563       2.22691941       2.84999990    
       32460  0.614262283       2.25329018      0.800000012    
       32520  0.608196735       2.27809787      0.800000012    
       32580  0.604590178       2.29948854      0.800000012    
       32640  0.595573783       2.31806254      0.800000012    
       32700  0.584098339       2.33524537      0.800000012    
       32760  0.573278666       2.35115767      0.800000012    
       32820  0.567541003       2.36484504      0.800000012    
       32880  0.562131166       2.37623620      0.800000012    
       32940  0.560491800       2.38759804      0.800000012    
       33000  0.560163915       2.40237021      0.800000012    
       33060  0.565573752       2.42249918      0.800000012    
       33120  0.575737715       2.44754577      0.800000012    
       33180  0.595409811       2.47616744      0.800000012    
       33240  0.615409851       2.50779867      0.800000012    
       33300  0.633442640       2.54268813      0.800000012    
       33360  0.655245900       2.58102012      0.800000012    
       33420  0.675737679       2.62281728      0.800000012    
       33480  0.699016392       2.66800785      0.800000012    
       33540  0.717868865       2.71602631      0.800000012    
       33600  0.738852441       2.76565289      0.800000012    
       33660  0.763934433       2.81578445      0.800000012    
       33720  0.787377059       2.86658502      0.800000012    
       33780  0.816393435       2.91957140      0.800000012    
       33840  0.839672148       2.97592974      0.800000012    
       33900  0.860163927       3.03493834      0.800000012    
       33960  0.881967187       3.09447122      0.800000012    
       34020  0.901967227       3.15247965      0.800000012    
       34080  0.922459006       3.20757222      0.800000012    
       34140  0.947049201       3.25873208      0.800000012    
       34200  0.972459018       3.30532479      0.800000012    
       34260  0.997377038       3.34789562      0.800000012    
       34320   1.01786888       3.38875604      0.800000012    
       34380   1.03442621       3.43104577      0.800000012    
       34440   1.04721308       3.47682381      0.800000012    
       34500   1.05901635       3.52641034      0.800000012    
       34560   1.07131147       3.57941389      0.800000012    
       34620   1.08606553       3.63617468      0.800000012    
       34680   1.10114753       3.69736958      0.800000012    
       34740   1.11540985       3.76188064      0.800000012    
       34800   1.13147545       3.82644415      0.800000012    
       34860   1.14295077       3.88783455      0.800000012    
       34920   1.15409839       3.94502234      0.800000012    
       34980   1.16590166       3.99903631      0.800000012    
       35040   1.18311477       4.05212355      0.800000012    
       35100   1.20114756       4.10727882      0.800000012    
       35160   1.22131145       4.16586208      0.800000012    
       35220   1.24426234       4.22417879      0.800000012    
       35280   1.26918030       4.27468300      0.800000012    
       35340   1.29262292       4.31415224      0.800000012    
       35400   1.31311476       4.34823847      0.800000012    
       35460   1.33278692       4.38272190      0.800000012    
       35520   1.35655737       4.41723013      0.800000012    
       35580   1.37950814       4.45151806      0.800000012    
       35640   1.39999998       4.48831844      0.800000012    
       35700   1.41852462       4.52953577      0.800000012    
       35760   1.43491805       4.57457733      0.800000012    
       35820   1.45065570       4.62125111      0.800000012    
       35880   1.46622956       4.66725349      0.800000012    
       35940   1.47967207       4.71140909      0.800000012    
       36000   1.49245906       4.75431776      0.800000012    
       36060   1.50918031       4.79779625       1.58000004    
       36120   1.52475405       4.84291267       1.58000004    
       36180   1.53819668       4.88900185       1.58000004    
       36240   1.54934430       4.93430090       1.58000004    
       36300   1.56327868       4.97711754       1.58000004    
       36360   1.58016396       5.01722193       1.58000004    
       36420   1.59704924       5.05585194       1.58000004    
       36480   1.61180329       5.09389019       1.58000004    
       36540   1.62377048       5.12985516       1.58000004    
       36600   1.63032782       5.16040182       1.58000004    
       36660   1.63442624       5.18309450       1.58000004    
       36720   1.63721311       5.19817066       1.58000004    
       36780   1.64180326       5.20750666       1.58000004    
       36840   1.65032792       5.21266842       1.58000004    
       36900   1.65934432       5.21455288       1.58000004    
       36960   1.66967213       5.21408415       1.58000004    
       37020   1.67590165       5.21254730       1.58000004    
       37080   1.67918038       5.21154356       1.58000004    
       37140   1.68213117       5.21295452       1.58000004    
       37200   1.68622947       5.21858215       1.58000004    
       37260   1.69114757       5.22881174       1.58000004    
       37320   1.69573772       5.24308205       1.58000004    
       37380   1.69852459       5.26057434       1.58000004    
       37440   1.69819677       5.27852869       1.58000004    
       37500   1.70032787       5.29369736       1.58000004    
       37560   1.70475411       5.30461025       1.58000004    
       37620   1.71000004       5.31152105       1.58000004    
       37680   1.71459019       5.31564236       1.58000004    
       37740   1.71786880       5.31813145       1.58000004    
       37800   1.71950817       5.31907511       1.58000004    
       37860   1.71950817       5.31739569       1.58000004    
       37920   1.71786880       5.31162882       1.58000004    
       37980   1.71540987       5.30070257       1.58000004    
       38040   1.71540987       5.28466940       1.58000004    
       38100   1.71704912       5.26489544       1.58000004    
       38160   1.71622956       5.24320841       1.58000004    
       38220   1.71327865       5.22036791       1.58000004    
       38280   1.70754099       5.19551468       1.58000004    
       38340   1.70311475       5.16837215       1.58000004    
       38400   1.70032787       5.14143991       1.58000004    
       38460   1.69868851       5.11715698       1.58000004    
       38520   1.70065570       5.09483528       1.58000004    
       38580   1.70229506       5.07216787       1.58000004    
       38640   1.70278692       5.04659796       1.58000004    
       38700   1.70409834       5.01502275       1.58000004    
       38760   1.70688522       4.97569370       1.58000004    
       38820   1.70885241       4.93225908       1.58000004    
       38880   1.70803285       4.89270878       1.58000004    
       38940   1.70655739       4.86049175       1.58000004    
       39000   1.70852458       4.82929945       1.58000004    
       39060   1.71557379       4.79486275       1.58000004    
       39120   1.72327864       4.76477337       1.58000004    
       39180   1.72573769       4.74355936       1.58000004    
       39240   1.72786880       4.72661591       1.58000004    
       39300   1.72918034       4.70847416       1.58000004    
       39360   1.72803283       4.68770647       1.58000004    
       39420   1.72590160       4.66612339       1.58000004    
       39480   1.72508192       4.64633512       1.58000004    
       39540   1.72590160       4.63092899       1.58000004    
       39600   1.72754097       4.62168932       1.58000004    
       39660   1.73000002       4.61868095       1.48000002    
       39720   1.73049176       4.61928988       1.48000002    
       39780   1.72967207       4.61803007       1.48000002    
       39840   1.73049176       4.61120176       1.48000002    
       39900   1.73295081       4.60019016       1.48000002    
       39960   1.73540986       4.58838558       1.48000002    
       40020   1.73459017       4.57717562       1.48000002    
       40080   1.72934425       4.56557798       1.48000002    
       40140   1.72000003       4.55262613       1.48000002    
       40200   1.71459019       4.54030561       1.48000002    
       40260   1.71016395       4.53476191       1.48000002    
       40320   1.70360661       4.54480934       1.48000002    
       40380   1.69754100       4.57543468       1.48000002    
       40440   1.68803275       4.61459589       1.48000002    
       40500   1.68114758       4.64456367       1.48000002    
       40560   1.67459011       4.66818666       1.48000002    
       40620   1.66557372       4.69058752       1.48000002    
       40680   1.66475415       4.70984554       1.48000002    
       40740   1.66508198       4.72398520       1.48000002    
       40800   1.66672134       4.73338699       1.48000002    
       40860   1.67032790       4.74008322       1.48000002    
       40920   1.67721307       4.74520540       1.48000002    
       40980   1.68442619       4.74805880       1.48000002    
       41040   1.69295084       4.74946785       1.48000002    
       41100   1.70360661       4.75200510       1.48000002    
       41160   1.71459019       4.75729465       1.48000002    
       41220   1.72311473       4.76480246       1.48000002    
       41280   1.73131144       4.77299452       1.48000002    
       41340   1.73819673       4.78169966       1.48000002    
       41400   1.74639344       4.79315472       1.48000002    
       41460   1.75573766       4.81001186       1.48000002    
       41520   1.76770496       4.83280993       1.48000002    
       41580   1.77918029       4.86033821       1.48000002    
       41640   1.79311478       4.89168167       1.48000002    
       41700   1.80213118       4.92654753       1.48000002    
       41760   1.80868852       4.96385860       1.48000002    
       41820   1.81688523       5.00103998       1.48000002    
       41880   1.82557380       5.03625107       1.48000002    
       41940   1.83672130       5.07011557       1.48000002    
       42000   1.85065579       5.10277033       1.48000002    
       42060   1.86737704       5.13300371       1.48000002    
       42120   1.87557375       5.16105938       1.48000002    
       42180   1.88508201       5.18896341       1.48000002    
       42240   1.89360654       5.21958447       1.48000002    
       42300   1.90868855       5.25563145       1.48000002    
       42360   1.91803277       5.29793310       1.48000002    
       42420   1.92885244       5.34421444       1.48000002    
       42480   1.93918037       5.38906622       1.48000002    
       42540   1.94459021       5.42742777       1.48000002    
       42600   1.95196724       5.46125364       1.48000002    
       42660   1.96311474       5.49350786       1.48000002    
       42720   1.97081971       5.51823902       1.48000002    
       42780   1.97491801       5.53264999       1.48000002    
       42840   1.97819674       5.54281950       1.48000002    
       42900   1.98262298       5.55587006       1.48000002    
       42960   1.98377049       5.57418966       1.48000002    
       43020   1.99311471       5.59583855       1.48000002    
       43080   1.99442625       5.61743498       1.48000002    
       43140   1.98868847       5.63451672       1.48000002    
       43200   1.98196721       5.64176178       1.48000002    
       43260   1.98114753       5.63614893       2.25000000    
       43320   1.97704923       5.62104988       2.25000000    
       43380   1.97213113       5.60561371       2.25000000    
       43440   1.96721315       5.59659958       2.25000000    
       43500   1.97098362       5.59337807       2.25000000    
       43560   1.96967208       5.59132147       2.25000000    
       43620   1.97409832       5.58728361       2.25000000    
       43680   1.98229504       5.58217812       2.25000000    
       43740   1.99409831       5.57915068       2.25000000    
       43800   2.01737714       5.57896996       2.25000000    
       43860   2.02721310       5.57716894       2.25000000    
       43920   2.04524589       5.56513071       2.25000000    
       43980   2.05557370       5.53681707       2.25000000    
       44040   2.06983614       5.50247622       2.25000000    
       44100   2.09032798       5.47853804       2.25000000    
       44160   2.10475421       5.46075964       2.25000000    
       44220   2.11786890       5.44198370       2.25000000    
       44280   2.12885237       5.42292881       2.25000000    
       44340   2.13295078       5.40601206       2.25000000    
       44400   2.14934421       5.39244366       2.25000000    
       44460   2.15786886       5.38221788       2.25000000    
       44520   2.16770482       5.37497950       2.25000000    
       44580   2.17885256       5.37066460       2.25000000    
       44640   2.18147540       5.36849546       2.25000000    
       44700   2.19311476       5.36750078       2.25000000    
       44760   2.20049191       5.36853790       2.25000000    
       44820   2.21114755       5.37350273       2.25000000    
       44880   2.22967219       5.38283825       2.25000000    
       44940   2.25180340       5.39515257       2.25000000    
       45000   2.26950812       5.40823317       2.25000000    
       45060   2.28639340       5.42016888       2.25000000    
       45120   2.29868841       5.42928982       2.25000000    
       45180   2.31180334       5.43357563       2.25000000    
       45240   2.32377052       5.43182373       2.25000000    
       45300   2.34213114       5.42483807       2.25000000    
       45360   2.36098361       5.41535425       2.25000000    
       45420   2.37327862       5.40744781       2.25000000    
       45480   2.38803267       5.40464735       2.25000000    
       45540   2.39852452       5.40848112       2.25000000    
       45600   2.41327858       5.41868973       2.25000000    
       45660   2.42311478       5.43285179       2.25000000    
       45720   2.42524600       5.44703770       2.25000000    
       45780   2.43786883       5.45850039       2.25000000    
       45840   2.45131159       5.46627569       2.25000000    
       45900   2.47065568       5.47057438       2.25000000    
       45960   2.48426223       5.47316504       2.25000000    
       46020   2.49983597       5.47646379       2.25000000    
       46080   2.50999999       5.48227119       2.25000000    
       46140   2.52393436       5.49149132       2.25000000    
       46200   2.54967213       5.50451469       2.25000000    
       46260   2.57081962       5.52212286       2.25000000    
       46320   2.59213114       5.54583311       2.25000000    
       46380   2.61475420       5.57632780       2.25000000    
       46440   2.63737702       5.61173296       2.25000000    
       46500   2.66114759       5.64794397       2.25000000    
       46560   2.68622947       5.68140841       2.25000000    
       46620   2.71786880       5.71097994       2.25000000    
       46680   2.73721313       5.73699427       2.25000000    
       46740   2.76622939       5.76089764       2.25000000    
       46800   2.80147552       5.78585911       2.25000000    
       46860   2.83967209       5.81477833       3.07999992    
       46920   2.87459016       5.84707785       3.07999992    
       46980   2.91557384       5.87918758       3.07999992    
       47040   2.95852470       5.90885496       3.07999992    
       47100   3.00442624       5.93747902       3.07999992    
       47160   3.04327869       5.96842718       3.07999992    
       47220   3.08672142       6.00351715       3.07999992    
       47280   3.12983608       6.04119110       3.07999992    
       47340   3.16459012       6.07827187       3.07999992    
       47400   3.19868851       6.11284494       3.07999992    
       47460   3.22622943       6.14570808       3.07999992    
       47520   3.26475406       6.17962599       3.07999992    
       47580   3.29163933       6.21654320       3.07999992    
       47640   3.33016396       6.25451517       3.07999992    
       47700   3.36590171       6.28856087       3.07999992    
       47760   3.39377046       6.31560755       3.07999992    
       47820   3.42442632       6.33718586       3.07999992    
       47880   3.45475411       6.35646677       3.07999992    
       47940   3.49377060       6.37425947       3.07999992    
       48000   3.53180337       6.38905239       3.07999992    
       48060   3.55852461       6.40018749       3.07999992    
       48120   3.59426236       6.40889883       3.07999992    
       48180   3.62295079       6.41557121       3.07999992    
       48240   3.64868855       6.41947412       3.07999992    
       48300   3.68836069       6.42104244       3.07999992    
       48360   3.71704912       6.42316723       3.07999992    
       48420   3.75180340       6.42904902       3.07999992    
       48480   3.77885246       6.43892050       3.07999992    
       48540   3.80180335       6.45177126       3.07999992    
       48600   3.81704926       6.46655416       3.07999992    
       48660   3.83836055       6.48161268       3.07999992    
       48720   3.86032796       6.49687290       3.07999992    
       48780   3.88459015       6.51524830       3.07999992    
       48840   3.90836072       6.53883648       3.07999992    
       48900   3.94098353       6.56637859       3.07999992    
       48960   3.96442628       6.59512520       3.07999992    
       49020   3.98524594       6.62279558       3.07999992    
       49080   4.00983620       6.64767694       3.07999992    
       49140   4.03819656       6.66759300       3.07999992    
       49200   4.06458998       6.68166971       3.07999992    
       49260   4.07999992       6.69381666       3.07999992    
       49320   4.09918022       6.71002865       3.07999992    
       49380   4.12196732       6.73224115       3.07999992    
       49440   4.15311480       6.75766468       3.07999992    
       49500   4.17950821       6.78264952       3.07999992    
       49560   4.20081949       6.80550432       3.07999992    
       49620   4.22327852       6.82613039       3.07999992    
       49680   4.25770473       6.84463882       3.07999992    
       49740   4.28967190       6.86158037       3.07999992    
       49800   4.31458998       6.87825298       3.07999992    
       49860   4.34409857       6.89526367       3.07999992    
       49920   4.37819672       6.91117048       3.07999992    
       49980   4.39983606       6.92325544       3.07999992    
       50040   4.42114735       6.92945480       3.07999992    
       50100   4.44000006       6.93005943       3.07999992    
       50160   4.45229530       6.92849350       3.07999992    
       50220   4.46327877       6.92989492       3.07999992    
       50280   4.46819687       6.93756866       3.07999992    
       50340   4.48131132       6.95101023       3.07999992    
       50400   4.48049164       6.96752882       3.07999992    
       50460   4.48360634       6.98599195       4.40000010    
       50520   4.49016380       7.00827408       4.40000010    
       50580   4.49786901       7.03645277       4.40000010    
       50640   4.50360632       7.06978798       4.40000010    
       50700   4.50000000       7.10435867       4.40000010    
       50760   4.50786877       7.13450909       4.40000010    
       50820   4.50622940       7.15754700       4.40000010    
       50880   4.50950813       7.17493725       4.40000010    
       50940   4.50098372       7.18950224       4.40000010    
       51000   4.49524593       7.20509863       4.40000010    
       51060   4.49278688       7.22571039       4.40000010    
       51120   4.48934412       7.25167799       4.40000010    
       51180   4.48245907       7.28003597       4.40000010    
       51240   4.48016405       7.30971432       4.40000010    
       51300   4.47770500       7.34277391       4.40000010    
       51360   4.47147560       7.38000822       4.40000010    
       51420   4.46491814       7.41939068       4.40000010    
       51480   4.45344257       7.45841408       4.40000010    
       51540   4.44442606       7.49613810       4.40000010    
       51600   4.43541002       7.53308010       4.40000010    
       51660   4.43541002       7.57030344       4.40000010    
       51720   4.43049192       7.60771275       4.40000010    
       51780   4.42836046       7.64180088       4.40000010    
       51840   4.43409824       7.67101431       4.40000010    
       51900   4.42999983       7.69768810       4.40000010    
       51960   4.42131138       7.72077894       4.40000010    
       52020   4.40442610       7.73702574       4.40000010    
       52080   4.38934422       7.74690247       4.40000010    
       52140   4.39180326       7.75124121       4.40000010    
       52200   4.38114738       7.74997759       4.40000010    
       52260   4.37049198       7.74652004       4.40000010    
       52320   4.36508179       7.74610376       4.40000010    
       52380   4.35163927       7.74981308       4.40000010    
       52440   4.35377026       7.75462198       4.40000010    
       52500   4.34229517       7.75771666       4.40000010    
       52560   4.33098364       7.75730753       4.40000010    
       52620   4.32114744       7.75219345       4.40000010    
       52680   4.32606554       7.74265051       4.40000010    
       52740   4.33836079       7.73044491       4.40000010    
       52800   4.34721327       7.71660614       4.40000010    
       52860   4.36196709       7.70059299       4.40000010    
       52920   4.38131142       7.68295860       4.40000010    
       52980   4.39491796       7.66662264       4.40000010    
       53040   4.40688515       7.65381813       4.40000010    
       53100   4.42688513       7.64373779       4.40000010    
       53160   4.42770481       7.63465071       4.40000010    
       53220   4.43245888       7.62678242       4.40000010    
       53280   4.43459034       7.62185144       4.40000010    
       53340   4.45426226       7.62054539       4.40000010    
       53400   4.46377039       7.62195110       4.40000010    
       53460   4.46836042       7.62416553       4.40000010    
       53520   4.44672108       7.62448025       4.40000010    
       53580   4.44344282       7.62130642       4.40000010    
       53640   4.45491791       7.61602640       4.40000010    
       53700   4.46426249       7.61163044       4.40000010    
       53760   4.47245884       7.60922384       4.40000010    
       53820   4.47540998       7.60738802       4.40000010    
       53880   4.49426222       7.60642338       4.40000010    
       53940   4.52704906       7.60958099       4.40000010    
       54000   4.55032778       7.61855221       4.40000010    
       54060   4.58311462       7.63044739       3.65000010    
       54120   4.59590149       7.64017105       3.65000010    
       54180   4.59999990       7.64443970       3.65000010    
       54240   4.60901642       7.64355946       3.65000010    
       54300   4.60622931       7.64078140       3.65000010    
       54360   4.61803293       7.64053249       3.65000010    
       54420   4.60442638       7.64469767       3.65000010    
       54480   4.60163927       7.65204811       3.65000010    
       54540   4.61229515       7.66035795       3.65000010    
       54600   4.62295103       7.66610384       3.65000010    
       54660   4.62262297       7.66503286       3.65000010    
       54720   4.61999989       7.65564060       3.65000010    
       54780   4.62213135       7.64027929       3.65000010    
       54840   4.62524605       7.62342882       3.65000010    
       54900   4.63754082       7.61039209       3.65000010    
       54960   4.63672113       7.60497284       3.65000010    
       55020   4.64409828       7.60562897       3.65000010    
       55080   4.65032768       7.60719872       3.65000010    
       55140   4.65770483       7.60648060       3.65000010    
       55200   4.66754103       7.60408688       3.65000010    
       55260   4.67114735       7.60105944       3.65000010    
       55320   4.66508198       7.59715176       3.65000010    
       55380   4.66295099       7.59531164       3.65000010    
       55440   4.66131163       7.59946299       3.65000010    
       55500   4.64704895       7.61037493       3.65000010    
       55560   4.65360641       7.62887383       3.65000010    
       55620   4.65213108       7.65649128       3.65000010    
       55680   4.66524601       7.69231129       3.65000010    
       55740   4.66688538       7.73461723       3.65000010    
       55800   4.67147541       7.78282309       3.65000010    
       55860   4.68098354       7.83132648       3.65000010    
       55920   4.70754099       7.87039948       3.65000010    
       55980   4.72590160       7.89650965       3.65000010    
       56040   4.73622942       7.91424227       3.65000010    
       56100   4.73114777       7.93006897       3.65000010    
       56160   4.74672127       7.94944811       3.65000010    
       56220   4.75278711       7.97569323       3.65000010    
       56280   4.74786901       8.00796509       3.65000010    
       56340   4.75278711       8.04261112       3.65000010    
       56400   4.75098372       8.07699299       3.65000010    
       56460   4.74540997       8.11030388       3.65000010    
       56520   4.73590183       8.14172173       3.65000010    
       56580   4.72327852       8.16964245       3.65000010    
       56640   4.70393419       8.19362164       3.65000010    
       56700   4.69983625       8.21598721       3.65000010    
       56760   4.66672134       8.23878765       3.65000010    
       56820   4.65688515       8.26001358       3.65000010    
       56880   4.64836073       8.27587986       3.65000010    
       56940   4.63934422       8.28633118       3.65000010    
       57000   4.60622931       8.29577351       3.65000010    
       57060   4.59754086       8.30832481       3.65000010    
       57120   4.58967209       8.32335758       3.65000010    
       57180   4.59213114       8.33678627       3.65000010    
       57240   4.58229494       8.34658241       3.65000010    
       57300   4.56049204       8.35631275       3.65000010    
       57360   4.54327869       8.37009430       3.65000010    
       57420   4.53508186       8.38767052       3.65000010    
       57480   4.53409815       8.40546608       3.65000010    
       57540   4.52016401       8.41795826       3.65000010    
       57600   4.50081968       8.41990757       3.65000010    
       57660   4.48278666       8.40913868       5.21999979    
       57720   4.47426224       8.38853359       5.21999979    
       57780   4.48655748       8.36507607       5.21999979    
       57840   4.49639368       8.34499264       5.21999979    
       57900   4.50098372       8.33017445       5.21999979    
       57960   4.51032782       8.31971836       5.21999979    
       58020   4.52065563       8.31416225       5.21999979    
       58080   4.54065561       8.31497192       5.21999979    
       58140   4.56065559       8.32040119       5.21999979    
       58200   4.55655718       8.32683086       5.21999979    
       58260   4.56065559       8.33273602       5.21999979    
       58320   4.57655716       8.33835030       5.21999979    
       58380   4.58819675       8.34383965       5.21999979    
       58440   4.59426212       8.35090923       5.21999979    
       58500   4.59836054       8.36140251       5.21999979    
       58560   4.59786892       8.37364101       5.21999979    
       58620   4.60311460       8.38634396       5.21999979    
       58680   4.60147524       8.40034294       5.21999979    
       58740   4.60590172       8.41444588       5.21999979    
       58800   4.61163950       8.42601109       5.21999979    
       58860   4.61655760       8.43350315       5.21999979    
       58920   4.62639332       8.43608189       5.21999979    
       58980   4.64639330       8.43458748       5.21999979    
       59040   4.66852474       8.43090057       5.21999979    
       59100   4.67557383       8.42545033       5.21999979    
       59160   4.69196701       8.41884995       5.21999979    
       59220   4.69491816       8.41248703       5.21999979    
       59280   4.70721292       8.40648556       5.21999979    
       59340   4.71098375       8.39938545       5.21999979    
       59400   4.72950840       8.38903332       5.21999979    
       59460   4.73852444       8.37641239       5.21999979    
       59520   4.76098347       8.36589336       5.21999979    
       59580   4.76344252       8.36053467       5.21999979    
       59640   4.77573776       8.36151028       5.21999979    
       59700   4.80229521       8.36777401       5.21999979    
       59760   4.82786894       8.37165260       5.21999979    
       59820   4.84704924       8.36534786       5.21999979    
       59880   4.86967230       8.35093307       5.21999979    
       59940   4.90114737       8.33391476       5.21999979    
       60000   4.91459036       8.31510639       5.21999979    
       60060   4.92901659       8.29325676       5.21999979    
       60120   4.94950819       8.26948833       5.21999979    
       60180   4.97295094       8.24704552       5.21999979    
       60240   4.99573755       8.22778320       5.21999979    
       60300   5.02983618       8.21058655       5.21999979    
       60360   5.05278683       8.19384766       5.21999979    
       60420   5.08934402       8.17810059       5.21999979    
       60480   5.12573767       8.16581059       5.21999979    
       60540   5.15278673       8.15785885       5.21999979    
       60600   5.18557358       8.14973545       5.21999979    
       60660   5.21754122       8.13435555       5.21999979    
       60720   5.23934412       8.11249542       5.21999979    
       60780   5.26508188       8.09348392       5.21999979    
       60840   5.29377031       8.08269596       5.21999979    
       60900   5.31754112       8.07474899       5.21999979    
       60960   5.34885263       8.06227779       5.21999979    
       61020   5.36901617       8.04353046       5.21999979    
       61080   5.38327885       8.01932812       5.21999979    
       61140   5.40426207       7.99103165       5.21999979    
       61200   5.42393446       7.96220827       5.21999979    
