 20180901
 Seconds  Measures(TEMP-C°)  Meso-NH(TEMP-C°)  FORECAST_AR(TEMP-C°)
        7200   8.08278656       8.31619453       8.57999992    
        7260   8.08262253       8.32108116       8.57999992    
        7320   8.08114719       8.32495117       8.57999992    
        7380   8.08049202       8.32780933       8.57999992    
        7440   8.08114719       8.32998371       8.57999992    
        7500   8.08458996       8.33223915       8.57999992    
        7560   8.09016418       8.33525658       8.57999992    
        7620   8.09540939       8.33886147       8.57999992    
        7680   8.10000038       8.34275627       8.57999992    
        7740   8.10196686       8.34522057       8.57999992    
        7800   8.10459042       8.34582043       8.57999992    
        7860   8.10754108       8.34483814       8.57999992    
        7920   8.11180305       8.34292603       8.57999992    
        7980   8.11721325       8.34102058       8.57999992    
        8040   8.12229538       8.33932972       8.57999992    
        8100   8.12049198       8.33771801       8.57999992    
        8160   8.11803246       8.33622456       8.57999992    
        8220   8.11655712       8.33546829       8.57999992    
        8280   8.11524582       8.33607864       8.57999992    
        8340   8.10852432       8.33936596       8.57999992    
        8400   8.09590149       8.34524345       8.57999992    
        8460   8.08098316       8.35414410       8.57999992    
        8520   8.06721306       8.36460495       8.57999992    
        8580   8.05000019       8.37476254       8.57999992    
        8640   8.03508186       8.38396835       8.57999992    
        8700   8.02180290       8.39218330       8.57999992    
        8760   8.00967216       8.39924431       8.57999992    
        8820   7.99786901       8.40516472       8.57999992    
        8880   7.98606539       8.41008472       8.57999992    
        8940   7.97655725       8.41391087       8.57999992    
        9000   7.96999979       8.41641045       8.57999992    
        9060   7.96426249       8.41819859       8.57999992    
        9120   7.95901632       8.41978359       8.57999992    
        9180   7.95049191       8.42281818       8.57999992    
        9240   7.94180346       8.42876339       8.57999992    
        9300   7.93278694       8.43781376       8.57999992    
        9360   7.92524576       8.44882202       8.57999992    
        9420   7.91950798       8.46011066       8.57999992    
        9480   7.91360664       8.47175884       8.57999992    
        9540   7.90786886       8.48344994       8.57999992    
        9600   7.90311480       8.49451160       8.57999992    
        9660   7.89803267       8.50538731       8.57999992    
        9720   7.89262295       8.51632404       8.57999992    
        9780   7.88721323       8.52708626       8.57999992    
        9840   7.88131142       8.53711224       8.57999992    
        9900   7.87590170       8.54476452       8.57999992    
        9960   7.87262297       8.54846096       8.57999992    
       10020   7.87147522       8.54800129       8.57999992    
       10080   7.87081957       8.54453754       8.57999992    
       10140   7.86983585       8.54183292       8.57999992    
       10200   7.86967230       8.54422855       8.57999992    
       10260   7.87147522       8.55171490       8.57999992    
       10320   7.87262297       8.56177330       8.57999992    
       10380   7.87245893       8.57299519       8.57999992    
       10440   7.86950827       8.58185577       8.57999992    
       10500   7.86819649       8.58626366       8.57999992    
       10560   7.86901617       8.58613586       8.57999992    
       10620   7.86885262       8.58119297       8.57999992    
       10680   7.86770487       8.57278347       8.57999992    
       10740   7.86672115       8.56441402       8.57999992    
       10800   7.86885262       8.55938530       8.36999989    
       10860   7.87196732       8.55819607       8.36999989    
       10920   7.87459040       8.55974388       8.36999989    
       10980   7.87688541       8.56235123       8.36999989    
       11040   7.88065577       8.56428814       8.36999989    
       11100   7.88639355       8.56428528       8.36999989    
       11160   7.89229488       8.56158257       8.36999989    
       11220   7.89901638       8.55672550       8.36999989    
       11280   7.90409851       8.55027866       8.36999989    
       11340   7.90770483       8.54421806       8.36999989    
       11400   7.91262293       8.53957367       8.36999989    
       11460   7.91868830       8.53684044       8.36999989    
       11520   7.92524576       8.53560162       8.36999989    
       11580   7.93065596       8.53488922       8.36999989    
       11640   7.93639326       8.53455162       8.36999989    
       11700   7.94081974       8.53505611       8.36999989    
       11760   7.94393444       8.53695869       8.36999989    
       11820   7.94754076       8.53995895       8.36999989    
       11880   7.94967222       8.54285145       8.36999989    
       11940   7.95131159       8.54325962       8.36999989    
       12000   7.95409822       8.54019165       8.36999989    
       12060   7.95672131       8.53275204       8.36999989    
       12120   7.95803261       8.52241707       8.36999989    
       12180   7.96016407       8.51168060       8.36999989    
       12240   7.96311474       8.50209999       8.36999989    
       12300   7.96737719       8.49505901       8.36999989    
       12360   7.97327852       8.49149323       8.36999989    
       12420   7.97983599       8.49082947       8.36999989    
       12480   7.98590183       8.49169445       8.36999989    
       12540   7.99180317       8.49274635       8.36999989    
       12600   7.99606562       8.49342346       8.36999989    
       12660   7.99967194       8.49326420       8.36999989    
       12720   8.00393486       8.49249554       8.36999989    
       12780   8.00754070       8.49048424       8.36999989    
       12840   8.01229477       8.48675632       8.36999989    
       12900   8.01803303       8.48144150       8.36999989    
       12960   8.02377033       8.47469807       8.36999989    
       13020   8.02901649       8.46683311       8.36999989    
       13080   8.03278732       8.45795250       8.36999989    
       13140   8.03672123       8.44777107       8.36999989    
       13200   8.04065609       8.43649197       8.36999989    
       13260   8.04459000       8.42468071       8.36999989    
       13320   8.04967213       8.41344070       8.36999989    
       13380   8.05442619       8.40406609       8.36999989    
       13440   8.05901623       8.39754581       8.36999989    
       13500   8.06491756       8.39459229       8.36999989    
       13560   8.07081985       8.39506817       8.36999989    
       13620   8.07639313       8.39747715       8.36999989    
       13680   8.08229542       8.39985371       8.36999989    
       13740   8.08819675       8.39941692       8.36999989    
       13800   8.09245872       8.39361477       8.36999989    
       13860   8.09508228       8.38362026       8.36999989    
       13920   8.09688568       8.37262344       8.36999989    
       13980   8.09934425       8.36259556       8.36999989    
       14040   8.10311508       8.35698414       8.36999989    
       14100   8.10737705       8.35814285       8.36999989    
       14160   8.11114788       8.36543941       8.36999989    
       14220   8.11458969       8.37695599       8.36999989    
       14280   8.11754131       8.38966751       8.36999989    
       14340   8.12147522       8.40055561       8.36999989    
       14400   8.12524605       8.40887165       7.90999985    
       14460   8.12852478       8.41619587       7.90999985    
       14520   8.13098335       8.42403221       7.90999985    
       14580   8.13360691       8.43340492       7.90999985    
       14640   8.13590145       8.44468594       7.90999985    
       14700   8.13770485       8.45752239       7.90999985    
       14760   8.13868809       8.47133923       7.90999985    
       14820   8.13836098       8.48553467       7.90999985    
       14880   8.13622952       8.50003910       7.90999985    
       14940   8.13442612       8.51511574       7.90999985    
       15000   8.13344288       8.53071213       7.90999985    
       15060   8.13295078       8.54632854       7.90999985    
       15120   8.13213158       8.56136894       7.90999985    
       15180   8.13065529       8.57511139       7.90999985    
       15240   8.12950802       8.58684158       7.90999985    
       15300   8.12901592       8.59618378       7.90999985    
       15360   8.12803268       8.60295391       7.90999985    
       15420   8.12754059       8.60722637       7.90999985    
       15480   8.12786865       8.60948086       7.90999985    
       15540   8.12836075       8.61043549       7.90999985    
       15600   8.12803268       8.61147976       7.90999985    
       15660   8.12688541       8.61530590       7.90999985    
       15720   8.12491798       8.62550068       7.90999985    
       15780   8.12295055       8.64039135       7.90999985    
       15840   8.12147522       8.65555477       7.90999985    
       15900   8.12082005       8.66854954       7.90999985    
       15960   8.11999989       8.67855263       7.90999985    
       16020   8.11836052       8.68606186       7.90999985    
       16080   8.11770535       8.69219017       7.90999985    
       16140   8.11836052       8.69798756       7.90999985    
       16200   8.11885262       8.70409679       7.90999985    
       16260   8.11934471       8.71069336       7.90999985    
       16320   8.11999989       8.71784115       7.90999985    
       16380   8.11999989       8.72566223       7.90999985    
       16440   8.11967182       8.73430824       7.90999985    
       16500   8.11967182       8.74383450       7.90999985    
       16560   8.12032795       8.75398159       7.90999985    
       16620   8.12213135       8.76441193       7.90999985    
       16680   8.12458992       8.77515125       7.90999985    
       16740   8.12655735       8.78655338       7.90999985    
       16800   8.12885284       8.79893494       7.90999985    
       16860   8.13262272       8.81231403       7.90999985    
       16920   8.13606548       8.82636452       7.90999985    
       16980   8.13786888       8.84057140       7.90999985    
       17040   8.13950825       8.85428905       7.90999985    
       17100   8.14065552       8.86725140       7.90999985    
       17160   8.14131165       8.87946033       7.90999985    
       17220   8.14229488       8.89109135       7.90999985    
       17280   8.14327908       8.90235233       7.90999985    
       17340   8.14360619       8.91328335       7.90999985    
       17400   8.14409828       8.92378235       7.90999985    
       17460   8.14508152       8.93372822       7.90999985    
       17520   8.14524555       8.94297981       7.90999985    
       17580   8.14377022       8.95121956       7.90999985    
       17640   8.14311504       8.95785046       7.90999985    
       17700   8.14344215       8.96259785       7.90999985    
       17760   8.14311504       8.96610260       7.90999985    
       17820   8.14213085       8.96898174       7.90999985    
       17880   8.14196682       8.97177601       7.90999985    
       17940   8.14229488       8.97453976       7.90999985    
       18000   8.14081955       8.97667980       8.11999989    
       18060   8.13918018       8.97790051       8.11999989    
       18120   8.13655758       8.97847843       8.11999989    
       18180   8.13393402       8.97884464       8.11999989    
       18240   8.13114738       8.97930241       8.11999989    
       18300   8.12836075       8.98028183       8.11999989    
       18360   8.12541008       8.98206520       8.11999989    
       18420   8.12196732       8.98403835       8.11999989    
       18480   8.11836052       8.98516750       8.11999989    
       18540   8.11475372       8.98498249       8.11999989    
       18600   8.11213112       8.98390293       8.11999989    
       18660   8.10983562       8.98305130       8.11999989    
       18720   8.10868835       8.98349190       8.11999989    
       18780   8.10803318       8.98587990       8.11999989    
       18840   8.10754108       8.99045181       8.11999989    
       18900   8.10590172       8.99714088       8.11999989    
       18960   8.10377026       9.00591755       8.11999989    
       19020   8.10180283       9.01666832       8.11999989    
       19080   8.09950829       9.02936745       8.11999989    
       19140   8.09622955       9.04413319       8.11999989    
       19200   8.09311485       9.06056690       8.11999989    
       19260   8.09098339       9.07607555       8.11999989    
       19320   8.08950806       9.08598232       8.11999989    
       19380   8.08819675       9.09033775       8.11999989    
       19440   8.08721352       9.09218502       8.11999989    
       19500   8.08639336       9.09271622       8.11999989    
       19560   8.08590126       9.09229851       8.11999989    
       19620   8.08557415       9.09128284       8.11999989    
       19680   8.08557415       9.08980942       8.11999989    
       19740   8.08442593       9.08801270       8.11999989    
       19800   8.08213139       9.08604813       8.11999989    
       19860   8.07999992       9.08380318       8.11999989    
       19920   8.07836056       9.08065319       8.11999989    
       19980   8.07754135       9.07581329       8.11999989    
       20040   8.07836056       9.06864452       8.11999989    
       20100   8.08049202       9.05869007       8.11999989    
       20160   8.08278656       9.04604912       8.11999989    
       20220   8.08409882       9.03159046       8.11999989    
       20280   8.08491802       9.01673698       8.11999989    
       20340   8.08475399       9.00296783       8.11999989    
       20400   8.08442593       8.99040222       8.11999989    
       20460   8.08458996       8.97779179       8.11999989    
       20520   8.08344269       8.96473885       8.11999989    
       20580   8.08278656       8.95241737       8.11999989    
       20640   8.08393478       8.94279480       8.11999989    
       20700   8.08491802       8.93743992       8.11999989    
       20760   8.08622932       8.93618393       8.11999989    
       20820   8.08786869       8.93721390       8.11999989    
       20880   8.08983612       8.93884659       8.11999989    
       20940   8.09245872       8.94013786       8.11999989    
       21000   8.09540939       8.94051743       8.11999989    
       21060   8.09803295       8.93956947       8.11999989    
       21120   8.10032749       8.93688583       8.11999989    
       21180   8.10377026       8.93252182       8.11999989    
       21240   8.10918045       8.92702675       8.11999989    
       21300   8.11377048       8.92077541       8.11999989    
       21360   8.11737728       8.91375732       8.11999989    
       21420   8.12065601       8.90597248       8.11999989    
       21480   8.12426186       8.89746952       8.11999989    
       21540   8.12639332       8.88810921       8.11999989    
       21600   8.12786865       8.87774086       8.13000011    
       21660   8.12950802       8.86634159       8.13000011    
       21720   8.12573814       8.85384560       8.13000011    
       21780   8.11721325       8.84010983       8.13000011    
       21840   8.11131191       8.82498360       8.13000011    
       21900   8.10622978       8.80787945       8.13000011    
       21960   8.10081959       8.78837872       8.13000011    
       22020   8.09409809       8.76739979       8.13000011    
       22080   8.08573723       8.74718952       8.13000011    
       22140   8.07590199       8.72933292       8.13000011    
       22200   8.06557369       8.71396542       8.13000011    
       22260   8.05377007       8.69932938       8.13000011    
       22320   8.04147530       8.68306541       8.13000011    
       22380   8.02786922       8.66478634       8.13000011    
       22440   8.01377010       8.64494514       8.13000011    
       22500   7.99950838       8.62423229       8.13000011    
       22560   7.98557377       8.60346222       8.13000011    
       22620   7.97147560       8.58321762       8.13000011    
       22680   7.95672131       8.56374454       8.13000011    
       22740   7.94213104       8.54485798       8.13000011    
       22800   7.92754078       8.52608490       8.13000011    
       22860   7.91311455       8.50743580       8.13000011    
       22920   7.89885235       8.48969936       8.13000011    
       22980   7.88508177       8.47381592       8.13000011    
       23040   7.87213135       8.46017456       8.13000011    
       23100   7.85934448       8.44888783       8.13000011    
       23160   7.84639359       8.43968201       8.13000011    
       23220   7.83327866       8.43136787       8.13000011    
       23280   7.82032776       8.42272377       8.13000011    
       23340   7.80770493       8.41285229       8.13000011    
       23400   7.79639339       8.40136337       8.13000011    
       23460   7.78688526       8.38865089       8.13000011    
       23520   7.77836084       8.37582016       8.13000011    
       23580   7.77016401       8.36423779       8.13000011    
       23640   7.76032782       8.35498428       8.13000011    
       23700   7.74721289       8.34877968       8.13000011    
       23760   7.73163939       8.34609318       8.13000011    
       23820   7.71459007       8.34668064       8.13000011    
       23880   7.69803286       8.34928322       8.13000011    
       23940   7.68163919       8.35239410       8.13000011    
       24000   7.66590166       8.35564327       8.13000011    
       24060   7.65081978       8.36002350       8.13000011    
       24120   7.63557386       8.36585712       8.13000011    
       24180   7.62131166       8.37227917       8.13000011    
       24240   7.60704899       8.37749863       8.13000011    
       24300   7.59278679       8.37913036       8.13000011    
       24360   7.57918024       8.37640667       8.13000011    
       24420   7.56540966       8.37083912       8.13000011    
       24480   7.55114746       8.36479759       8.13000011    
       24540   7.53639364       8.36059761       8.13000011    
       24600   7.52147532       8.35984516       8.13000011    
       24660   7.50655746       8.36301231       8.13000011    
       24720   7.49180317       8.37007332       8.13000011    
       24780   7.47737694       8.38082123       8.13000011    
       24840   7.46327877       8.39490700       8.13000011    
       24900   7.44901657       8.41049576       8.13000011    
       24960   7.43409824       8.42569542       8.13000011    
       25020   7.41934443       8.44021130       8.13000011    
       25080   7.40508175       8.45448303       8.13000011    
       25140   7.39081955       8.46941853       8.13000011    
       25200   7.37639332       8.48620510       8.01000023    
       25260   7.36163950       8.50528717       8.01000023    
       25320   7.34754086       8.52573586       8.01000023    
       25380   7.33786869       8.54605865       8.01000023    
       25440   7.33426237       8.56573486       8.01000023    
       25500   7.32852459       8.58530903       8.01000023    
       25560   7.32163954       8.60523129       8.01000023    
       25620   7.31491804       8.62508583       8.01000023    
       25680   7.30934429       8.64328480       8.01000023    
       25740   7.30704927       8.65854073       8.01000023    
       25800   7.30655718       8.67076302       8.01000023    
       25860   7.30704927       8.68170643       8.01000023    
       25920   7.30852461       8.69411850       8.01000023    
       25980   7.30934429       8.70888424       8.01000023    
       26040   7.31163931       8.72594833       8.01000023    
       26100   7.31508207       8.74481392       8.01000023    
       26160   7.32000017       8.76490402       8.01000023    
       26220   7.32590151       8.78608227       8.01000023    
       26280   7.33262300       8.80830669       8.01000023    
       26340   7.34032774       8.83126926       8.01000023    
       26400   7.34786892       8.85440731       8.01000023    
       26460   7.35540962       8.87716866       8.01000023    
       26520   7.36344242       8.89908123       8.01000023    
       26580   7.37131166       8.91971779       8.01000023    
       26640   7.37885237       8.93912697       8.01000023    
       26700   7.38639355       8.95752716       8.01000023    
       26760   7.39393425       8.97537899       8.01000023    
       26820   7.40163946       8.99380016       8.01000023    
       26880   7.40868855       9.01385880       8.01000023    
       26940   7.41426229       9.03612995       8.01000023    
       27000   7.41786861       9.06038475       8.01000023    
       27060   7.42081976       9.08614159       8.01000023    
       27120   7.42262316       9.11311150       8.01000023    
       27180   7.42442608       9.14102077       8.01000023    
       27240   7.42590141       9.16947460       8.01000023    
       27300   7.42770481       9.19787884       8.01000023    
       27360   7.43098354       9.22571659       8.01000023    
       27420   7.43557358       9.25263023       8.01000023    
       27480   7.44098377       9.27815151       8.01000023    
       27540   7.44672108       9.30192184       8.01000023    
       27600   7.45278692       9.32406235       8.01000023    
       27660   7.45770502       9.34490967       8.01000023    
       27720   7.46229506       9.36477661       8.01000023    
       27780   7.46606541       9.38368320       8.01000023    
       27840   7.47049189       9.40183640       8.01000023    
       27900   7.47590160       9.42045498       8.01000023    
       27960   7.48147535       9.44066620       8.01000023    
       28020   7.48704910       9.46268082       8.01000023    
       28080   7.49245882       9.48560047       8.01000023    
       28140   7.49786901       9.50779819       8.01000023    
       28200   7.50344276       9.52795792       8.01000023    
       28260   7.51098347       9.54571915       8.01000023    
       28320   7.51868868       9.56120110       8.01000023    
       28380   7.52557373       9.57422638       8.01000023    
       28440   7.53377056       9.58413887       8.01000023    
       28500   7.54213095       9.59181213       8.01000023    
       28560   7.55065584       9.59902477       8.01000023    
       28620   7.55918026       9.60695839       8.01000023    
       28680   7.56770515       9.61576366       8.01000023    
       28740   7.57508183       9.62478065       8.01000023    
       28800   7.58278704       9.63315010       7.48000002    
       28860   7.58983612       9.64055443       7.48000002    
       28920   7.59557390       9.64775658       7.48000002    
       28980   7.60147524       9.65568542       7.48000002    
       29040   7.60721302       9.66464615       7.48000002    
       29100   7.61131144       9.67460537       7.48000002    
       29160   7.61459017       9.68558311       7.48000002    
       29220   7.61852455       9.69779778       7.48000002    
       29280   7.62262297       9.71156216       7.48000002    
       29340   7.62836075       9.72688293       7.48000002    
       29400   7.63459015       9.74337578       7.48000002    
       29460   7.63950825       9.76048279       7.48000002    
       29520   7.64573765       9.77749729       7.48000002    
       29580   7.65245914       9.79368782       7.48000002    
       29640   7.66016388       9.80861664       7.48000002    
       29700   7.66770506       9.82227993       7.48000002    
       29760   7.67573786       9.83455944       7.48000002    
       29820   7.68409824       9.84509945       7.48000002    
       29880   7.69327879       9.85377598       7.48000002    
       29940   7.70278692       9.86102581       7.48000002    
       30000   7.71311474       9.86773682       7.48000002    
       30060   7.72459030       9.87478542       7.48000002    
       30120   7.73573780       9.88259602       7.48000002    
       30180   7.74491787       9.89111233       7.48000002    
       30240   7.75213099       9.89982986       7.48000002    
       30300   7.75852442       9.90796852       7.48000002    
       30360   7.76475430       9.91484737       7.48000002    
       30420   7.77081966       9.92011929       7.48000002    
       30480   7.77737713       9.92373943       7.48000002    
       30540   7.78459024       9.92588043       7.48000002    
       30600   7.79295063       9.92691231       7.48000002    
       30660   7.80311489       9.92689323       7.48000002    
       30720   7.81295061       9.92556095       7.48000002    
       30780   7.82229519       9.92260265       7.48000002    
       30840   7.83163929       9.91783237       7.48000002    
       30900   7.84016371       9.91142273       7.48000002    
       30960   7.84770489       9.90353870       7.48000002    
       31020   7.85606575       9.89389229       7.48000002    
       31080   7.86393452       9.88181114       7.48000002    
       31140   7.87180328       9.86639881       7.48000002    
       31200   7.87918043       9.84688759       7.48000002    
       31260   7.88508177       9.82282352       7.48000002    
       31320   7.89114761       9.79455662       7.48000002    
       31380   7.89803267       9.76404476       7.48000002    
       31440   7.90524578       9.73412418       7.48000002    
       31500   7.91196728       9.70704556       7.48000002    
       31560   7.91721296       9.68346500       7.48000002    
       31620   7.92081976       9.66181087       7.48000002    
       31680   7.92442608       9.64032459       7.48000002    
       31740   7.92918015       9.61813927       7.48000002    
       31800   7.93393421       9.59471226       7.48000002    
       31860   7.93803263       9.56966591       7.48000002    
       31920   7.94016409       9.54310799       7.48000002    
       31980   7.94311476       9.51654530       7.48000002    
       32040   7.94639349       9.49210072       7.48000002    
       32100   7.94786882       9.47035980       7.48000002    
       32160   7.94786882       9.45046139       7.48000002    
       32220   7.94868851       9.43093872       7.48000002    
       32280   7.94999981       9.41129303       7.48000002    
       32340   7.95016384       9.39173889       7.48000002    
       32400   7.95049191       9.37190247       7.55000019    
       32460   7.95114756       9.35097504       7.55000019    
       32520   7.95344257       9.32868862       7.55000019    
       32580   7.95819664       9.30603886       7.55000019    
       32640   7.96393442       9.28406429       7.55000019    
       32700   7.97016382       9.26288033       7.55000019    
       32760   7.97622967       9.24203587       7.55000019    
       32820   7.98295069       9.22112370       7.55000019    
       32880   7.99016380       9.20003986       7.55000019    
       32940   7.99803257       9.17904472       7.55000019    
       33000   8.00524616       9.15841866       7.55000019    
       33060   8.01098347       9.13815022       7.55000019    
       33120   8.01672173       9.11799240       7.55000019    
       33180   8.02098370       9.09811592       7.55000019    
       33240   8.02459049       9.07926941       7.55000019    
       33300   8.02819633       9.06221676       7.55000019    
       33360   8.03114796       9.04733467       7.55000019    
       33420   8.03278732       9.03454494       7.55000019    
       33480   8.03311443       9.02336597       7.55000019    
       33540   8.03278732       9.01320553       7.55000019    
       33600   8.03213120       9.00361633       7.55000019    
       33660   8.03016376       8.99427319       7.55000019    
       33720   8.02819633       8.98495197       7.55000019    
       33780   8.02606583       8.97557735       7.55000019    
       33840   8.02442646       8.96619511       7.55000019    
       33900   8.02295113       8.95683861       7.55000019    
       33960   8.02213097       8.94751263       7.55000019    
       34020   8.01918030       8.93833637       7.55000019    
       34080   8.01688480       8.92957878       7.55000019    
       34140   8.01442623       8.92142391       7.55000019    
       34200   8.01114750       8.91365242       7.55000019    
       34260   8.00541019       8.90583324       7.55000019    
       34320   7.99754095       8.89751720       7.55000019    
       34380   7.99393463       8.88814259       7.55000019    
       34440   7.99180317       8.87718201       7.55000019    
       34500   7.98721313       8.86439800       7.55000019    
       34560   7.98098373       8.85015678       7.55000019    
       34620   7.97704935       8.83622932       7.55000019    
       34680   7.97295094       8.82556343       7.55000019    
       34740   7.97016382       8.82098007       7.55000019    
       34800   7.96803284       8.82414150       7.55000019    
       34860   7.96836042       8.83521080       7.55000019    
       34920   7.97114754       8.85231304       7.55000019    
       34980   7.97590160       8.87121773       7.55000019    
       35040   7.97950840       8.88747597       7.55000019    
       35100   7.98229504       8.89869213       7.55000019    
       35160   7.98409843       8.90538597       7.55000019    
       35220   7.98622942       8.91102886       7.55000019    
       35280   7.98852444       8.91863441       7.55000019    
       35340   7.99065590       8.92912674       7.55000019    
       35400   7.99245882       8.94275188       7.55000019    
       35460   7.99278688       8.95981121       7.55000019    
       35520   7.99163914       8.98025513       7.55000019    
       35580   7.99016380       9.00217628       7.55000019    
       35640   7.98622942       9.02192211       7.55000019    
       35700   7.98163939       9.03691006       7.55000019    
       35760   7.98016405       9.04688168       7.55000019    
       35820   7.97967196       9.05333328       7.55000019    
       35880   7.97868872       9.05837536       7.55000019    
       35940   7.97704935       9.06428051       7.55000019    
       36000   7.97606564       9.07290077       8.15999985    
       36060   7.97606564       9.08446312       8.15999985    
       36120   7.97606564       9.09711933       8.15999985    
       36180   7.97590160       9.10849857       8.15999985    
       36240   7.97540998       9.11710262       8.15999985    
       36300   7.97573757       9.12270641       8.15999985    
       36360   7.97557354       9.12612534       8.15999985    
       36420   7.97606564       9.12852478       8.15999985    
       36480   7.97360659       9.13123226       8.15999985    
       36540   7.97229528       9.13483906       8.15999985    
       36600   7.97213125       9.13816738       8.15999985    
       36660   7.97196722       9.13919640       8.15999985    
       36720   7.97098351       9.13700581       8.15999985    
       36780   7.97229528       9.13248920       8.15999985    
       36840   7.97459030       9.12760258       8.15999985    
       36900   7.97852468       9.12417889       8.15999985    
       36960   7.98196745       9.12281227       8.15999985    
       37020   7.98213100       9.12259769       8.15999985    
       37080   7.98229504       9.12249756       8.15999985    
       37140   7.98229504       9.12204838       8.15999985    
       37200   7.98196745       9.12064552       8.15999985    
       37260   7.98114777       9.11766624       8.15999985    
       37320   7.98081970       9.11297607       8.15999985    
       37380   7.97983599       9.10684299       8.15999985    
       37440   7.97819662       9.09959888       8.15999985    
       37500   7.97754097       9.09140396       8.15999985    
       37560   7.97737694       9.08208179       8.15999985    
       37620   7.97590160       9.07118320       8.15999985    
       37680   7.97508192       9.05862713       8.15999985    
       37740   7.97344255       9.04579067       8.15999985    
       37800   7.97049189       9.03495312       8.15999985    
       37860   7.96918011       9.02745342       8.15999985    
       37920   7.97032785       9.02320004       8.15999985    
       37980   7.97196722       9.02184868       8.15999985    
       38040   7.97098351       9.02363682       8.15999985    
       38100   7.96999979       9.02878857       8.15999985    
       38160   7.97163916       9.03713512       8.15999985    
       38220   7.97573757       9.04766273       8.15999985    
       38280   7.97918034       9.05838203       8.15999985    
       38340   7.98278666       9.06672573       8.15999985    
       38400   7.98524570       9.07071114       8.15999985    
       38460   7.98721313       9.06990337       8.15999985    
       38520   7.98688507       9.06606865       8.15999985    
       38580   7.98491812       9.06243420       8.15999985    
       38640   7.98196745       9.06105614       8.15999985    
       38700   7.98000002       9.06204987       8.15999985    
       38760   7.97868872       9.06411171       8.15999985    
       38820   7.97836065       9.06516171       8.15999985    
       38880   7.97868872       9.06353378       8.15999985    
       38940   7.97983599       9.05872059       8.15999985    
       39000   7.98016405       9.05138493       8.15999985    
       39060   7.97950840       9.04263973       8.15999985    
       39120   7.97950840       9.03380013       8.15999985    
       39180   7.98081970       9.02653027       8.15999985    
       39240   7.98131132       9.02220345       8.15999985    
       39300   7.98295069       9.02153206       8.15999985    
       39360   7.98508215       9.02366734       8.15999985    
       39420   7.98475409       9.02688026       8.15999985    
       39480   7.98409843       9.02946186       8.15999985    
       39540   7.98311472       9.03040314       8.15999985    
       39600   7.98327875       9.02958202       7.69999981    
       39660   7.98344278       9.02801991       7.69999981    
       39720   7.98327875       9.02774620       7.69999981    
       39780   7.98327875       9.03014088       7.69999981    
       39840   7.98311472       9.03562927       7.69999981    
       39900   7.98311472       9.04384136       7.69999981    
       39960   7.98180342       9.05344200       7.69999981    
       40020   7.98180342       9.06272411       7.69999981    
       40080   7.98278666       9.07029343       7.69999981    
       40140   7.98655748       9.07605362       7.69999981    
       40200   7.98934412       9.08166885       7.69999981    
       40260   7.99180317       9.08903408       7.69999981    
       40320   7.99491787       9.09859562       7.69999981    
       40380   7.99885225       9.10908985       7.69999981    
       40440   8.00081921       9.11789799       7.69999981    
       40500   8.00213146       9.12268639       7.69999981    
       40560   8.00245857       9.12332726       7.69999981    
       40620   8.00393486       9.12182045       7.69999981    
       40680   8.00852489       9.12041187       7.69999981    
       40740   8.01262283       9.11987114       7.69999981    
       40800   8.01688480       9.12023830       7.69999981    
       40860   8.02098370       9.12141705       7.69999981    
       40920   8.02393436       9.12391281       7.69999981    
       40980   8.02737713       9.12907887       7.69999981    
       41040   8.03131104       9.13793373       7.69999981    
       41100   8.03770447       9.15045929       7.69999981    
       41160   8.04442596       9.16570663       7.69999981    
       41220   8.05163956       9.18224621       7.69999981    
       41280   8.05868816       9.19816494       7.69999981    
       41340   8.06737709       9.21060276       7.69999981    
       41400   8.07672119       9.21696663       7.69999981    
       41460   8.08721352       9.21696758       7.69999981    
       41520   8.09557343       9.21306705       7.69999981    
       41580   8.10442638       9.20869350       7.69999981    
       41640   8.11360645       9.20587254       7.69999981    
       41700   8.12065601       9.20458794       7.69999981    
       41760   8.12704945       9.20383739       7.69999981    
       41820   8.13344288       9.20278072       7.69999981    
       41880   8.14032745       9.20118427       7.69999981    
       41940   8.14786911       9.19945049       7.69999981    
       42000   8.15540981       9.19864464       7.69999981    
       42060   8.16327858       9.19951248       7.69999981    
       42120   8.17065620       9.20150185       7.69999981    
       42180   8.17819691       9.20320511       7.69999981    
       42240   8.18622971       9.20406437       7.69999981    
       42300   8.19377041       9.20391941       7.69999981    
       42360   8.20147514       9.20235538       7.69999981    
       42420   8.20967197       9.19956303       7.69999981    
       42480   8.21786880       9.19709778       7.69999981    
       42540   8.22573757       9.19692707       7.69999981    
       42600   8.23442650       9.19896030       7.69999981    
       42660   8.24311447       9.20151234       7.69999981    
       42720   8.25245857       9.20318127       7.69999981    
       42780   8.26049137       9.20330715       7.69999981    
       42840   8.26836109       9.20147991       7.69999981    
       42900   8.27688503       9.19717693       7.69999981    
       42960   8.28721333       9.19124985       7.69999981    
       43020   8.29918003       9.18553162       7.69999981    
       43080   8.31081963       9.18162727       7.69999981    
       43140   8.32245922       9.17966747       7.69999981    
       43200   8.33229542       9.17856026       7.84999990    
       43260   8.33950806       9.17697430       7.84999990    
       43320   8.34672165       9.17354107       7.84999990    
       43380   8.35508156       9.16695023       7.84999990    
       43440   8.36426258       9.15747833       7.84999990    
       43500   8.37409878       9.14812565       7.84999990    
       43560   8.38327885       9.14092064       7.84999990    
       43620   8.38983631       9.13551903       7.84999990    
       43680   8.39377022       9.12921047       7.84999990    
       43740   8.39803314       9.11935425       7.84999990    
       43800   8.40360641       9.10621643       7.84999990    
       43860   8.40852451       9.09208107       7.84999990    
       43920   8.41311455       9.07896042       7.84999990    
       43980   8.41557407       9.06726742       7.84999990    
       44040   8.41573811       9.05668926       7.84999990    
       44100   8.41639328       9.04744625       7.84999990    
       44160   8.41754055       9.04014969       7.84999990    
       44220   8.41688538       9.03501987       7.84999990    
       44280   8.41393471       9.03049278       7.84999990    
       44340   8.41213131       9.02510452       7.84999990    
       44400   8.41180325       9.01896954       7.84999990    
       44460   8.41180325       9.01303959       7.84999990    
       44520   8.41262341       9.00715160       7.84999990    
       44580   8.41377068       8.99966717       7.84999990    
       44640   8.41508198       8.98909283       7.84999990    
       44700   8.41590118       8.97517681       7.84999990    
       44760   8.41688538       8.95912266       7.84999990    
       44820   8.41868877       8.94342899       7.84999990    
       44880   8.42229462       8.93064213       7.84999990    
       44940   8.42901611       8.92223358       7.84999990    
       45000   8.43557358       8.91845989       7.84999990    
       45060   8.44163895       8.91835117       7.84999990    
       45120   8.44868851       8.91968918       7.84999990    
       45180   8.45475388       8.92009068       7.84999990    
       45240   8.45934391       8.91812897       7.84999990    
       45300   8.46557331       8.91409302       7.84999990    
       45360   8.47524548       8.90913105       7.84999990    
       45420   8.48524570       8.90371799       7.84999990    
       45480   8.49278736       8.89774036       7.84999990    
       45540   8.49983597       8.89153385       7.84999990    
       45600   8.50672150       8.88521862       7.84999990    
       45660   8.51459026       8.87957954       7.84999990    
       45720   8.52377033       8.87627506       7.84999990    
       45780   8.53508186       8.87545109       7.84999990    
       45840   8.54622936       8.87572956       7.84999990    
       45900   8.55590153       8.87602139       7.84999990    
       45960   8.56655693       8.87731743       7.84999990    
       46020   8.57770538       8.88075924       7.84999990    
       46080   8.58754063       8.88503265       7.84999990    
       46140   8.59754086       8.88759899       7.84999990    
       46200   8.60639381       8.88653660       7.84999990    
       46260   8.61377048       8.88163757       7.84999990    
       46320   8.62213135       8.87468147       7.84999990    
       46380   8.63180351       8.86823082       7.84999990    
       46440   8.64508152       8.86349297       7.84999990    
       46500   8.65852451       8.86066151       7.84999990    
       46560   8.67311478       8.85932541       7.84999990    
       46620   8.68508244       8.85858154       7.84999990    
       46680   8.69540977       8.85711861       7.84999990    
       46740   8.70557404       8.85462189       7.84999990    
       46800   8.71557331       8.85166073       8.32999992    
       46860   8.72540951       8.84860802       8.32999992    
       46920   8.73606586       8.84569931       8.32999992    
       46980   8.74721336       8.84380817       8.32999992    
       47040   8.75852489       8.84288788       8.32999992    
       47100   8.76721287       8.84090996       8.32999992    
       47160   8.77508163       8.83780193       8.32999992    
       47220   8.78524590       8.83523560       8.32999992    
       47280   8.80049133       8.83574200       8.32999992    
       47340   8.81885242       8.84128666       8.32999992    
       47400   8.83508205       8.85101700       8.32999992    
       47460   8.85000038       8.86251354       8.32999992    
       47520   8.86573792       8.87433720       8.32999992    
       47580   8.88180351       8.88669872       8.32999992    
       47640   8.89950848       8.90014935       8.32999992    
       47700   8.92081928       8.91431808       8.32999992    
       47760   8.94016361       8.92776966       8.32999992    
       47820   8.95803261       8.93860531       8.32999992    
       47880   8.97803307       8.94645023       8.32999992    
       47940   9.00000000       8.95214081       8.32999992    
       48000   9.01983643       8.95640755       8.32999992    
       48060   9.03819656       8.95995903       8.32999992    
       48120   9.05606556       8.96372414       8.32999992    
       48180   9.07049179       8.96857834       8.32999992    
       48240   9.08524609       8.97470760       8.32999992    
       48300   9.09885216       8.98170948       8.32999992    
       48360   9.11213112       8.98899651       8.32999992    
       48420   9.12491798       8.99562740       8.32999992    
       48480   9.13573742       9.00073719       8.32999992    
       48540   9.14508152       9.00448704       8.32999992    
       48600   9.15524578       9.00788784       8.32999992    
       48660   9.16590118       9.01195335       8.32999992    
       48720   9.17836094       9.01741314       8.32999992    
       48780   9.19049168       9.02448273       8.32999992    
       48840   9.20508194       9.03302956       8.32999992    
       48900   9.22098351       9.04273224       8.32999992    
       48960   9.23573780       9.05320930       8.32999992    
       49020   9.24852467       9.06396675       8.32999992    
       49080   9.26049137       9.07400131       8.32999992    
       49140   9.27426243       9.08336639       8.32999992    
       49200   9.28573799       9.09355545       8.32999992    
       49260   9.29655743       9.10551167       8.32999992    
       49320   9.30655766       9.11900425       8.32999992    
       49380   9.31590176       9.13341618       8.32999992    
       49440   9.32360649       9.14792538       8.32999992    
       49500   9.33229542       9.16248608       8.32999992    
       49560   9.34098339       9.17665577       8.32999992    
       49620   9.34803295       9.18959618       8.32999992    
       49680   9.35393429       9.20180893       8.32999992    
       49740   9.36131191       9.21538734       8.32999992    
       49800   9.36868858       9.23203373       8.32999992    
       49860   9.37917995       9.25147343       8.32999992    
       49920   9.39098358       9.27151012       8.32999992    
       49980   9.40065575       9.28899097       8.32999992    
       50040   9.40655708       9.30379868       8.32999992    
       50100   9.41196728       9.31939220       8.32999992    
       50160   9.41934395       9.33861637       8.32999992    
       50220   9.42491817       9.36099052       8.32999992    
       50280   9.43032742       9.38504696       8.32999992    
       50340   9.43540955       9.40906715       8.32999992    
       50400   9.44081974       9.43160820       8.80000019    
       50460   9.44737720       9.45239353       8.80000019    
       50520   9.45606518       9.47267437       8.80000019    
       50580   9.46606541       9.49421120       8.80000019    
       50640   9.47508240       9.51798534       8.80000019    
       50700   9.48409843       9.54342461       8.80000019    
       50760   9.49475384       9.56841660       8.80000019    
       50820   9.50541019       9.59141636       8.80000019    
       50880   9.51409817       9.61238098       8.80000019    
       50940   9.51967239       9.63182163       8.80000019    
       51000   9.52606583       9.65025616       8.80000019    
       51060   9.53426266       9.66827774       8.80000019    
       51120   9.54082012       9.68626785       8.80000019    
       51180   9.54622936       9.70422268       8.80000019    
       51240   9.55131149       9.72195530       8.80000019    
       51300   9.55590153       9.73869324       8.80000019    
       51360   9.55803299       9.75349426       8.80000019    
       51420   9.56278706       9.76705074       8.80000019    
       51480   9.56836033       9.78153133       8.80000019    
       51540   9.57131195       9.79797268       8.80000019    
       51600   9.57377052       9.81553364       8.80000019    
       51660   9.57721329       9.83277130       8.80000019    
       51720   9.58032799       9.84883595       8.80000019    
       51780   9.58295059       9.86415100       8.80000019    
       51840   9.58836079       9.87948227       8.80000019    
       51900   9.59524632       9.89474297       8.80000019    
       51960   9.60377026       9.90990734       8.80000019    
       52020   9.61426258       9.92527390       8.80000019    
       52080   9.62491798       9.94143486       8.80000019    
       52140   9.63541031       9.95812607       8.80000019    
       52200   9.64459038       9.97384548       8.80000019    
       52260   9.65327835       9.98701096       8.80000019    
       52320   9.66131115       9.99665451       8.80000019    
       52380   9.66770458       10.0030155       8.80000019    
       52440   9.67295074       10.0068760       8.80000019    
       52500   9.67737675       10.0094776       8.80000019    
       52560   9.68163967       10.0123205       8.80000019    
       52620   9.68704891       10.0167046       8.80000019    
       52680   9.69262314       10.0246801       8.80000019    
       52740   9.69737720       10.0360241       8.80000019    
       52800   9.70163918       10.0479517       8.80000019    
       52860   9.70721340       10.0576639       8.80000019    
       52920   9.71180344       10.0633736       8.80000019    
       52980   9.71606541       10.0649977       8.80000019    
       53040   9.72081947       10.0636606       8.80000019    
       53100   9.72639370       10.0600348       8.80000019    
       53160   9.73163891       10.0547600       8.80000019    
       53220   9.73770523       10.0497532       8.80000019    
       53280   9.74311447       10.0472012       8.80000019    
       53340   9.74918079       10.0470705       8.80000019    
       53400   9.75573730       10.0478449       8.80000019    
       53460   9.76114750       10.0489883       8.80000019    
       53520   9.76377010       10.0506954       8.80000019    
       53580   9.76622963       10.0532904       8.80000019    
       53640   9.77049160       10.0565062       8.80000019    
       53700   9.77721310       10.0584230       8.80000019    
       53760   9.78393459       10.0580702       8.80000019    
       53820   9.78950787       10.0574799       8.80000019    
       53880   9.79491806       10.0583363       8.80000019    
       53940   9.79950809       10.0610428       8.80000019    
       54000   9.80442619       10.0655766       9.44999981    
       54060   9.81032753       10.0712681       9.44999981    
       54120   9.81524563       10.0765810       9.44999981    
       54180   9.81999969       10.0801706       9.44999981    
       54240   9.82622910       10.0817232       9.44999981    
       54300   9.83295059       10.0822840       9.44999981    
       54360   9.83852482       10.0833979       9.44999981    
       54420   9.84393406       10.0854168       9.44999981    
       54480   9.84868813       10.0880337       9.44999981    
       54540   9.85196686       10.0915146       9.44999981    
       54600   9.85573769       10.0960894       9.44999981    
       54660   9.86049175       10.1012878       9.44999981    
       54720   9.86393452       10.1063786       9.44999981    
       54780   9.86770535       10.1103783       9.44999981    
       54840   9.87180328       10.1123905       9.44999981    
       54900   9.87721348       10.1122360       9.44999981    
       54960   9.88278675       10.1104231       9.44999981    
       55020   9.88934422       10.1069479       9.44999981    
       55080   9.89622974       10.1017962       9.44999981    
       55140   9.90295124       10.0966740       9.44999981    
       55200   9.91196728       10.0939856       9.44999981    
       55260   9.92180347       10.0948515       9.44999981    
       55320   9.93131161       10.0987034       9.44999981    
       55380   9.94295120       10.1035357       9.44999981    
       55440   9.95622921       10.1070404       9.44999981    
       55500   9.96819687       10.1083851       9.44999981    
       55560   9.98180294       10.1078730       9.44999981    
       55620   9.99360657       10.1066656       9.44999981    
       55680   10.0019674       10.1067648       9.44999981    
       55740   10.0095081       10.1107941       9.44999981    
       55800   10.0185242       10.1203461       9.44999981    
       55860   10.0304918       10.1350861       9.44999981    
       55920   10.0408201       10.1542959       9.44999981    
       55980   10.0513115       10.1767521       9.44999981    
       56040   10.0614758       10.2009516       9.44999981    
       56100   10.0718031       10.2243567       9.44999981    
       56160   10.0826225       10.2434464       9.44999981    
       56220   10.0913115       10.2559052       9.44999981    
       56280   10.0985250       10.2612057       9.44999981    
       56340   10.1024590       10.2608404       9.44999981    
       56400   10.1072130       10.2576952       9.44999981    
       56460   10.1126232       10.2546329       9.44999981    
       56520   10.1190166       10.2537155       9.44999981    
       56580   10.1262293       10.2562075       9.44999981    
       56640   10.1326227       10.2623825       9.44999981    
       56700   10.1355734       10.2714348       9.44999981    
       56760   10.1385250       10.2820024       9.44999981    
       56820   10.1419668       10.2920809       9.44999981    
       56880   10.1463938       10.2993584       9.44999981    
       56940   10.1509838       10.3024359       9.44999981    
       57000   10.1573772       10.3021669       9.44999981    
       57060   10.1632786       10.3008003       9.44999981    
       57120   10.1693439       10.3000116       9.44999981    
       57180   10.1762295       10.3004560       9.44999981    
       57240   10.1811476       10.3012638       9.44999981    
       57300   10.1870489       10.3010426       9.44999981    
       57360   10.1916389       10.2986059       9.44999981    
       57420   10.1944265       10.2931471       9.44999981    
       57480   10.1980324       10.2853260       9.44999981    
       57540   10.2037706       10.2766542       9.44999981    
       57600   10.2090168       10.2684040       9.81000042    
       57660   10.2139349       10.2618189       9.81000042    
       57720   10.2185249       10.2578211       9.81000042    
       57780   10.2226229       10.2566795       9.81000042    
       57840   10.2275410       10.2579985       9.81000042    
       57900   10.2311478       10.2604160       9.81000042    
       57960   10.2359018       10.2621336       9.81000042    
       58020   10.2414751       10.2626228       9.81000042    
       58080   10.2483606       10.2624722       9.81000042    
       58140   10.2563934       10.2618675       9.81000042    
       58200   10.2639341       10.2609606       9.81000042    
       58260   10.2714758       10.2603416       9.81000042    
       58320   10.2780333       10.2607317       9.81000042    
       58380   10.2859020       10.2632055       9.81000042    
       58440   10.2918034       10.2688484       9.81000042    
       58500   10.2973766       10.2781010       9.81000042    
       58560   10.3018036       10.2897778       9.81000042    
       58620   10.3065577       10.3012590       9.81000042    
       58680   10.3101635       10.3107195       9.81000042    
       58740   10.3140984       10.3173513       9.81000042    
       58800   10.3185244       10.3215952       9.81000042    
       58860   10.3237705       10.3246183       9.81000042    
       58920   10.3288527       10.3274460       9.81000042    
       58980   10.3350821       10.3303061       9.81000042    
       59040   10.3401642       10.3340559       9.81000042    
       59100   10.3437700       10.3395681       9.81000042    
       59160   10.3491802       10.3464394       9.81000042    
       59220   10.3524590       10.3535452       9.81000042    
       59280   10.3572130       10.3591938       9.81000042    
       59340   10.3642626       10.3622141       9.81000042    
       59400   10.3724594       10.3628407       9.81000042    
       59460   10.3801641       10.3614655       9.81000042    
       59520   10.3868856       10.3577576       9.81000042    
       59580   10.3942623       10.3514996       9.81000042    
       59640   10.4003277       10.3436003       9.81000042    
       59700   10.4040985       10.3366385       9.81000042    
       59760   10.4068851       10.3332605       9.81000042    
       59820   10.4104919       10.3350325       9.81000042    
       59880   10.4139347       10.3423681       9.81000042    
       59940   10.4157381       10.3550072       9.81000042    
       60000   10.4181967       10.3718948       9.81000042    
       60060   10.4208193       10.3906002       9.81000042    
       60120   10.4226227       10.4084988       9.81000042    
       60180   10.4254103       10.4244919       9.81000042    
       60240   10.4286880       10.4396572       9.81000042    
       60300   10.4331150       10.4561729       9.81000042    
       60360   10.4393444       10.4750605       9.81000042    
       60420   10.4455738       10.4960136       9.81000042    
       60480   10.4521313       10.5184822       9.81000042    
       60540   10.4585247       10.5422726       9.81000042    
       60600   10.4650822       10.5675573       9.81000042    
       60660   10.4673767       10.5936375       9.81000042    
       60720   10.4683609       10.6187506       9.81000042    
       60780   10.4706554       10.6412411       9.81000042    
       60840   10.4740982       10.6618996       9.81000042    
       60900   10.4803276       10.6834307       9.81000042    
       60960   10.4862299       10.7078629       9.81000042    
       61020   10.4937706       10.7346697       9.81000042    
       61080   10.5026226       10.7608376       9.81000042    
       61140   10.5101643       10.7828979       9.81000042    
       61200   10.5167217       10.7985382       10.4300003    
       61260   10.5265570       10.8078461       10.4300003    
       61320   10.5370493       10.8138733       10.4300003    
       61380   10.5450821       10.8204298       10.4300003    
       61440   10.5531149       10.8291111       10.4300003    
       61500   10.5614758       10.8393126       10.4300003    
       61560   10.5703278       10.8509235       10.4300003    
       61620   10.5765572       10.8646240       10.4300003    
       61680   10.5814753       10.8811188       10.4300003    
       61740   10.5839348       10.8998070       10.4300003    
       61800   10.5865574       10.9186649       10.4300003    
       61860   10.5916395       10.9362888       10.4300003    
       61920   10.5977049       10.9514446       10.4300003    
       61980   10.6019669       10.9627495       10.4300003    
       62040   10.6065578       10.9689083       10.4300003    
       62100   10.6124592       10.9696436       10.4300003    
       62160   10.6190166       10.9667397       10.4300003    
       62220   10.6239347       10.9643631       10.4300003    
       62280   10.6267214       10.9657793       10.4300003    
       62340   10.6322947       10.9721880       10.4300003    
       62400   10.6385250       10.9831629       10.4300003    
       62460   10.6444263       10.9966526       10.4300003    
       62520   10.6486883       11.0098686       10.4300003    
       62580   10.6532784       11.0210857       10.4300003    
       62640   10.6562300       11.0295591       10.4300003    
       62700   10.6593447       11.0354586       10.4300003    
       62760   10.6627865       11.0396671       10.4300003    
       62820   10.6663933       11.0424480       10.4300003    
       62880   10.6695080       11.0438681       10.4300003    
       62940   10.6704922       11.0444784       10.4300003    
       63000   10.6698360       11.0456562       10.4300003    
       63060   10.6652460       11.0491199       10.4300003    
       63120   10.6596718       11.0549622       10.4300003    
       63180   10.6557379       11.0627003       10.4300003    
       63240   10.6522951       11.0721664       10.4300003    
       63300   10.6481972       11.0820560       10.4300003    
       63360   10.6455736       11.0915976       10.4300003    
       63420   10.6422949       11.1006336       10.4300003    
       63480   10.6396723       11.1086597       10.4300003    
       63540   10.6422949       11.1147480       10.4300003    
       63600   10.6454096       11.1181622       10.4300003    
       63660   10.6496725       11.1194353       10.4300003    
       63720   10.6544266       11.1197920       10.4300003    
       63780   10.6598358       11.1199961       10.4300003    
       63840   10.6652460       11.1197138       10.4300003    
       63900   10.6709833       11.1178808       10.4300003    
       63960   10.6770496       11.1139669       10.4300003    
       64020   10.6813116       11.1079245       10.4300003    
       64080   10.6834431       11.1001272       10.4300003    
       64140   10.6832790       11.0911951       10.4300003    
       64200   10.6847544       11.0815964       10.4300003    
       64260   10.6875410       11.0717440       10.4300003    
       64320   10.6931143       11.0626411       10.4300003    
       64380   10.6998358       11.0555830       10.4300003    
       64440   10.7059021       11.0502796       10.4300003    
       64500   10.7088528       11.0446920       10.4300003    
       64560   10.7096720       11.0363417       10.4300003    
       64620   10.7119675       11.0249205       10.4300003    
       64680   10.7157373       11.0134916       10.4300003    
       64740   10.7198362       11.0063057       10.4300003    
