 20190324
 Seconds  Measures(PWV-mm)  Meso-NH(PWV-mm)  FORECAST_AR(PWV-mm)
        3480   4.16069221       3.20967197       4.17067242    
        3540   4.16069221       3.20967197       4.17195845    
        3600   4.15962982       3.22816706       4.17297268    
        3660   4.16762972       3.22816706       4.17364168    
        3720   4.17342329       3.24326253       4.17393541    
        3780   4.17259264       3.24326253       4.17423153    
        3840   4.17503834       3.25597119       4.17461491    
        3900   4.17503834       3.25597119       4.17582130    
        3960   4.17537022       3.26747894       4.17757654    
        4020   4.18451834       3.26747894       4.17984009    
        4080   4.18451834       3.27835059       4.18271637    
        4140   4.19253826       3.27835059       4.18667030    
        4200   4.19938469       3.29011202       4.19084644    
        4260   4.19938469       3.29011202       4.19504595    
        4320   4.19938469       3.30469704       4.19818592    
        4380   4.20337057       3.30469704       4.20064402    
        4440   4.20461559       3.32248354       4.20296955    
        4500   4.20751858       3.32248354       4.20544481    
        4560   4.21250010       3.33966160       4.20816851    
        4620   4.21250010       3.33966160       4.21102905    
        4680   4.20725918       3.35437131       4.21394825    
        4740   4.21388483       3.35437131       4.21719170    
        4800   4.20440722       3.36821604       4.22041225    
        4860   4.20455551       3.36821604       4.22372532    
        4920   4.20455551       3.38298631       4.22657728    
        4980   4.20415401       3.38298631       4.22892666    
        5040   4.20681477       3.39916444       4.23044395    
        5100   4.21207714       3.39916444       4.23184156    
        5160   4.21207714       3.41613126       4.23270798    
        5220   4.21144438       3.41613126       4.23373175    
        5280   4.20815372       3.43170667       4.23477411    
        5340   4.20815372       3.43170667       4.23590755    
        5400   4.20311117       3.44369555       4.23716402    
        5460   4.20288897       3.44369555       4.23850918    
        5520   4.20096159       3.45381784       4.23962593    
        5580   4.20096159       3.45381784       4.24008656    
        5640   4.19996309       3.46418071       4.23934126    
        5700   4.19996166       3.46418071       4.23773003    
        5760   4.19814825       3.47484732       4.23508024    
        5820   4.19776917       3.47484732       4.23194933    
        5880   4.19257689       3.48498535       4.22848654    
        5940   4.18940735       3.48498535       4.22541523    
        6000   4.18940735       3.49129391       4.22294092    
        6060   4.19207716       3.49129391       4.22171116    
        6120   4.19207716       3.49436975       4.22148943    
        6180   4.19459248       3.49436975       4.22219038    
        6240   4.18830776       3.49641657       4.22359419    
        6300   4.18614817       3.49641657       4.22512436    
        6360   4.18465376       3.50031924       4.22649050    
        6420   4.18465376       3.50031924       4.22677946    
        6480   4.18062973       3.50859332       4.22592688    
        6540   4.17657709       3.50859332       4.22509909    
        6600   4.17803717       3.51938295       4.22418213    
        6660   4.17259264       3.51938295       4.22388983    
        6720   4.16734600       3.52949142       4.22408628    
        6780   4.16734600       3.52949142       4.22487354    
        6840   4.16951847       3.53540587       4.22599983    
        6900   4.17199993       3.53540587       4.22776365    
        6960   4.17199993       3.54126358       4.22979307    
        7020   4.17744446       3.54126358       4.23223114    
        7080   4.17588472       3.54926562       4.19192553    
        7140   4.17588472       3.54926562       4.19407415    
        7200   4.17781496       3.55861855       4.19615269    
        7260   4.18096304       3.55861855       4.19847536    
        7320   4.17992306       3.56918168       4.20074129    
        7380   4.17992306       3.56918168       4.20306969    
        7440   4.18499994       3.58054638       4.20546007    
        7500   4.18499994       3.58054638       4.20802736    
        7560   4.19070387       3.59227180       4.21021557    
        7620   4.19096136       3.59227180       4.21243906    
        7680   4.19292307       3.60408330       4.21473265    
        7740   4.19292307       3.60408330       4.21700621    
        7800   4.19811106       3.61595082       4.21842098    
        7860   4.19757700       3.61595082       4.21999741    
        7920   4.19757700       3.62738276       4.22135210    
        7980   4.20133352       3.62738276       4.22381449    
        8040   4.19726944       3.63783979       4.22706842    
        8100   4.19662952       3.63783979       4.23071432    
        8160   4.19330788       3.64712906       4.23453569    
        8220   4.19330788       3.64712906       4.23848820    
        8280   4.19288874       3.65794301       4.24239445    
        8340   4.19757700       3.65794301       4.24579096    
        8400   4.19818497       3.67065549       4.24859810    
        8460   4.20744467       3.67065549       4.25110054    
        8520   4.21326923       3.68379569       4.25315189    
        8580   4.21326923       3.68379569       4.25549316    
        8640   4.21718502       3.69608879       4.25739479    
        8700   4.21492290       3.69608879       4.25911283    
        8760   4.21492290       3.70651269       4.26017809    
        8820   4.22051859       3.70651269       4.26115322    
        8880   4.22149992       3.71480560       4.26198816    
        8940   4.22149992       3.71480560       4.26317835    
        9000   4.22144461       3.72204399       4.26421309    
        9060   4.22451830       3.72204399       4.26519251    
        9120   4.22542286       3.72863793       4.26575947    
        9180   4.22655535       3.72863793       4.26623011    
        9240   4.22655535       3.73560166       4.26666212    
        9300   4.22857714       3.73560166       4.26748610    
        9360   4.23403692       3.74209833       4.26886511    
        9420   4.23723078       3.74209833       4.27109671    
        9480   4.24148130       3.74714804       4.27419376    
        9540   4.24592304       3.74714804       4.27807999    
        9600   4.25592327       3.75191784       4.28210258    
        9660   4.25592327       3.75191784       4.28616476    
        9720   4.25592327       3.75921941       4.28963518    
        9780   4.26240730       3.75921941       4.29293776    
        9840   4.26249981       3.76971102       4.29561043    
        9900   4.26825905       3.76971102       4.29796267    
        9960   4.27357674       3.78196216       4.29989862    
       10020   4.27357674       3.78196216       4.30169630    
       10080   4.27903700       3.79293680       4.30329514    
       10140   4.28684616       3.79293680       4.30467606    
       10200   4.28992605       3.80133557       4.30577707    
       10260   4.29744434       3.80133557       4.30670547    
       10320   4.30215406       3.80823469       4.30752945    
       10380   4.30215406       3.80823469       4.30844498    
       10440   4.30751848       3.81452084       4.30913734    
       10500   4.31065369       3.81452084       4.30986786    
       10560   4.31065369       3.82003021       4.31006908    
       10620   4.32000017       3.82003021       4.31020832    
       10680   4.32003832       3.82515574       4.33770943    
       10740   4.32003832       3.82515574       4.34155321    
       10800   4.32677794       3.82983208       4.34524870    
       10860   4.33829641       3.82983208       4.34920692    
       10920   4.34296131       3.83332539       4.35347652    
       10980   4.34296131       3.83332539       4.35811663    
       11040   4.34870386       3.83562398       4.36285830    
       11100   4.35123062       3.83562398       4.36736488    
       11160   4.35685205       3.83771825       4.37143040    
       11220   4.36596298       3.83771825       4.37518740    
       11280   4.36596298       3.84095073       4.37881708    
       11340   4.36626911       3.84095073       4.38205051    
       11400   4.37262964       3.84459305       4.38519526    
       11460   4.37415361       3.84459305       4.38818789    
       11520   4.37415361       3.84708261       4.39080286    
       11580   4.38648129       3.84708261       4.39355230    
       11640   4.38984632       3.84886980       4.39593935    
       11700   4.38984632       3.84886980       4.39818001    
       11760   4.41053867       3.85054493       4.40002966    
       11820   4.41053867       3.85054493       4.40151310    
       11880   4.41988897       3.85158753       4.40251732    
       11940   4.42903852       3.85158753       4.40346766    
       12000   4.43462944       3.85092831       4.40460348    
       12060   4.44311523       3.85092831       4.40577078    
       12120   4.45330763       3.84899092       4.40738583    
       12180   4.45330763       3.84899092       4.40959072    
       12240   4.45422220       3.84631276       4.41214561    
       12300   4.45942307       3.84631276       4.41524315    
       12360   4.45942307       3.84378123       4.41838312    
       12420   4.47366667       3.84378123       4.42185831    
       12480   4.47780752       3.84307265       4.42560768    
       12540   4.47780752       3.84307265       4.42959166    
       12600   4.47780752       3.84438038       4.43370819    
       12660   4.49165392       3.84438038       4.43822432    
       12720   4.50511980       3.84714770       4.44326639    
       12780   4.50511980       3.84714770       4.44910669    
       12840   4.51851988       3.85097790       4.45547771    
       12900   4.51851988       3.85097790       4.46224594    
       12960   4.51851988       3.85561037       4.46903419    
       13020   4.52445841       3.85561037       4.47545862    
       13080   4.52445841       3.86282849       4.48122120    
       13140   4.53195667       3.86282849       4.48607445    
       13200   4.53195667       3.87262726       4.49002886    
       13260   4.53945446       3.87262726       4.49328804    
       13320   4.53945446       3.88251972       4.49606895    
       13380   4.53945446       3.88251972       4.49900484    
       13440   4.54461908       3.88998938       4.50223446    
       13500   4.54763651       3.88998938       4.50609350    
       13560   4.55380964       3.89443660       4.51027727    
       13620   4.55380964       3.89443660       4.51472902    
       13680   4.55813646       3.89771295       4.51939344    
       13740   4.56466675       3.89771295       4.52431011    
       13800   4.56718159       3.90239978       4.52945471    
       13860   4.57677269       3.90239978       4.53476906    
       13920   4.58428574       3.90882421       4.54003239    
       13980   4.58428574       3.90882421       4.54509592    
       14040   4.58195448       3.91667747       4.54955673    
       14100   4.58838081       3.91667747       4.55346727    
       14160   4.58838081       3.92568731       4.55668783    
       14220   4.60622740       3.92568731       4.55963373    
       14280   4.60828590       3.93478131       4.62445354    
       14340   4.60828590       3.93478131       4.62743187    
       14400   4.61149979       3.94196296       4.63126898    
       14460   4.61671448       3.94196296       4.63538933    
       14520   4.62857151       3.94709110       4.63956833    
       14580   4.62857151       3.94709110       4.64337063    
       14640   4.63581800       3.95289373       4.64654493    
       14700   4.64238071       3.95289373       4.64916849    
       14760   4.64868164       3.96102786       4.65145683    
       14820   4.66236353       3.96102786       4.65387583    
       14880   4.66604757       3.97011352       4.65687656    
       14940   4.66604757       3.97011352       4.66071749    
       15000   4.67345476       3.97801709       4.66498661    
       15060   4.67990494       3.97801709       4.66940737    
       15120   4.67990494       3.98506069       4.67331743    
       15180   4.69649982       3.98506069       4.67692327    
       15240   4.69600010       3.99393892       4.68046856    
       15300   4.69600010       3.99393892       4.68430328    
       15360   4.70249987       4.00484896       4.68850994    
       15420   4.70176172       4.00484896       4.69294882    
       15480   4.70831823       4.01577711       4.69743061    
       15540   4.71047640       4.01577711       4.70192623    
       15600   4.72068167       4.02687073       4.70620012    
       15660   4.72738075       4.02687073       4.71040344    
       15720   4.73577261       4.03924942       4.71461964    
       15780   4.74828577       4.03924942       4.71942186    
       15840   4.75209093       4.05194855       4.72433472    
       15900   4.76514292       4.05194855       4.72961187    
       15960   4.76514292       4.06537151       4.73382664    
       16020   4.78186369       4.06537151       4.73774338    
       16080   4.77890491       4.07992601       4.74092674    
       16140   4.77890491       4.07992601       4.74388885    
       16200   4.78054523       4.09404135       4.74655342    
       16260   4.78039122       4.09404135       4.74866152    
       16320   4.78950024       4.10663509       4.75046825    
       16380   4.78950024       4.10663509       4.75163031    
       16440   4.79086971       4.11759663       4.75222445    
       16500   4.79995441       4.11759663       4.75243807    
       16560   4.79908705       4.12689018       4.75211573    
       16620   4.79908705       4.12689018       4.75199604    
       16680   4.79970837       4.13512468       4.75174952    
       16740   4.80003977       4.13512468       4.75199080    
       16800   4.80003977       4.14171219       4.75231409    
       16860   4.80003977       4.14171219       4.75268936    
       16920   4.80003977       4.14684105       4.75306129    
       16980   4.80103827       4.14684105       4.75331068    
       17040   4.80103827       4.15130568       4.75355625    
       17100   4.80107403       4.15130568       4.75366735    
       17160   4.80838442       4.15626717       4.75338268    
       17220   4.80838442       4.15626717       4.75281668    
       17280   4.80822229       4.16258049       4.75194979    
       17340   4.81434631       4.16258049       4.75080442    
       17400   4.81029606       4.16909647       4.74918509    
       17460   4.81303692       4.16909647       4.74725008    
       17520   4.82196140       4.17387056       4.74484730    
       17580   4.82196140       4.17387056       4.74258661    
       17640   4.81788874       4.17759705       4.74025011    
       17700   4.82884598       4.17759705       4.73833084    
       17760   4.82884598       4.18011332       4.73650503    
       17820   4.83314800       4.18011332       4.73504639    
       17880   4.82746172       4.18122101       4.83372021    
       17940   4.82746172       4.18122101       4.83223915    
       18000   4.82037020       4.18201017       4.83098555    
       18060   4.81766653       4.18201017       4.82938337    
       18120   4.81766653       4.18420553       4.82745981    
       18180   4.80770350       4.18420553       4.82532120    
       18240   4.80770350       4.18740654       4.82309866    
       18300   4.80846167       4.18740654       4.82117891    
       18360   4.79574060       4.19006014       4.81947470    
       18420   4.78462982       4.19006014       4.81804943    
       18480   4.78388453       4.19157887       4.81662226    
       18540   4.77329636       4.19157887       4.81494665    
       18600   4.77329636       4.19265699       4.81237268    
       18660   4.77115393       4.19265699       4.80910730    
       18720   4.77115393       4.19357538       4.80470896    
       18780   4.76807404       4.19357538       4.80004454    
       18840   4.75742292       4.19467449       4.79552031    
       18900   4.75742292       4.19467449       4.79102612    
       18960   4.74881458       4.19428158       4.78677511    
       19020   4.74534607       4.19428158       4.78230143    
       19080   4.73696280       4.19153690       4.77770329    
       19140   4.73276901       4.19153690       4.77334547    
       19200   4.72659254       4.18788290       4.76891708    
       19260   4.71857691       4.18788290       4.76446962    
       19320   4.71433353       4.18400717       4.75968027    
       19380   4.70673084       4.18400717       4.75490189    
       19440   4.70200014       4.17966604       4.74922276    
       19500   4.69700003       4.17966604       4.74309158    
       19560   4.69700003       4.17530012       4.73566389    
       19620   4.70103693       4.17530012       4.72849083    
       19680   4.68442297       4.16998959       4.72160625    
       19740   4.68442297       4.16998959       4.71573734    
       19800   4.68200016       4.16299915       4.71057177    
       19860   4.67399979       4.16299915       4.70611191    
       19920   4.67003870       4.15460014       4.70184660    
       19980   4.66840744       4.15460014       4.69747829    
       20040   4.66840744       4.14727259       4.69261742    
       20100   4.66253853       4.14727259       4.68723774    
       20160   4.66277790       4.14260244       4.68145323    
       20220   4.65826941       4.14260244       4.67554522    
       20280   4.66014814       4.13939619       4.66974831    
       20340   4.65740728       4.13939619       4.66456175    
       20400   4.65161562       4.13465023       4.65960360    
       20460   4.65161562       4.13465023       4.65518284    
       20520   4.65161562       4.12796211       4.65065718    
       20580   4.66266680       4.12796211       4.64624882    
       20640   4.65638447       4.12201881       4.64167023    
       20700   4.66351843       4.12201881       4.63691092    
       20760   4.65819216       4.11862469       4.63196135    
       20820   4.65819216       4.11862469       4.62693882    
       20880   4.66425943       4.11628914       4.62225628    
       20940   4.65888453       4.11628914       4.61798620    
       21000   4.66351843       4.11272240       4.61417580    
       21060   4.66651869       4.11272240       4.61103964    
       21120   4.66546154       4.10825539       4.60786152    
       21180   4.66546154       4.10825539       4.60496378    
       21240   4.67137051       4.10534430       4.60156202    
       21300   4.66980791       4.10534430       4.59788609    
       21360   4.66980791       4.10439587       4.59383488    
       21420   4.68648148       4.10439587       4.58980322    
       21480   4.67653847       4.10336637       4.69461107    
       21540   4.67653847       4.10336637       4.69673252    
       21600   4.68100023       4.10112047       4.69919014    
       21660   4.68581486       4.10112047       4.70176888    
       21720   4.68888474       4.09869623       4.70425749    
       21780   4.69237041       4.09869623       4.70662022    
       21840   4.69903851       4.09662294       4.70910215    
       21900   4.69903851       4.09662294       4.71173382    
       21960   4.70522213       4.09545946       4.71444082    
       22020   4.72251844       4.09545946       4.71754169    
       22080   4.73180771       4.09454155       4.72062540    
       22140   4.73180771       4.09454155       4.72390699    
       22200   4.74842310       4.09376860       4.72673130    
       22260   4.74842310       4.09376860       4.72928095    
       22320   4.74842310       4.09344482       4.73113251    
       22380   4.76466656       4.09344482       4.73302937    
       22440   4.76761532       4.09290838       4.73540926    
       22500   4.77703714       4.09290838       4.73809147    
       22560   4.77703714       4.09164476       4.74100685    
       22620   4.78673077       4.09164476       4.74367428    
       22680   4.79688883       4.09023619       4.74615097    
       22740   4.80757713       4.09023619       4.74869680    
       22800   4.81559277       4.08979750       4.75106668    
       22860   4.83199978       4.08979750       4.75356293    
       22920   4.83199978       4.09014463       4.75616550    
       22980   4.84076929       4.09014463       4.75972557    
       23040   4.84629631       4.09006548       4.76364899    
       23100   4.85657692       4.09006548       4.76808405    
       23160   4.85657692       4.09007406       4.77190876    
       23220   4.87174082       4.09007406       4.77597761    
       23280   4.87426901       4.09143066       4.77987480    
       23340   4.87426901       4.09143066       4.78380060    
       23400   4.87981462       4.09459162       4.78725767    
       23460   4.89377785       4.09459162       4.79016924    
       23520   4.90511560       4.09872913       4.79255295    
       23580   4.90670347       4.09872913       4.79485655    
       23640   4.91750002       4.10306311       4.79716063    
       23700   4.91750002       4.10306311       4.79990625    
       23760   4.92003727       4.10597134       4.80299282    
       23820   4.92870378       4.10597134       4.80654383    
       23880   4.92870378       4.10750246       4.81038475    
       23940   4.93715382       4.10750246       4.81429672    
       24000   4.94161558       4.10939217       4.81773567    
       24060   4.94161558       4.10939217       4.82072592    
       24120   4.94161558       4.11323452       4.82282019    
       24180   4.94125938       4.11323452       4.82483959    
       24240   4.94092321       4.11871958       4.82673693    
       24300   4.93522215       4.11871958       4.82886171    
       24360   4.93853855       4.12342882       4.83112574    
       24420   4.93853855       4.12342882       4.83335781    
       24480   4.93166685       4.12632513       4.83567286    
       24540   4.93588448       4.12632513       4.83779335    
       24600   4.92974091       4.12877083       4.83959389    
       24660   4.93534613       4.12877083       4.84108305    
       24720   4.93326902       4.13218260       4.84204388    
       24780   4.93326902       4.13218260       4.84336853    
       24840   4.92514801       4.13641357       4.84468651    
       24900   4.92899990       4.13641357       4.84654140    
       24960   4.92899990       4.14001274       4.84852219    
       25020   4.93214798       4.14001274       4.85072184    
       25080   4.92492294       4.14218760       4.93191338    
       25140   4.92492294       4.14218760       4.93156052    
       25200   4.92059278       4.14500284       4.93137217    
       25260   4.92196274       4.14500284       4.93101120    
       25320   4.92796135       4.14983225       4.93044281    
       25380   4.92607403       4.14983225       4.92961216    
       25440   4.93157673       4.15587330       4.92852831    
       25500   4.93157673       4.15587330       4.92679977    
       25560   4.92944431       4.16218758       4.92481089    
       25620   4.93244457       4.16218758       4.92272329    
       25680   4.93246174       4.16799784       4.92050457    
       25740   4.93246174       4.16799784       4.91886950    
       25800   4.93377781       4.17338371       4.91699362    
       25860   4.93392324       4.17338371       4.91522121    
       25920   4.93392324       4.17852259       4.91279364    
       25980   4.94322205       4.17852259       4.91038179    
       26040   4.93384600       4.18336248       4.90805006    
       26100   4.93603706       4.18336248       4.90547180    
       26160   4.93273067       4.18863153       4.90286303    
       26220   4.93273067       4.18863153       4.89998960    
       26280   4.93611097       4.19397831       4.89716864    
       26340   4.93130779       4.19397831       4.89447021    
       26400   4.93662977       4.19881821       4.89137840    
       26460   4.93326902       4.19881821       4.88796139    
       26520   4.93803835       4.20358181       4.88414335    
       26580   4.93803835       4.20358181       4.88058233    
       26640   4.94622231       4.20843887       4.87678862    
       26700   4.94453859       4.20843887       4.87302256    
       26760   4.94453859       4.21285105       4.86853027    
       26820   4.96325922       4.21285105       4.86452436    
       26880   4.95161533       4.21636915       4.86042213    
       26940   4.95161533       4.21636915       4.85678339    
       27000   4.95407391       4.21991539       4.85286999    
       27060   4.95807409       4.21991539       4.84879303    
       27120   4.95661545       4.22385979       4.84477901    
       27180   4.95661545       4.22385979       4.84070778    
       27240   4.96546173       4.22723579       4.83696365    
       27300   4.96546173       4.22723579       4.83337498    
       27360   4.97466660       4.22947741       4.82958078    
       27420   4.98277760       4.22947741       4.82579041    
       27480   4.98584604       4.23208094       4.82151937    
       27540   4.99422216       4.23208094       4.81707382    
       27600   4.99422216       4.23594999       4.81224632    
       27660   4.99953842       4.23594999       4.80739069    
       27720   4.99953842       4.23900080       4.80250072    
       27780   5.02155542       4.23900080       4.79819155    
       27840   5.02500010       4.24009037       4.79420376    
       27900   5.03896284       4.24009037       4.79057693    
       27960   5.04865408       4.24064684       4.78691149    
       28020   5.04865408       4.24064684       4.78308487    
       28080   5.06192589       4.24230957       4.77917004    
       28140   5.07380772       4.24230957       4.77508545    
       28200   5.08685207       4.24471092       4.77104378    
       28260   5.11192608       4.24471092       4.76714993    
       28320   5.11192608       4.24693680       4.76333809    
       28380   5.12653828       4.24693680       4.76003551    
       28440   5.13774061       4.24872208       4.75657606    
       28500   5.15403843       4.24872208       4.75322485    
       28560   5.15403843       4.25096560       4.74959469    
       28620   5.17688894       4.25096560       4.74612951    
       28680   5.18315363       4.25356579       5.22025776    
       28740   5.18315363       4.25356579       5.23097420    
       28800   5.19422245       4.25585651       5.24149942    
       28860   5.21903706       4.25585651       5.25171757    
       28920   5.23384619       4.25812674       5.26175690    
       28980   5.24203682       4.25812674       5.27158165    
       29040   5.25607681       4.25997829       5.28161001    
       29100   5.25607681       4.25997829       5.29186058    
       29160   5.26144457       4.26058722       5.30237246    
       29220   5.27634621       4.26058722       5.31300926    
       29280   5.29346132       4.26090527       5.32357788    
       29340   5.29677773       4.26090527       5.33420515    
       29400   5.29677773       4.26252937       5.34421062    
       29460   5.30942297       4.26252937       5.35386944    
       29520   5.30942297       4.26519299       5.36238575    
       29580   5.31781483       4.26519299       5.37107468    
       29640   5.32292318       4.26660442       5.38024569    
       29700   5.32177782       4.26660442       5.39013958    
       29760   5.33442307       4.26695442       5.40048933    
       29820   5.33442307       4.26695442       5.41084909    
       29880   5.33118534       4.26771355       5.42094040    
       29940   5.34299994       4.26771355       5.43073988    
       30000   5.34170389       4.26983261       5.43984509    
       30060   5.35055542       4.26983261       5.44847298    
       30120   5.35055542       4.27367878       5.45686960    
       30180   5.35892296       4.27367878       5.46594620    
       30240   5.35659266       4.27731848       5.47491264    
       30300   5.37266684       4.27731848       5.48380518    
       30360   5.37266684       4.27933550       5.49120808    
       30420   5.38299990       4.27933550       5.49797153    
       30480   5.38051844       4.28142262       5.50388718    
       30540   5.38051844       4.28142262       5.51007032    
       30600   5.37807131       4.28393984       5.51641321    
       30660   5.38739300       4.28393984       5.52331400    
       30720   5.39685202       4.28483725       5.53052235    
       30780   5.39685202       4.28483725       5.53781176    
       30840   5.39167833       4.28421068       5.54481792    
       30900   5.39959240       4.28421068       5.55117702    
       30960   5.39585733       4.28499746       5.55695200    
       31020   5.39946413       4.28499746       5.56273365    
       31080   5.40666676       4.28823996       5.56853008    
       31140   5.40371418       4.28823996       5.57493401    
       31200   5.41081476       4.29146671       5.58120966    
       31260   5.41081476       4.29146671       5.58726454    
       31320   5.41081476       4.29337168       5.59242868    
       31380   5.40392876       4.29337168       5.59707260    
       31440   5.39688873       4.29599428       5.60122967    
       31500   5.39688873       4.29599428       5.60529900    
       31560   5.38418531       4.30001497       5.60898876    
       31620   5.38418531       4.30001497       5.61253357    
       31680   5.37196445       4.30356979       5.61580849    
       31740   5.35978556       4.30356979       5.61889267    
       31800   5.35978556       4.30582094       5.62167692    
       31860   5.35733318       4.30582094       5.62393713    
       31920   5.34162951       4.30744171       5.62566185    
       31980   5.34162951       4.30744171       5.62722492    
       32040   5.32803583       4.30919600       5.62821913    
       32100   5.32429647       4.30919600       5.62916470    
       32160   5.32429647       4.31095886       5.62935066    
       32220   5.32239294       4.31095886       5.62921953    
       32280   5.30577755       4.31157112       5.28955603    
       32340   5.30577755       4.31157112       5.28198862    
       32400   5.29603577       4.31103086       5.27403879    
       32460   5.27885723       4.31103086       5.26622772    
       32520   5.27148151       4.30981779       5.25819540    
       32580   5.27148151       4.30981779       5.24987316    
       32640   5.25688887       4.30819321       5.24134684    
       32700   5.25688887       4.30819321       5.23255634    
       32760   5.24803591       4.30673933       5.22333288    
       32820   5.24237061       4.30673933       5.21439075    
       32880   5.23114300       4.30579090       5.20537710    
       32940   5.21303558       4.30579090       5.19675398    
       33000   5.20674086       4.30480433       5.18780947    
       33060   5.20674086       4.30480433       5.17897749    
       33120   5.20674086       4.30238104       5.16976213    
       33180   5.19007158       4.30238104       5.16133928    
       33240   5.17725945       4.29944706       5.15297508    
       33300   5.17725945       4.29944706       5.14456320    
       33360   5.15244436       4.29827356       5.13565779    
       33420   5.15244436       4.29827356       5.12632465    
       33480   5.13085699       4.29784822       5.11661100    
       33540   5.12655544       4.29784822       5.10707855    
       33600   5.10492849       4.29624462       5.09719992    
       33660   5.07746410       4.29624462       5.08759117    
       33720   5.06870365       4.29388905       5.07802725    
       33780   5.06870365       4.29388905       5.06908655    
       33840   5.04899979       4.29126883       5.05968046    
       33900   5.03985167       4.29126883       5.05009699    
       33960   5.01857710       4.28831482       5.03975773    
       34020   5.00859261       4.28831482       5.03029156    
       34080   4.98346138       4.28528404       5.02136469    
       34140   4.98346138       4.28528404       5.01356077    
       34200   4.98346138       4.28173780       5.00555801    
       34260   4.94538450       4.28173780       4.99727535    
       34320   4.93204021       4.27958775       4.98827219    
       34380   4.93204021       4.27958775       4.97891092    
       34440   4.90603828       4.27923298       4.96905994    
       34500   4.87146139       4.27923298       4.95928192    
       34560   4.87146139       4.27848244       4.94952440    
       34620   4.85451984       4.27848244       4.94017458    
       34680   4.83533335       4.27557087       4.93092775    
       34740   4.83533335       4.27557087       4.92194843    
       34800   4.81408691       4.27103806       4.91255856    
       34860   4.81408691       4.27103806       4.90334415    
       34920   4.81408691       4.26653385       4.89387465    
       34980   4.81408691       4.26653385       4.88511705    
       35040   4.79572725       4.26209259       4.87666941    
       35100   4.79572725       4.26209259       4.86860561    
       35160   4.76252174       4.25744343       4.86046982    
       35220   4.74904537       4.25744343       4.85246944    
       35280   4.71556520       4.25293064       4.84437752    
       35340   4.66930437       4.25293064       4.83651018    
       35400   4.65127277       4.24904728       4.82869625    
       35460   4.65127277       4.24904728       4.82124853    
       35520   4.62200022       4.24538469       4.81407785    
       35580   4.60377264       4.24538469       4.80754709    
       35640   4.57630444       4.24169254       4.80091000    
       35700   4.55881834       4.24169254       4.79448271    
       35760   4.55881834       4.23850679       4.78745031    
       35820   4.53582621       4.23850679       4.78067398    
       35880   4.50240898       4.23619032       4.42764187    
       35940   4.50240898       4.23619032       4.40825844    
       36000   4.47465229       4.23404074       4.38921165    
       36060   4.42134762       4.23404074       4.37078381    
       36120   4.39499998       4.23103666       4.35258770    
       36180   4.39499998       4.23103666       4.33519697    
       36240   4.36765194       4.22828054       4.31782770    
       36300   4.33613634       4.22828054       4.30049944    
       36360   4.31073904       4.22658682       4.28292990    
       36420   4.25430441       4.22658682       4.26559973    
       36480   4.25430441       4.22552919       4.24825764    
       36540   4.22368193       4.22552919       4.23121738    
       36600   4.17018175       4.22425747       4.21401834    
       36660   4.15452194       4.22425747       4.19711685    
       36720   4.15452194       4.22161388       4.18011761    
       36780   4.13800001       4.22161388       4.16378498    
       36840   4.11182594       4.21853685       4.14782286    
       36900   4.11182594       4.21853685       4.13262939    
       36960   4.09508324       4.21590471       4.11770391    
       37020   4.07217407       4.21590471       4.10312366    
       37080   4.05649996       4.21294880       4.08868742    
       37140   4.03513050       4.21294880       4.07446861    
       37200   4.01875019       4.20997381       4.06025028    
       37260   3.99691296       4.20997381       4.04648638    
       37320   3.95673919       4.20757627       4.03317642    
       37380   3.95673919       4.20757627       4.02091599    
       37440   3.94133329       4.20506907       4.00892639    
       37500   3.91630435       4.20506907       3.99750376    
       37560   3.90350008       4.20241642       3.98592114    
       37620   3.89524007       4.20241642       3.97472715    
       37680   3.85966659       4.20082712       3.96348882    
       37740   3.85966659       4.20082712       3.95259809    
       37800   3.84640002       4.20105362       3.94154549    
       37860   3.83342314       4.20105362       3.93103909    
       37920   3.81387997       4.20186710       3.92081189    
       37980   3.81387997       4.20186710       3.91130042    
       38040   3.80092311       4.20102310       3.90246558    
       38100   3.78272009       4.20102310       3.89447093    
       38160   3.74596000       4.19940233       3.88690877    
       38220   3.74596000       4.19940233       3.87999988    
       38280   3.73376918       4.19880152       3.87298155    
       38340   3.72266674       4.19880152       3.86604023    
       38400   3.72266674       4.20052814       3.85897374    
       38460   3.72266674       4.20052814       3.85219121    
       38520   3.72266674       4.20313025       3.84584212    
       38580   3.71253562       4.20313025       3.84049296    
       38640   3.71253562       4.20474577       3.83568835    
       38700   3.71253562       4.20474577       3.83159709    
       38760   3.70124149       4.20644712       3.82764316    
       38820   3.68942857       4.20644712       3.82403302    
       38880   3.67862058       4.20968819       3.82032442    
       38940   3.66789293       4.20968819       3.81678534    
       39000   3.64625001       4.21395969       3.81318116    
       39060   3.64625001       4.21395969       3.80965734    
       39120   3.63613796       4.21832132       3.80628872    
       39180   3.62392855       4.21832132       3.80326915    
       39240   3.61513782       4.22165585       3.80044651    
       39300   3.60239291       4.22165585       3.79823947    
       39360   3.59575868       4.22427225       3.79612422    
       39420   3.59093332       4.22427225       3.79486418    
       39480   3.57579303       4.22679520       3.56217480    
       39540   3.57579303       4.22679520       3.55363965    
       39600   3.56836677       4.23000050       3.54537320    
       39660   3.55180001       4.23000050       3.53713202    
       39720   3.54299998       4.23370790       3.52874708    
       39780   3.53823328       4.23370790       3.52047110    
       39840   3.53823328       4.23783541       3.51198936    
       39900   3.53037930       4.23783541       3.50411272    
       39960   3.52663326       4.24160719       3.49662709    
       40020   3.51526666       4.24160719       3.48984098    
       40080   3.50851727       4.24476099       3.48337078    
       40140   3.50399995       4.24476099       3.47723532    
       40200   3.50399995       4.24787712       3.47123170    
       40260   3.49696541       4.24787712       3.46537900    
       40320   3.48578572       4.25104952       3.45928478    
       40380   3.48137927       4.25104952       3.45333171    
       40440   3.47149992       4.25441933       3.44726920    
       40500   3.47149992       4.25441933       3.44139647    
       40560   3.46727586       4.25840664       3.43568277    
       40620   3.45860720       4.25840664       3.43020988    
       40680   3.45431042       4.26152658       3.42498231    
       40740   3.44567847       4.26152658       3.42013812    
       40800   3.44175863       4.26282501       3.41547942    
       40860   3.43041372       4.26282501       3.41111660    
       40920   3.43041372       4.26320934       3.40677476    
       40980   3.42382145       4.26320934       3.40253782    
       41040   3.42117238       4.26427937       3.39822817    
       41100   3.41525006       4.26427937       3.39395928    
       41160   3.41151714       4.26606750       3.38960314    
       41220   3.40213799       4.26606750       3.38583827    
       41280   3.39160705       4.26704931       3.38246155    
       41340   3.39160705       4.26704931       3.37985897    
       41400   3.38989663       4.26697922       3.37749052    
       41460   3.38320684       4.26697922       3.37536192    
       41520   3.37871432       4.26693726       3.37301278    
       41580   3.37675858       4.26693726       3.37057781    
       41640   3.37675858       4.26797533       3.36802053    
       41700   3.37317848       4.26797533       3.36532354    
       41760   3.37241387       4.26918316       3.36244226    
       41820   3.36862063       4.26918316       3.35979605    
       41880   3.36862063       4.26928520       3.35717058    
       41940   3.36646438       4.26928520       3.35511446    
       42000   3.36232138       4.26887703       3.35330462    
       42060   3.35944819       4.26887703       3.35161757    
       42120   3.35944819       4.26696348       3.34983325    
       42180   3.35893345       4.26696348       3.34781814    
       42240   3.35617232       4.26445389       3.34559107    
       42300   3.35617232       4.26445389       3.34348655    
       42360   3.35660005       4.26283216       3.34162426    
       42420   3.35562062       4.26283216       3.34030008    
       42480   3.35723329       4.26082039       3.33917236    
       42540   3.35710001       4.26082039       3.33863401    
       42600   3.35710001       4.25728178       3.33825254    
       42660   3.35658622       4.25728178       3.33819389    
       42720   3.35713339       4.25408792       3.33849072    
       42780   3.35727596       4.25408792       3.33902431    
       42840   3.35906672       4.25149393       3.33979058    
       42900   3.35872412       4.25149393       3.34062386    
       42960   3.35872412       4.24925709       3.34098029    
       43020   3.35841370       4.24925709       3.34127760    
       43080   3.35510707       4.24785900       3.35876417    
       43140   3.35510707       4.24785900       3.36060166    
       43200   3.35817242       4.24706841       3.36298132    
       43260   3.36003447       4.24706841       3.36595607    
       43320   3.35978580       4.24451303       3.36905622    
       43380   3.36100006       4.24451303       3.37208152    
       43440   3.35960722       4.24198008       3.37468481    
       43500   3.35960722       4.24198008       3.37656069    
       43560   3.36193109       4.24163723       3.37839603    
       43620   3.36244822       4.24163723       3.38028264    
       43680   3.36071420       4.24167871       3.38252020    
       43740   3.36071420       4.24167871       3.38514161    
       43800   3.36478567       4.23940611       3.38802075    
       43860   3.37044835       4.23940611       3.39098120    
       43920   3.37044835       4.23595333       3.39393115    
       43980   3.37656665       4.23595333       3.39712238    
       44040   3.37720680       4.23380470       3.40037727    
       44100   3.38303328       4.23380470       3.40395713    
       44160   3.38303328       4.23245859       3.40794611    
       44220   3.38420701       4.23245859       3.41200066    
       44280   3.39176655       4.23057175       3.41649675    
       44340   3.39949989       4.23057175       3.42124820    
       44400   3.39949989       4.22809219       3.42599177    
       44460   3.40182757       4.22809219       3.43082285    
       44520   3.41062069       4.22721338       3.43571043    
       44580   3.41062069       4.22721338       3.44067931    
       44640   3.41363335       4.22813940       3.44599295    
       44700   3.41593099       4.22813940       3.45152545    
       44760   3.41593099       4.22863770       3.45722389    
       44820   3.42362070       4.22863770       3.46321082    
       44880   3.42671418       4.22882366       3.46907640    
       44940   3.42671418       4.22882366       3.47468424    
       45000   3.43379307       4.23073864       3.47963691    
       45060   3.44175863       4.23073864       3.48419142    
       45120   3.44560719       4.23359585       3.48852396    
       45180   3.44844818       4.23359585       3.49282694    
       45240   3.45296431       4.23516226       3.49747825    
       45300   3.45296431       4.23516226       3.50227308    
       45360   3.45603442       4.23430061       3.50732827    
       45420   3.46344829       4.23430061       3.51253605    
       45480   3.46842861       4.23280144       3.51756573    
       45540   3.46842861       4.23280144       3.52239466    
       45600   3.47327590       4.23271513       3.52707863    
       45660   3.48427582       4.23271513       3.53172708    
       45720   3.49160719       4.23323584       3.53665352    
       45780   3.49620700       4.23323584       3.54195213    
       45840   3.50164294       4.23323345       3.54719138    
       45900   3.50544834       4.23323345       3.55221391    
       45960   3.50544834       4.23294878       3.55684662    
       46020   3.51032138       4.23294878       3.56074238    
       46080   3.51551723       4.23356628       3.56423211    
       46140   3.51950002       4.23356628       3.56749892    
       46200   3.52992868       4.23370171       3.57058215    
       46260   3.53424144       4.23370171       3.57380557    
       46320   3.53424144       4.23259544       3.57722950    
       46380   3.53999996       4.23259544       3.58064461    
       46440   3.54189658       4.23000813       3.58412218    
       46500   3.54657149       4.23000813       3.58745313    
       46560   3.54657149       4.22662735       3.59052491    
       46620   3.55272412       4.22662735       3.59378314    
       46680   3.55814290       4.22397709       3.56376719    
       46740   3.55814290       4.22397709       3.56641769    
       46800   3.56158614       4.22191191       3.56866264    
       46860   3.56772423       4.22191191       3.57027698    
       46920   3.57346439       4.21906042       3.57171607    
       46980   3.57555175       4.21906042       3.57317662    
       47040   3.58200002       4.21551657       3.57495594    
       47100   3.58200002       4.21551657       3.57726407    
       47160   3.58503437       4.21007013       3.57994652    
       47220   3.59593105       4.21007013       3.58244753    
       47280   3.60174990       4.20309687       3.58492875    
       47340   3.60174990       4.20309687       3.58725643    
       47400   3.60834479       4.19737768       3.58966637    
       47460   3.61267853       4.19737768       3.59209609    
       47520   3.61577773       4.19323206       3.59424496    
       47580   3.62871432       4.19323206       3.59614015    
       47640   3.63148141       4.18928528       3.59780955    
       47700   3.63732147       4.18928528       3.59934998    
       47760   3.64048147       4.18498707       3.60118246    
       47820   3.64048147       4.18498707       3.60291862    
       47880   3.65728569       4.18015575       3.60503292    
       47940   3.65899992       4.18015575       3.60706806    
       48000   3.68537045       4.17432261       3.60876966    
       48060   3.71496439       4.17432261       3.61042500    
       48120   3.71496439       4.16926432       3.61190629    
       48180   3.72040749       4.16926432       3.61350965    
       48240   3.75021434       4.16476202       3.61561513    
       48300   3.79824996       4.16476202       3.61780667    
       48360   3.79824996       4.15946770       3.61979699    
       48420   3.83413792       4.15946770       3.62163949    
       48480   3.84500003       4.15436745       3.62266111    
       48540   3.84500003       4.15436745       3.62328553    
       48600   3.87010336       4.15051174       3.62360620    
       48660   3.87860703       4.15051174       3.62380123    
       48720   3.91696429       4.14633846       3.62428594    
       48780   3.93710351       4.14633846       3.62474966    
       48840   3.95171428       4.14000702       3.62548661    
       48900   3.95171428       4.14000702       3.62600708    
       48960   3.97168970       4.13213921       3.62622619    
       49020   4.00937939       4.13213921       3.62610173    
       49080   4.02521420       4.12500572       3.62575650    
       49140   4.02521420       4.12500572       3.62558007    
       49200   4.05431032       4.11893463       3.62555790    
       49260   4.07021427       4.11893463       3.62552834    
       49320   4.08625937       4.11207294       3.62527275    
       49380   4.11175013       4.11207294       3.62448120    
       49440   4.12977791       4.10451555       3.62333441    
       49500   4.14478588       4.10451555       3.62218618    
       49560   4.16451836       4.09735060       3.62125397    
       49620   4.16451836       4.09735060       3.62054110    
       49680   4.17614269       4.08980274       3.62018156    
       49740   4.19522238       4.08980274       3.61979485    
       49800   4.20378590       4.08107519       3.61941814    
       49860   4.22377777       4.08107519       3.61901021    
       49920   4.25362968       4.07308578       3.61851788    
       49980   4.25362968       4.07308578       3.61797643    
       50040   4.25957155       4.06627846       3.61737871    
       50100   4.28418541       4.06627846       3.61659312    
       50160   4.29267836       4.05981159       3.61565423    
       50220   4.29958630       4.05981159       3.61465883    
       50280   4.32010698       4.05339193       4.32460785    
       50340   4.32010698       4.05339193       4.33574915    
       50400   4.32055187       4.04661036       4.34735394    
       50460   4.34486198       4.04661036       4.35878420    
       50520   4.37067842       4.03945875       4.37067652    
       50580   4.37067842       4.03945875       4.38201571    
       50640   4.39575005       4.03222704       4.39291525    
       50700   4.39575005       4.03222704       4.40355062    
       50760   4.39472437       4.02569056       4.41358852    
       50820   4.42286205       4.02569056       4.42355919    
       50880   4.44714308       4.02031422       4.43357754    
       50940   4.45282745       4.02031422       4.44344568    
       51000   4.45282745       4.01430464       4.45262432    
       51060   4.47639275       4.01430464       4.46103191    
       51120   4.47639275       4.00668621       4.46794176    
       51180   4.48248291       4.00668621       4.47405910    
       51240   4.50050020       3.99954343       4.48033762    
       51300   4.50050020       3.99954343       4.48677540    
       51360   4.52657127       3.99244308       4.49367332    
       51420   4.52657127       3.99244308       4.50031376    
       51480   4.52255154       3.98318577       4.50660610    
       51540   4.53725004       3.98318577       4.51245880    
       51600   4.53131056       3.97421527       4.51782703    
       51660   4.53227568       3.97421527       4.52282524    
       51720   4.53292847       3.96770120       4.52736378    
       51780   4.53292847       3.96770120       4.53188944    
       51840   4.52299976       3.96137238       4.53600359    
       51900   4.52185726       3.96137238       4.53923893    
       51960   4.50985193       3.95392251       4.54141521    
       52020   4.50489283       3.95392251       4.54284048    
       52080   4.49251842       3.94567847       4.54358912    
       52140   4.49251842       3.94567847       4.54446173    
       52200   4.48292875       3.93719554       4.54549074    
       52260   4.46978569       3.93719554       4.54655886    
       52320   4.46978569       3.92732501       4.54770756    
       52380   4.46322203       3.92732501       4.54838467    
       52440   4.45181465       3.91616416       4.54871416    
       52500   4.45181465       3.91616416       4.54864073    
       52560   4.44246435       3.90611720       4.54829216    
       52620   4.43071413       3.90611720       4.54789066    
       52680   4.42314816       3.89724660       4.54742336    
       52740   4.42314816       3.89724660       4.54687262    
       52800   4.42075014       3.88840199       4.54592037    
       52860   4.40960693       3.88840199       4.54461193    
       52920   4.40960693       3.87935233       4.54280090    
       52980   4.41796541       3.87935233       4.54091024    
       53040   4.40432119       3.87074018       4.53932238    
       53100   4.40920687       3.87074018       4.53787756    
       53160   4.40417862       3.86211133       4.53664351    
       53220   4.40417862       3.86211133       4.53531170    
       53280   4.40903425       3.85337567       4.53374147    
       53340   4.40614271       3.85337567       4.53191280    
       53400   4.40865517       3.84596658       4.52967215    
       53460   4.41027594       3.84596658       4.52701092    
       53520   4.41027594       3.83997059       4.52395296    
       53580   4.40846443       3.83997059       4.52070284    
       53640   4.41010332       3.83401346       4.51713848    
       53700   4.40974998       3.83401346       4.51330090    
       53760   4.40974998       3.82720971       4.50927782    
       53820   4.41428566       3.82720971       4.50507784    
       53880   4.41137028       3.81955957       4.42157936    
       53940   4.41137028       3.81955957       4.42262983    
       54000   4.41267872       3.81164122       4.42321682    
       54060   4.41814280       3.81164122       4.42333984    
       54120   4.42018509       3.80436158       4.42331696    
       54180   4.42018509       3.80436158       4.42258835    
       54240   4.42153549       3.79733038       4.42154598    
       54300   4.42470360       3.79733038       4.42048168    
       54360   4.42982149       3.79023337       4.41888332    
       54420   4.43218517       3.79023337       4.41750002    
       54480   4.43862963       3.78307295       4.41597748    
       54540   4.43862963       3.78307295       4.41484070    
       54600   4.44092607       3.77567339       4.41337109    
       54660   4.44092607       3.77567339       4.41190100    
       54720   4.44092607       3.76840782       4.40974045    
       54780   4.45785713       3.76840782       4.40794516    
       54840   4.45062971       3.76135230       4.40682364    
       54900   4.45607138       3.76135230       4.40570927    
       54960   4.45607138       3.75365448       4.40451860    
       55020   4.45351839       3.75365448       4.40281868    
       55080   4.45657158       3.74540663       4.40069914    
       55140   4.45829630       3.74540663       4.39847946    
       55200   4.46092844       3.73873520       4.39590883    
       55260   4.46839285       3.73873520       4.39319944    
       55320   4.47440720       3.73221993       4.39059114    
       55380   4.47440720       3.73221993       4.38868475    
       55440   4.47735691       3.72386575       4.38673353    
       55500   4.48596287       3.72386575       4.38498497    
       55560   4.48596287       3.71488643       4.38282490    
       55620   4.49789286       3.71488643       4.38057327    
       55680   4.50259256       3.70671320       4.37833643    
       55740   4.50259256       3.70671320       4.37619829    
       55800   4.50259256       3.69902301       4.37417746    
       55860   4.51585197       3.69902301       4.37213898    
       55920   4.52780771       3.69106007       4.36999798    
       55980   4.52780771       3.69106007       4.36776304    
       56040   4.52996302       3.68325210       4.36547279    
       56100   4.54707384       3.68325210       4.36320257    
       56160   4.54707384       3.67601252       4.36078739    
       56220   4.56080770       3.67601252       4.35842609    
       56280   4.57516003       3.66873217       4.35589552    
       56340   4.57516003       3.66873217       4.35350180    
       56400   4.57516003       3.66172218       4.35077953    
       56460   4.58429146       3.66172218       4.34797478    
       56520   4.58547831       3.65528107       4.34477711    
       56580   4.58547831       3.65528107       4.34155464    
       56640   4.58245468       3.64875221       4.33824921    
       56700   4.58245468       3.64875221       4.33460903    
       56760   4.58349991       3.64178205       4.33051300    
       56820   4.58349991       3.64178205       4.32586288    
       56880   4.58230448       3.63465118       4.32063198    
       56940   4.58400011       3.63465118       4.31509161    
       57000   4.58152151       3.62738991       4.30919886    
       57060   4.58082628       3.62738991       4.30327463    
       57120   4.58531809       3.61886859       4.29749441    
       57180   4.58531809       3.61886859       4.29210949    
       57240   4.57991314       3.60837841       4.28678656    
       57300   4.58554554       3.60837841       4.28165913    
       57360   4.58554554       3.59720755       4.27622128    
       57420   4.58826065       3.59720755       4.27048540    
       57480   4.58549976       3.58717680       4.59229994    
       57540   4.58549976       3.58717680       4.59309006    
       57600   4.58434772       3.57799911       4.59371424    
       57660   4.59054565       3.57799911       4.59393311    
       57720   4.59668159       3.56849384       4.59395075    
       57780   4.59921741       3.56849384       4.59417772    
       57840   4.59921741       3.55795121       4.59429502    
       57900   4.60563660       3.55795121       4.59434366    
       57960   4.60891294       3.54693007       4.59410286    
       58020   4.61077261       3.54693007       4.59387112    
       58080   4.61252165       3.53615785       4.59332848    
       58140   4.61460876       3.53615785       4.59285688    
       58200   4.61460876       3.52594972       4.59140587    
       58260   4.62308693       3.52594972       4.58995962    
       58320   4.62308693       3.51585340       4.58828306    
       58380   4.63116646       3.51585340       4.58697701    
       58440   4.61882591       3.50570130       4.58587694    
       58500   4.61882591       3.50570130       4.58441162    
       58560   4.62256527       3.49572968       4.58245611    
       58620   4.62256527       3.49572968       4.58017874    
       58680   4.62354183       3.48617744       4.57773638    
       58740   4.62920856       3.48617744       4.57529402    
       58800   4.62920856       3.47727132       4.57282066    
       58860   4.63800001       3.47727132       4.57032299    
       58920   4.64078283       3.46788883       4.56768036    
       58980   4.64078283       3.46788883       4.56504345    
       59040   4.64641666       3.45832849       4.56168175    
       59100   4.65030432       3.45832849       4.55803347    
       59160   4.65030432       3.44952941       4.55365849    
       59220   4.65883350       3.44952941       4.54964209    
       59280   4.65182590       3.44105387       4.54588604    
       59340   4.65182590       3.44105387       4.54244852    
       59400   4.65741682       3.43169141       4.53890467    
       59460   4.66020012       3.43169141       4.53508949    
       59520   4.66345835       3.42244792       4.53099632    
       59580   4.67008018       3.42244792       4.52692080    
       59640   4.67008018       3.41409659       4.52273846    
       59700   4.67358351       3.41409659       4.51853657    
       59760   4.68383312       3.40606499       4.51434660    
       59820   4.69159985       3.40606499       4.51030159    
       59880   4.69159985       3.39767289       4.50615263    
       59940   4.69159985       3.39767289       4.50214148    
       60000   4.69746161       3.38939428       4.49764824    
       60060   4.69746161       3.38939428       4.49321651    
       60120   4.69746161       3.38181281       4.48862410    
       60180   4.71207428       3.38181281       4.48427773    
       60240   4.71207428       3.37466121       4.47997713    
       60300   4.71207428       3.37466121       4.47567081    
       60360   4.71850014       3.36766100       4.47117901    
       60420   4.72403717       3.36766100       4.46668863    
       60480   4.73489285       3.36099005       4.46214390    
       60540   4.74151850       3.36099005       4.45770454    
       60600   4.75482130       3.35470676       4.45335674    
       60660   4.76325941       3.35470676       4.44910717    
       60720   4.78403711       3.34864569       4.44484615    
       60780   4.78403711       3.34864569       4.44055557    
       60840   4.79549980       3.34289145       4.43582964    
       60900   4.80788898       3.34289145       4.43095016    
       60960   4.83360720       3.33817625       4.42564106    
       61020   4.84655190       3.33817625       4.42056513    
