 20181231
 Seconds  Measures(PWV-mm)  Meso-NH(PWV-mm)  FORECAST_AR(PWV-mm)
        3480   6.79469252       9.38991737       6.84613657    
        3540   6.79469252       9.38991737       6.84901905    
        3600   6.79603720       9.42115116       6.85258579    
        3660   6.80581474       9.42115116       6.85621262    
        3720   6.81330776       9.44930840       6.85868597    
        3780   6.81818533       9.44930840       6.86056662    
        3840   6.82707691       9.47793198       6.86159420    
        3900   6.82707691       9.47793198       6.86201859    
        3960   6.83096313       9.50625038       6.86215067    
        4020   6.83907413       9.50625038       6.86238956    
        4080   6.85015392       9.52996826       6.86375570    
        4140   6.84737015       9.52996826       6.86648846    
        4200   6.86292315       9.55057335       6.86773157    
        4260   6.86292315       9.55057335       6.86903858    
        4320   6.86292315       9.57107067       6.86770487    
        4380   6.87799978       9.57107067       6.86654520    
        4440   6.87611532       9.59191132       6.86507797    
        4500   6.87548161       9.59191132       6.86428881    
        4560   6.87548161       9.61319542       6.86354208    
        4620   6.88262939       9.61319542       6.86317110    
        4680   6.89319229       9.63156223       6.86303568    
        4740   6.89319229       9.63156223       6.86301804    
        4800   6.89055538       9.64645386       6.86305428    
        4860   6.89540720       9.64645386       6.86287832    
        4920   6.89540720       9.66053295       6.86291504    
        4980   6.90018511       9.66053295       6.86392164    
        5040   6.90673065       9.67498970       6.86432266    
        5100   6.90673065       9.67498970       6.86495399    
        5160   6.90673065       9.69064808       6.86249685    
        5220   6.91714811       9.69064808       6.85946608    
        5280   6.90134621       9.70380592       6.85621309    
        5340   6.90134621       9.70380592       6.85391903    
        5400   6.89455557       9.71382809       6.85242128    
        5460   6.89096308       9.71382809       6.85137320    
        5520   6.89096308       9.72130775       6.84992647    
        5580   6.88740730       9.72130775       6.84868670    
        5640   6.89096165       9.72797394       6.84720802    
        5700   6.89096165       9.72797394       6.84597731    
        5760   6.89084625       9.73586559       6.84549189    
        5820   6.89084625       9.73586559       6.84597492    
        5880   6.89026928       9.74263668       6.84768391    
        5940   6.88203716       9.74263668       6.85062599    
        6000   6.88638449       9.74916172       6.85295391    
        6060   6.88638449       9.74916172       6.85682535    
        6120   6.88638449       9.75827599       6.86108685    
        6180   6.88807392       9.75827599       6.86740971    
        6240   6.87550020       9.76922607       6.87469053    
        6300   6.87550020       9.76922607       6.88303614    
        6360   6.86896133       9.78274727       6.89116812    
        6420   6.86355543       9.78274727       6.89940310    
        6480   6.86553860       9.80218124       6.90728235    
        6540   6.86553860       9.80218124       6.91432142    
        6600   6.85862970       9.82392120       6.92051697    
        6660   6.86057711       9.82392120       6.92567301    
        6720   6.85548162       9.84469414       6.93071985    
        6780   6.84485197       9.84469414       6.93582535    
        6840   6.84330750       9.86410618       6.94026375    
        6900   6.84330750       9.86410618       6.94541931    
        6960   6.84330750       9.88069916       6.94872761    
        7020   6.85570383       9.88069916       6.95281792    
        7080   6.83523083       9.89474297       6.86014128    
        7140   6.83523083       9.89474297       6.85683823    
        7200   6.83188868       9.90615940       6.85390043    
        7260   6.82592583       9.90615940       6.85043526    
        7320   6.82365370       9.91545963       6.84654427    
        7380   6.82365370       9.91545963       6.84374666    
        7440   6.80780792       9.92538834       6.84210062    
        7500   6.79729652       9.92538834       6.84096432    
        7560   6.79729652       9.93493366       6.84055996    
        7620   6.79211521       9.93493366       6.83962584    
        7680   6.78076935       9.94443607       6.84042358    
        7740   6.78076935       9.94443607       6.84191084    
        7800   6.77150011       9.95681858       6.84269333    
        7860   6.77150011       9.95681858       6.84365797    
        7920   6.77150011       9.96972370       6.84289455    
        7980   6.77885199       9.96972370       6.84375715    
        8040   6.75996161       9.98305416       6.84531975    
        8100   6.75996161       9.98305416       6.84797144    
        8160   6.75673056       9.99660492       6.85088730    
        8220   6.75673056       9.99660492       6.85350037    
        8280   6.75269222       10.0095911       6.85577202    
        8340   6.74837017       10.0095911       6.85768938    
        8400   6.74837017       10.0240917       6.85899067    
        8460   6.74555540       10.0240917       6.85828161    
        8520   6.74211550       10.0404501       6.85816956    
        8580   6.74351835       10.0404501       6.85832930    
        8640   6.74003839       10.0555935       6.85973454    
        8700   6.74003839       10.0555935       6.86254501    
        8760   6.74003839       10.0674610       6.86433887    
        8820   6.75488901       10.0674610       6.86783648    
        8880   6.73823071       10.0768690       6.87190866    
        8940   6.73823071       10.0768690       6.87722158    
        9000   6.72907400       10.0878220       6.88235474    
        9060   6.72722244       10.0878220       6.88621664    
        9120   6.72761536       10.1016741       6.88946390    
        9180   6.72103691       10.1016741       6.89302969    
        9240   6.72073078       10.1175489       6.89734411    
        9300   6.71488905       10.1175489       6.90183258    
        9360   6.71488905       10.1313419       6.90697813    
        9420   6.71096277       10.1313419       6.91148233    
        9480   6.71096277       10.1435566       6.91697741    
        9540   6.70866680       10.1435566       6.92279768    
        9600   6.71023083       10.1575727       6.92776442    
        9660   6.71023083       10.1575727       6.93260050    
        9720   6.71023083       10.1715202       6.93589354    
        9780   6.72596312       10.1715202       6.93932724    
        9840   6.71803856       10.1844807       6.94190025    
        9900   6.71803856       10.1844807       6.94422102    
        9960   6.73014832       10.1972713       6.94555712    
       10020   6.73625946       10.1972713       6.94651651    
       10080   6.73676920       10.2077885       6.94753027    
       10140   6.73818541       10.2077885       6.94885302    
       10200   6.73818541       10.2137299       6.95070696    
       10260   6.74046135       10.2137299       6.95217133    
       10320   6.74344444       10.2162695       6.95470428    
       10380   6.74423075       10.2162695       6.95731115    
       10440   6.75284624       10.2185497       6.96001530    
       10500   6.75284624       10.2185497       6.96250296    
       10560   6.75284624       10.2218151       6.96327829    
       10620   6.77829647       10.2218151       6.96458244    
       10680   6.76292324       10.2261200       6.80030918    
       10740   6.76292324       10.2261200       6.80244827    
       10800   6.76929617       10.2293997       6.80470991    
       10860   6.76822233       10.2293997       6.80586290    
       10920   6.77199984       10.2300386       6.80725861    
       10980   6.77199984       10.2300386       6.80862331    
       11040   6.77837038       10.2292948       6.80997324    
       11100   6.78780746       10.2292948       6.81096363    
       11160   6.80842304       10.2277231       6.81119013    
       11220   6.80842304       10.2277231       6.81094694    
       11280   6.81418514       10.2263184       6.81184816    
       11340   6.82848167       10.2263184       6.81304789    
       11400   6.82848167       10.2239285       6.81293011    
       11460   6.83980751       10.2239285       6.81227350    
       11520   6.83980751       10.2190075       6.81005335    
       11580   6.86029625       10.2190075       6.80931044    
       11640   6.85607672       10.2129221       6.80910635    
       11700   6.86311102       10.2129221       6.80987120    
       11760   6.86311102       10.2052488       6.81075668    
       11820   6.86649990       10.2052488       6.81188250    
       11880   6.87844467       10.1969557       6.81377840    
       11940   6.89355564       10.1969557       6.81615162    
       12000   6.90346146       10.1898460       6.81858540    
       12060   6.90785170       10.1898460       6.82130337    
       12120   6.91407681       10.1841745       6.82532644    
       12180   6.92185163       10.1841745       6.82976198    
       12240   6.92730761       10.1792774       6.83479023    
       12300   6.92730761       10.1792774       6.83952904    
       12360   6.92730761       10.1757298       6.84217739    
       12420   6.96077776       10.1757298       6.84515762    
       12480   6.95384598       10.1738806       6.84731531    
       12540   6.95384598       10.1738806       6.85024071    
       12600   6.95384598       10.1716833       6.85292864    
       12660   6.98115396       10.1716833       6.85544729    
       12720   6.99368000       10.1684809       6.85880661    
       12780   6.99368000       10.1684809       6.86221218    
       12840   7.02035999       10.1625443       6.86603403    
       12900   7.03130770       10.1625443       6.86944199    
       12960   7.05003977       10.1552248       6.87254095    
       13020   7.05003977       10.1552248       6.87563038    
       13080   7.06562519       10.1511106       6.87941790    
       13140   7.06562519       10.1511106       6.88354969    
       13200   7.08139133       10.1482677       6.88676834    
       13260   7.08139133       10.1482677       6.89004850    
       13320   7.08139133       10.1441011       6.89262629    
       13380   7.08139133       10.1441011       6.89670372    
       13440   7.07895470       10.1390266       6.90066147    
       13500   7.05460882       10.1390266       6.90496588    
       13560   7.03712511       10.1342115       6.90870190    
       13620   7.01720810       10.1342115       6.91194296    
       13680   7.02478266       10.1310511       6.91526318    
       13740   7.00445843       10.1310511       6.91809034    
       13800   7.01443481       10.1272221       6.92049551    
       13860   6.99558353       10.1272221       6.92216539    
       13920   6.99558353       10.1219883       6.92409229    
       13980   7.00317383       10.1219883       6.92598391    
       14040   6.98412514       10.1162453       6.92794228    
       14100   6.99126101       10.1162453       6.93002224    
       14160   6.99126101       10.1093769       6.93140936    
       14220   6.99120855       10.1093769       6.93383169    
       14280   6.97169542       10.1016903       6.98865414    
       14340   6.97169542       10.1016903       6.98116589    
       14400   6.95249987       10.0934458       6.97503757    
       14460   6.93487501       10.0934458       6.97006273    
       14520   6.94439125       10.0869417       6.96620893    
       14580   6.92366648       10.0869417       6.96203756    
       14640   6.92366648       10.0824881       6.95732594    
       14700   6.90666676       10.0824881       6.95134640    
       14760   6.90666676       10.0808315       6.94486141    
       14820   6.88516665       10.0808315       6.93915939    
       14880   6.88516665       10.0800581       6.93477106    
       14940   6.88173914       10.0800581       6.93163633    
       15000   6.86421728       10.0764246       6.92743015    
       15060   6.86421728       10.0764246       6.92321205    
       15120   6.86421728       10.0716324       6.91759396    
       15180   6.86462498       10.0716324       6.91190386    
       15240   6.84165239       10.0686016       6.90616369    
       15300   6.83079147       10.0686016       6.90000582    
       15360   6.82143497       10.0678720       6.89440680    
       15420   6.81137514       10.0678720       6.88908482    
       15480   6.81137514       10.0679579       6.88357687    
       15540   6.79495668       10.0679579       6.87723589    
       15600   6.76878262       10.0676317       6.86963701    
       15660   6.75770855       10.0676317       6.86134100    
       15720   6.74621725       10.0676937       6.85294151    
       15780   6.73487520       10.0676937       6.84583569    
       15840   6.71795654       10.0664148       6.83936119    
       15900   6.71795654       10.0664148       6.83353949    
       15960   6.71795654       10.0621614       6.82614136    
       16020   6.72229147       10.0621614       6.81869411    
       16080   6.67408705       10.0559635       6.81085110    
       16140   6.67408705       10.0559635       6.80355597    
       16200   6.66683340       10.0516109       6.79751539    
       16260   6.65271997       10.0516109       6.79185295    
       16320   6.62987518       10.0479107       6.78698301    
       16380   6.62987518       10.0479107       6.78146410    
       16440   6.62067986       10.0417824       6.77526426    
       16500   6.59583330       10.0417824       6.76751137    
       16560   6.55749989       10.0372362       6.75908470    
       16620   6.55749989       10.0372362       6.75120926    
       16680   6.55376005       10.0340748       6.74377394    
       16740   6.54730749       10.0340748       6.73762989    
       16800   6.54730749       10.0283337       6.73068571    
       16860   6.54730749       10.0283337       6.72409153    
       16920   6.54730749       10.0207577       6.71694613    
       16980   6.56300020       10.0207577       6.71027517    
       17040   6.56300020       10.0127115       6.70386076    
       17100   6.56300020       10.0127115       6.69819450    
       17160   6.56762981       10.0061808       6.69352674    
       17220   6.56781483       10.0061808       6.68981743    
       17280   6.56784630       10.0006485       6.68731928    
       17340   6.56784630       10.0006485       6.68523312    
       17400   6.56934595       9.99442101       6.68344069    
       17460   6.56544447       9.99442101       6.68207026    
       17520   6.56557703       9.99054050       6.68091774    
       17580   6.56557703       9.99054050       6.68049574    
       17640   6.56199980       9.99053001       6.67999315    
       17700   6.56261539       9.99053001       6.67955589    
       17760   6.56261539       9.99280548       6.67801809    
       17820   6.57703686       9.99280548       6.67620850    
       17880   6.56115389       9.99452782       6.57748985    
       17940   6.56115389       9.99452782       6.57277489    
       18000   6.55562973       9.99616528       6.56902599    
       18060   6.54962969       9.99616528       6.56481361    
       18120   6.55107689       9.99736214       6.56037760    
       18180   6.54218531       9.99736214       6.55564594    
       18240   6.54584599       9.99611855       6.55082273    
       18300   6.54584599       9.99611855       6.54618835    
       18360   6.53807688       9.99315929       6.54262161    
       18420   6.53285170       9.99315929       6.53941441    
       18480   6.53242302       9.98904228       6.53736591    
       18540   6.53242302       9.98904228       6.53643465    
       18600   6.52033329       9.98619652       6.53488970    
       18660   6.53714800       9.98619652       6.53419065    
       18720   6.53714800       9.98689175       6.53245306    
       18780   6.54874992       9.98689175       6.53118610    
       18840   6.53670359       9.98905087       6.53093624    
       18900   6.53670359       9.98905087       6.53084946    
       18960   6.53362942       9.99051571       6.53171444    
       19020   6.53296423       9.99051571       6.53168344    
       19080   6.53122234       9.99213409       6.53051662    
       19140   6.53122234       9.99213409       6.52818012    
       19200   6.53214264       9.99443340       6.52514982    
       19260   6.53277779       9.99443340       6.52211475    
       19320   6.53370380       9.99622726       6.52017164    
       19380   6.53303576       9.99622726       6.51953983    
       19440   6.53522205       9.99369049       6.51979780    
       19500   6.53522205       9.99369049       6.52063227    
       19560   6.53522205       9.98940468       6.51938248    
       19620   6.55871439       9.98940468       6.51800680    
       19680   6.54896307       9.98740292       6.51626396    
       19740   6.54896307       9.98740292       6.51497364    
       19800   6.55392838       9.98763847       6.51506567    
       19860   6.56039286       9.98763847       6.51516151    
       19920   6.56951857       9.98676777       6.51581478    
       19980   6.57292843       9.98676777       6.51653099    
       20040   6.57292843       9.98517704       6.51792431    
       20100   6.58096409       9.98517704       6.51985788    
       20160   6.58096409       9.98529434       6.52235270    
       20220   6.58774996       9.98529434       6.52528906    
       20280   6.58774996       9.98655796       6.52835703    
       20340   6.59233332       9.98655796       6.53195000    
       20400   6.59725904       9.99018192       6.53458023    
       20460   6.59725904       9.99018192       6.53761435    
       20520   6.59725904       9.99593067       6.53978109    
       20580   6.60010719       9.99593067       6.54210520    
       20640   6.58637047       10.0005999       6.54452848    
       20700   6.57971430       10.0005999       6.54658365    
       20760   6.57971430       10.0052633       6.54865170    
       20820   6.57207155       10.0052633       6.54978895    
       20880   6.56955576       10.0099993       6.55032301    
       20940   6.56524992       10.0099993       6.54985237    
       21000   6.56524992       10.0130253       6.54871702    
       21060   6.56128550       10.0130253       6.54714060    
       21120   6.56488895       10.0138626       6.54552126    
       21180   6.56488895       10.0138626       6.54467106    
       21240   6.55985737       10.0120287       6.54409599    
       21300   6.56322241       10.0120287       6.54412746    
       21360   6.56322241       10.0077925       6.54366112    
       21420   6.57239294       10.0077925       6.54366207    
       21480   6.55833340       10.0020151       6.57158089    
       21540   6.55833340       10.0020151       6.57194090    
       21600   6.55507135       9.99715805       6.57391310    
       21660   6.55399990       9.99715805       6.57650185    
       21720   6.56159258       9.99414825       6.57896662    
       21780   6.56159258       9.99414825       6.58152819    
       21840   6.56162977       9.99229622       6.58452892    
       21900   6.55410719       9.99229622       6.58752060    
       21960   6.55410719       9.99193096       6.59056473    
       22020   6.55457163       9.99193096       6.59314728    
       22080   6.56040764       9.99244785       6.59612370    
       22140   6.56040764       9.99244785       6.59935331    
       22200   6.54885721       9.99351597       6.60076714    
       22260   6.56155539       9.99351597       6.60143518    
       22320   6.54546165       9.99409103       6.59933567    
       22380   6.53888893       9.99409103       6.59711456    
       22440   6.52646160       9.99222755       6.59524298    
       22500   6.52646160       9.99222755       6.59369421    
       22560   6.51503706       9.98814678       6.59189081    
       22620   6.50459242       9.98814678       6.58938980    
       22680   6.50419235       9.98196983       6.58701658    
       22740   6.50419235       9.98196983       6.58500671    
       22800   6.49251842       9.97309685       6.58421707    
       22860   6.49003839       9.97309685       6.58414507    
       22920   6.47696304       9.96300507       6.58480120    
       22980   6.46311092       9.96300507       6.58605719    
       23040   6.46111536       9.95388508       6.58754826    
       23100   6.46111536       9.95388508       6.58883953    
       23160   6.46111536       9.94864559       6.58772802    
       23220   6.45692587       9.94864559       6.58659315    
       23280   6.42861557       9.94467449       6.58559513    
       23340   6.42861557       9.94467449       6.58606195    
       23400   6.41322231       9.94025993       6.58776855    
       23460   6.38659239       9.94025993       6.58994532    
       23520   6.37526941       9.93423271       6.59203053    
       23580   6.36018515       9.93423271       6.59393978    
       23640   6.34846163       9.92800808       6.59593153    
       23700   6.34846163       9.92800808       6.59733009    
       23760   6.32603836       9.92421532       6.59861469    
       23820   6.31529617       9.92421532       6.60038662    
       23880   6.30530787       9.92168427       6.60251141    
       23940   6.29725933       9.92168427       6.60556746    
       24000   6.29725933       9.91840363       6.60747242    
       24060   6.28873062       9.91840363       6.60902834    
       24120   6.28873062       9.91468620       6.60888720    
       24180   6.29199982       9.91468620       6.60887909    
       24240   6.27719212       9.91084576       6.60902405    
       24300   6.27719212       9.91084576       6.60962534    
       24360   6.26553869       9.90684986       6.60991812    
       24420   6.25770378       9.90684986       6.60966778    
       24480   6.25107670       9.90042877       6.60928059    
       24540   6.25107670       9.90042877       6.60865784    
       24600   6.23488474       9.89229298       6.60832024    
       24660   6.23488474       9.89229298       6.60794926    
       24720   6.21973085       9.88344097       6.60771894    
       24780   6.21614838       9.88344097       6.60781479    
       24840   6.21614838       9.87461090       6.60790777    
       24900   6.20815372       9.87461090       6.60810232    
       24960   6.20815372       9.86657906       6.60715675    
       25020   6.23099995       9.86657906       6.60609674    
       25080   6.20834637       9.85800552       6.21895075    
       25140   6.20834637       9.85800552       6.21092033    
       25200   6.20314837       9.84945965       6.20275784    
       25260   6.18903685       9.84945965       6.19421148    
       25320   6.18161535       9.84138012       6.18489122    
       25380   6.18161535       9.84138012       6.17503452    
       25440   6.17496300       9.83201122       6.16490698    
       25500   6.16969252       9.83201122       6.15439320    
       25560   6.15669250       9.81991291       6.14410496    
       25620   6.15418530       9.81991291       6.13424587    
       25680   6.14676905       9.80479527       6.12548399    
       25740   6.14676905       9.80479527       6.11794138    
       25800   6.14685202       9.78838825       6.10983801    
       25860   6.14338446       9.78838825       6.10240126    
       25920   6.14338446       9.77162361       6.09430885    
       25980   6.16444445       9.77162361       6.08817005    
       26040   6.15661526       9.75442982       6.08330917    
       26100   6.16181469       9.75442982       6.07986164    
       26160   6.16181469       9.73866940       6.07681894    
       26220   6.16744423       9.73866940       6.07388926    
       26280   6.16557693       9.72692299       6.07107925    
       26340   6.17148161       9.72692299       6.06783247    
       26400   6.17148161       9.71905899       6.06371355    
       26460   6.17080784       9.71905899       6.05822134    
       26520   6.17722225       9.71256924       6.05240202    
       26580   6.18485165       9.71256924       6.04711008    
       26640   6.18603849       9.70648479       6.04189539    
       26700   6.18603849       9.70648479       6.03678608    
       26760   6.18603849       9.69742298       6.02920723    
       26820   6.21307421       9.69742298       6.02124786    
       26880   6.20788479       9.68371487       6.01269913    
       26940   6.20788479       9.68371487       6.00479507    
       27000   6.21722221       9.66858006       5.99771500    
       27060   6.23814821       9.66858006       5.99056721    
       27120   6.24849987       9.65191364       5.98304987    
       27180   6.26018524       9.65191364       5.97530699    
       27240   6.27142286       9.63438892       5.96742964    
       27300   6.27142286       9.63438892       5.95950794    
       27360   6.28240728       9.61800766       5.95223856    
       27420   6.29165363       9.61800766       5.94556522    
       27480   6.31115389       9.60060596       5.93964100    
       27540   6.31925917       9.60060596       5.93498373    
       27600   6.32815361       9.58300781       5.92925501    
       27660   6.32815361       9.58300781       5.92398167    
       27720   6.32815361       9.56736565       5.91739416    
       27780   6.34322214       9.56736565       5.91172791    
       27840   6.34192324       9.55218601       5.90678692    
       27900   6.34192324       9.55218601       5.90269661    
       27960   6.34674072       9.53747940       5.89901400    
       28020   6.36055565       9.53747940       5.89567375    
       28080   6.37234592       9.52261353       5.89269352    
       28140   6.37234592       9.52261353       5.88978004    
       28200   6.37503719       9.50934315       5.88681412    
       28260   6.38970375       9.50934315       5.88344145    
       28320   6.38970375       9.49724293       5.87986422    
       28380   6.40355539       9.49724293       5.87659216    
       28440   6.41434622       9.48675919       5.87328291    
       28500   6.41434622       9.48675919       5.87010622    
       28560   6.41434622       9.47650528       5.86612749    
       28620   6.43511105       9.47650528       5.86259747    
       28680   6.42011547       9.46378326       6.45590925    
       28740   6.42011547       9.46378326       6.46237469    
       28800   6.42470360       9.45071983       6.46956825    
       28860   6.44144440       9.45071983       6.47718716    
       28920   6.45511532       9.43940067       6.48493338    
       28980   6.45699978       9.43940067       6.49302959    
       29040   6.45699978       9.42935658       6.50174236    
       29100   6.47450018       9.42935658       6.51054764    
       29160   6.47488880       9.41995907       6.51996469    
       29220   6.49292612       9.41995907       6.52937078    
       29280   6.50846148       9.41342258       6.53994226    
       29340   6.50846148       9.41342258       6.55132437    
       29400   6.50751829       9.41007423       6.56136703    
       29460   6.52130747       9.41007423       6.57081223    
       29520   6.52130747       9.40839195       6.57814884    
       29580   6.53259277       9.40839195       6.58567524    
       29640   6.52569246       9.40824318       6.59249830    
       29700   6.52569246       9.40824318       6.59948111    
       29760   6.53446150       9.40839481       6.60592175    
       29820   6.53446150       9.40839481       6.61203194    
       29880   6.54038477       9.40756512       6.61804914    
       29940   6.54038477       9.40756512       6.62384748    
       30000   6.54799986       9.40342617       6.62962294    
       30060   6.54799986       9.40342617       6.63576555    
       30120   6.54488897       9.39772511       6.64329004    
       30180   6.55066681       9.39772511       6.65160370    
       30240   6.55865383       9.39333820       6.66019297    
       30300   6.56781483       9.39333820       6.66853380    
       30360   6.56781483       9.38971615       6.67454195    
       30420   6.57732153       9.38971615       6.68056726    
       30480   6.56477785       9.38863754       6.68676615    
       30540   6.56477785       9.38863754       6.69432640    
       30600   6.55610704       9.38915920       6.70180893    
       30660   6.55966663       9.38915920       6.70836687    
       30720   6.54981470       9.38859653       6.71348953    
       30780   6.54085732       9.38859653       6.71731472    
       30840   6.53999996       9.38914394       6.72131538    
       30900   6.53999996       9.38914394       6.72522974    
       30960   6.53007126       9.38921738       6.72969866    
       31020   6.52866650       9.38921738       6.73411131    
       31080   6.52114296       9.38549423       6.73877192    
       31140   6.51642847       9.38549423       6.74344778    
       31200   6.51592588       9.38308144       6.74676752    
       31260   6.51592588       9.38308144       6.75032425    
       31320   6.51592588       9.38194656       6.75272179    
       31380   6.52310705       9.38194656       6.75632191    
       31440   6.51525927       9.37946033       6.76018143    
       31500   6.51525927       9.37946033       6.76435518    
       31560   6.50871420       9.37660885       6.76848125    
       31620   6.50285721       9.37660885       6.77238846    
       31680   6.50407410       9.37330818       6.77619171    
       31740   6.49632120       9.37330818       6.77979517    
       31800   6.49632120       9.37060070       6.78306866    
       31860   6.49822235       9.37060070       6.78597450    
       31920   6.49325943       9.36892033       6.78949499    
       31980   6.49325943       9.36892033       6.79371500    
       32040   6.48762941       9.36795235       6.79868746    
       32100   6.48762941       9.36795235       6.80422258    
       32160   6.48762941       9.36573696       6.80893230    
       32220   6.50182152       9.36573696       6.81372261    
       32280   6.48429632       9.36396790       6.49835634    
       32340   6.48429632       9.36396790       6.49463654    
       32400   6.48114300       9.36583519       6.49114561    
       32460   6.47617865       9.36583519       6.48839617    
       32520   6.47455549       9.36921120       6.48617268    
       32580   6.47455549       9.36921120       6.48444128    
       32640   6.47344446       9.37182617       6.48213816    
       32700   6.47344446       9.37182617       6.47898817    
       32760   6.47453594       9.37568188       6.47485590    
       32820   6.47292852       9.37568188       6.46996927    
       32880   6.47192574       9.38187981       6.46585798    
       32940   6.46899986       9.38187981       6.46249056    
       33000   6.46899986       9.38569832       6.45821238    
       33060   6.48303556       9.38569832       6.45464993    
       33120   6.48303556       9.38577652       6.44979191    
       33180   6.49244833       9.38577652       6.44600534    
       33240   6.48053551       9.38606358       6.44220972    
       33300   6.48053551       9.38606358       6.43966532    
       33360   6.47686195       9.38635826       6.43713617    
       33420   6.47055149       9.38635826       6.43462515    
       33480   6.47055149       9.38755703       6.43198586    
       33540   6.46458626       9.38755703       6.42874718    
       33600   6.46458626       9.38976192       6.42524290    
       33660   6.46124125       9.38976192       6.42183447    
       33720   6.46124125       9.39219856       6.41880560    
       33780   6.45841360       9.39219856       6.41653728    
       33840   6.45692873       9.39367104       6.41469002    
       33900   6.45692873       9.39367104       6.41363335    
       33960   6.44399977       9.39456749       6.41104221    
       34020   6.45767879       9.39456749       6.40902519    
       34080   6.44374084       9.39564514       6.40675592    
       34140   6.44374084       9.39564514       6.40532255    
       34200   6.44374084       9.39714622       6.40321589    
       34260   6.44711113       9.39714622       6.40088701    
       34320   6.44711113       9.39957619       6.39825392    
       34380   6.44811106       9.39957619       6.39567232    
       34440   6.45384598       9.40266609       6.39413500    
       34500   6.45384598       9.40266609       6.39219189    
       34560   6.45022202       9.40257931       6.39017487    
       34620   6.45746136       9.40257931       6.38829613    
       34680   6.45746136       9.40184402       6.38662386    
       34740   6.46303988       9.40184402       6.38583517    
       34800   6.46520853       9.40463161       6.38403034    
       34860   6.46520853       9.40463161       6.38235521    
       34920   6.46520853       9.40743065       6.37963772    
       34980   6.46520853       9.40743065       6.37795734    
       35040   6.45426083       9.40895653       6.37612057    
       35100   6.45426083       9.40895653       6.37499189    
       35160   6.45295811       9.41003227       6.37312508    
       35220   6.45821762       9.41003227       6.37032080    
       35280   6.46334791       9.41075993       6.36711979    
       35340   6.46270847       9.41075993       6.36339140    
       35400   6.47034788       9.41077995       6.35988140    
       35460   6.47034788       9.41077995       6.35701275    
       35520   6.46887493       9.40812588       6.35501146    
       35580   6.47266674       9.40812588       6.35388231    
       35640   6.47266674       9.40367985       6.35274315    
       35700   6.48047829       9.40367985       6.35155630    
       35760   6.48047829       9.40018845       6.34884977    
       35820   6.49749994       9.40018845       6.34620428    
       35880   6.48065233       9.39885998       6.48047400    
       35940   6.48065233       9.39885998       6.47730589    
       36000   6.47125006       9.39722824       6.47505093    
       36060   6.46425009       9.39722824       6.47324181    
       36120   6.46682596       9.39341831       6.47107506    
       36180   6.45687485       9.39341831       6.46869469    
       36240   6.45687485       9.39003468       6.46569586    
       36300   6.45604324       9.39003468       6.46261120    
       36360   6.44775009       9.38753891       6.45993137    
       36420   6.43933344       9.38753891       6.45777512    
       36480   6.43930435       9.38249111       6.45707226    
       36540   6.43930435       9.38249111       6.45690775    
       36600   6.43752193       9.37400341       6.45502090    
       36660   6.43752193       9.37400341       6.45275068    
       36720   6.41759109       9.36593437       6.44783831    
       36780   6.43278265       9.36593437       6.44291115    
       36840   6.41809082       9.36164093       6.43750954    
       36900   6.41809082       9.36164093       6.43216753    
       36960   6.41230440       9.35674667       6.42674971    
       37020   6.41404533       9.35674667       6.42167521    
       37080   6.41281796       9.34724617       6.41695213    
       37140   6.40591288       9.34724617       6.41221380    
       37200   6.40840912       9.33519268       6.40774250    
       37260   6.40056515       9.33519268       6.40286255    
       37320   6.39940929       9.32306099       6.39814997    
       37380   6.39578247       9.32306099       6.39399958    
       37440   6.39640903       9.31157207       6.38927269    
       37500   6.39640903       9.31157207       6.38414621    
       37560   6.39640903       9.30069828       6.37690544    
       37620   6.40947819       9.30069828       6.36989641    
       37680   6.39050007       9.28816128       6.36347055    
       37740   6.39050007       9.28816128       6.35917902    
       37800   6.38239145       9.27393150       6.35608864    
       37860   6.38239145       9.27393150       6.35465336    
       37920   6.37617397       9.25895119       6.35351658    
       37980   6.37479162       9.25895119       6.35252094    
       38040   6.37634802       9.24636745       6.35167122    
       38100   6.37634802       9.24636745       6.34953165    
       38160   6.37679148       9.23833656       6.34722328    
       38220   6.37769556       9.23833656       6.34440327    
       38280   6.37541676       9.23242283       6.34112215    
       38340   6.37256002       9.23242283       6.33786964    
       38400   6.37256002       9.22679901       6.33294439    
       38460   6.37256002       9.22679901       6.32817030    
       38520   6.37256002       9.21959877       6.32260561    
       38580   6.38315392       9.21959877       6.31818342    
       38640   6.38315392       9.20894527       6.31375551    
       38700   6.38737059       9.20894527       6.31009531    
       38760   6.38737059       9.19702148       6.30608225    
       38820   6.39307404       9.19702148       6.30254173    
       38880   6.39307404       9.18586254       6.29992294    
       38940   6.39180756       9.18586254       6.29742956    
       39000   6.39453840       9.17403793       6.29572296    
       39060   6.39603710       9.17403793       6.29384661    
       39120   6.39603710       9.16147614       6.29224777    
       39180   6.39453840       9.16147614       6.29123116    
       39240   6.39849997       9.15267944       6.29000282    
       39300   6.39849997       9.15267944       6.28937244    
       39360   6.39849997       9.14695644       6.28818512    
       39420   6.41107416       9.14695644       6.28812981    
       39480   6.39269209       9.14075279       6.41892242    
       39540   6.39269209       9.14075279       6.42016363    
       39600   6.39325905       9.13451481       6.42165279    
       39660   6.39937019       9.13451481       6.42277479    
       39720   6.40596151       9.13063908       6.42300940    
       39780   6.40596151       9.13063908       6.42240810    
       39840   6.41292286       9.12868500       6.42153215    
       39900   6.41292286       9.12868500       6.42036152    
       39960   6.41418505       9.12466335       6.41908312    
       40020   6.42023087       9.12466335       6.41725016    
       40080   6.42657709       9.11920929       6.41695261    
       40140   6.42748165       9.11920929       6.41731405    
       40200   6.42748165       9.11400986       6.41714668    
       40260   6.44537020       9.11400986       6.41751528    
       40320   6.44537020       9.10756111       6.41654682    
       40380   6.45482159       9.10756111       6.41690683    
       40440   6.44325924       9.10393524       6.41839933    
       40500   6.44325924       9.10393524       6.42136860    
       40560   6.44032145       9.10134411       6.42489767    
       40620   6.44374990       9.10134411       6.42815638    
       40680   6.44374990       9.09912300       6.43053532    
       40740   6.44851875       9.09912300       6.43164968    
       40800   6.45233345       9.09978676       6.43252850    
       40860   6.45233345       9.09978676       6.43306208    
       40920   6.45585203       9.10221577       6.43458748    
       40980   6.45032120       9.10221577       6.43673944    
       41040   6.45529652       9.10274792       6.43945122    
       41100   6.45529652       9.10274792       6.44283724    
       41160   6.45529652       9.10201263       6.44477177    
       41220   6.47635698       9.10201263       6.44653130    
       41280   6.46818495       9.10177612       6.44791460    
       41340   6.46818495       9.10177612       6.44894075    
       41400   6.46578550       9.10382271       6.44915438    
       41460   6.47548151       9.10382271       6.44832134    
       41520   6.47260714       9.10630703       6.44644928    
       41580   6.47814274       9.10630703       6.44438124    
       41640   6.48314810       9.10739708       6.44279146    
       41700   6.48314810       9.10739708       6.44143867    
       41760   6.48064280       9.10429764       6.44122648    
       41820   6.48267841       9.10429764       6.44126368    
       41880   6.48267841       9.09840584       6.44171715    
       41940   6.48859262       9.09840584       6.44242907    
       42000   6.49540758       9.09441662       6.44185686    
       42060   6.49540758       9.09441662       6.44081974    
       42120   6.49540758       9.09304142       6.43878317    
       42180   6.50517845       9.09304142       6.43680382    
       42240   6.49988890       9.09089088       6.43504381    
       42300   6.49988890       9.09089088       6.43417311    
       42360   6.50029612       9.08705044       6.43309307    
       42420   6.50103569       9.08705044       6.43202591    
       42480   6.49822235       9.08254910       6.43027639    
       42540   6.49822235       9.08254910       6.42718744    
       42600   6.49892855       9.07810688       6.42354441    
       42660   6.49818516       9.07810688       6.41865683    
       42720   6.50125933       9.07298279       6.41401148    
       42780   6.50125933       9.07298279       6.40937328    
       42840   6.50274992       9.06607437       6.40454149    
       42900   6.50344467       9.06607437       6.39972067    
       42960   6.50344467       9.05635738       6.39389563    
       43020   6.52832127       9.05635738       6.38791704    
       43080   6.52055550       9.04518700       6.54745340    
       43140   6.52055550       9.04518700       6.55088282    
       43200   6.52489281       9.03331184       6.55408001    
       43260   6.53385735       9.03331184       6.55777311    
       43320   6.53807402       9.02091122       6.56099367    
       43380   6.53807402       9.02091122       6.56395578    
       43440   6.54435730       9.00793743       6.56714439    
       43500   6.55660725       9.00793743       6.56995153    
       43560   6.55660725       8.99401093       6.57268286    
       43620   6.56699991       8.99401093       6.57566547    
       43680   6.56699991       8.98091698       6.57997322    
       43740   6.57392836       8.98091698       6.58514261    
       43800   6.57848167       8.96799088       6.58895397    
       43860   6.57848167       8.96799088       6.59246111    
       43920   6.56873083       8.95395660       6.59288454    
       43980   6.58407402       8.95395660       6.59293938    
       44040   6.57923079       8.94180202       6.59302568    
       44100   6.58196306       8.94180202       6.59413004    
       44160   6.58196306       8.92746258       6.59571552    
       44220   6.59444427       8.92746258       6.59827805    
       44280   6.60265398       8.90797234       6.60022593    
       44340   6.60265398       8.90797234       6.60187769    
       44400   6.60751867       8.88881111       6.60329390    
       44460   6.61981487       8.88881111       6.60397530    
       44520   6.61981487       8.87360001       6.60479307    
       44580   6.63140726       8.87360001       6.60624695    
       44640   6.64411545       8.85694885       6.60806227    
       44700   6.64411545       8.85694885       6.61044741    
       44760   6.64411545       8.83944321       6.61115217    
       44820   6.66377783       8.83944321       6.61222744    
       44880   6.64911556       8.82231808       6.61357307    
       44940   6.64911556       8.82231808       6.61687469    
       45000   6.64885187       8.80475903       6.62105227    
       45060   6.66003704       8.80475903       6.62612343    
       45120   6.66003704       8.78774548       6.63085938    
       45180   6.66933346       8.78774548       6.63507843    
       45240   6.67873096       8.77421093       6.63918018    
       45300   6.67873096       8.77421093       6.64237309    
       45360   6.67422199       8.76356411       6.64505816    
       45420   6.67670393       8.76356411       6.64731598    
       45480   6.68565369       8.75376797       6.64923620    
       45540   6.67677784       8.75376797       6.65207767    
       45600   6.67677784       8.74272537       6.65416098    
       45660   6.68403864       8.74272537       6.65696526    
       45720   6.68403864       8.73046589       6.65937996    
       45780   6.69262981       8.73046589       6.66277695    
       45840   6.68969250       8.71591473       6.66558218    
       45900   6.68969250       8.71591473       6.66796017    
       45960   6.68466663       8.70248795       6.66899967    
       46020   6.68662977       8.70248795       6.66943264    
       46080   6.69299984       8.69315147       6.67073870    
       46140   6.69299984       8.69315147       6.67351770    
       46200   6.68922234       8.68182468       6.67769623    
       46260   6.69214821       8.68182468       6.68269539    
       46320   6.69214821       8.66672039       6.68838453    
       46380   6.69370365       8.66672039       6.69445515    
       46440   6.69370365       8.65573978       6.70062351    
       46500   6.69950008       8.65573978       6.70736933    
       46560   6.69950008       8.65063477       6.71254826    
       46620   6.71962976       8.65063477       6.71744251    
       46680   6.70115376       8.64825344       6.72729063    
       46740   6.70115376       8.64825344       6.72514772    
       46800   6.69996309       8.64648628       6.72206068    
       46860   6.69977760       8.64648628       6.71845770    
       46920   6.70134592       8.64354038       6.71379328    
       46980   6.70011091       8.64354038       6.70872641    
       47040   6.70011091       8.63773823       6.70396709    
       47100   6.69974089       8.63773823       6.69854784    
       47160   6.69773054       8.62801456       6.69316292    
       47220   6.69955540       8.62801456       6.68772888    
       47280   6.69807673       8.61582851       6.68307018    
       47340   6.69807673       8.61582851       6.67882776    
       47400   6.70307684       8.60513401       6.67328358    
       47460   6.72462940       8.60513401       6.66787767    
       47520   6.72462940       8.59551716       6.66022015    
       47580   6.74382162       8.59551716       6.65424776    
       47640   6.73496294       8.58374596       6.64894915    
       47700   6.73496294       8.58374596       6.64491796    
       47760   6.73866653       8.57249928       6.64080000    
       47820   6.74046421       8.57249928       6.63628674    
       47880   6.74203682       8.56234550       6.63059664    
       47940   6.74203682       8.56234550       6.62444019    
       48000   6.74542856       8.55654526       6.61789989    
       48060   6.74585199       8.55654526       6.61098766    
       48120   6.75233316       8.55038071       6.60595131    
       48180   6.75778580       8.55038071       6.60262299    
       48240   6.76229620       8.53956890       6.60036421    
       48300   6.76229620       8.53956890       6.59903955    
       48360   6.76229620       8.52966499       6.59490395    
       48420   6.78635693       8.52966499       6.59032345    
       48480   6.77196312       8.52353477       6.58480883    
       48540   6.77196312       8.52353477       6.58010149    
       48600   6.77675009       8.52068996       6.57511568    
       48660   6.78174067       8.52068996       6.57055855    
       48720   6.79077768       8.51732540       6.56505632    
       48780   6.79921436       8.51732540       6.55921888    
       48840   6.80488873       8.51236153       6.55277538    
       48900   6.81407166       8.51236153       6.54501581    
       48960   6.81407166       8.50637436       6.53728294    
       49020   6.82359266       8.50637436       6.52952051    
       49080   6.84340763       8.49714565       6.52277470    
       49140   6.84764290       8.49714565       6.51737165    
       49200   6.86251831       8.48618031       6.51094103    
       49260   6.86251831       8.48618031       6.50477839    
       49320   6.86251831       8.47541904       6.49742842    
       49380   6.88421440       8.47541904       6.49110460    
       49440   6.88303709       8.46500015       6.48492813    
       49500   6.88850021       8.46500015       6.48084545    
       49560   6.88850021       8.45594978       6.47766590    
       49620   6.90478563       8.45594978       6.47565126    
       49680   6.91751862       8.44823170       6.47387743    
       49740   6.92196417       8.44823170       6.47046471    
       49800   6.92196417       8.44134426       6.46542931    
       49860   6.93422222       8.44134426       6.45868921    
       49920   6.95270348       8.43848991       6.45166683    
       49980   6.95803595       8.43848991       6.44504404    
       50040   6.97277784       8.43663979       6.43862867    
       50100   6.97277784       8.43663979       6.43248844    
       50160   6.99289274       8.42926979       6.42448568    
       50220   7.02206898       8.42926979       6.41701508    
       50280   7.01417875       8.41816998       7.03802538    
       50340   7.01417875       8.41816998       7.04634571    
       50400   7.02113771       8.40740871       7.05503178    
       50460   7.04331017       8.40740871       7.06422043    
       50520   7.05782127       8.39534950       7.07272959    
       50580   7.06644821       8.39534950       7.08101463    
       50640   7.08067846       8.38434029       7.08930969    
       50700   7.08067846       8.38434029       7.09684849    
       50760   7.10125017       8.37395191       7.10563564    
       50820   7.10125017       8.37395191       7.11441994    
       50880   7.11835718       8.36411285       7.12558603    
       50940   7.12189674       8.36411285       7.13928461    
       51000   7.12189674       8.35573769       7.15281820    
       51060   7.13371420       8.35573769       7.16698265    
       51120   7.12811089       8.34963894       7.17842340    
       51180   7.14503574       8.34963894       7.19016504    
       51240   7.14070368       8.34677601       7.20216036    
       51300   7.14070368       8.34677601       7.21545124    
       51360   7.14232159       8.34914970       7.22817039    
       51420   7.15674067       8.34914970       7.24035501    
       51480   7.17522240       8.35088730       7.25091410    
       51540   7.17753553       8.35088730       7.26085138    
       51600   7.17753553       8.35247421       7.27063179    
       51660   7.19014835       8.35247421       7.27976465    
       51720   7.18871450       8.35375786       7.29055119    
       51780   7.20074081       8.35375786       7.30104303    
       51840   7.20740747       8.35269260       7.31160593    
       51900   7.21728563       8.35269260       7.32247114    
       51960   7.21728563       8.35039806       7.32998323    
       52020   7.23010349       8.35039806       7.33752775    
       52080   7.22275019       8.34969234       7.34423018    
       52140   7.22275019       8.34969234       7.35169077    
       52200   7.21775866       8.34934616       7.35924959    
       52260   7.22317219       8.34934616       7.36639547    
       52320   7.22317219       8.34619236       7.37309837    
       52380   7.23303556       8.34619236       7.38051176    
       52440   7.23507166       8.34183311       7.38859940    
       52500   7.23507166       8.34183311       7.39745522    
       52560   7.23485708       8.33689690       7.40761805    
       52620   7.22672415       8.33689690       7.41740990    
       52680   7.22672415       8.33334255       7.42813015    
       52740   7.22475863       8.33334255       7.43938112    
       52800   7.23414278       8.33358669       7.44900036    
       52860   7.23414278       8.33358669       7.45882845    
       52920   7.23414278       8.33664322       7.46667814    
       52980   7.24020672       8.33664322       7.47473907    
       53040   7.23199987       8.34068108       7.48258781    
       53100   7.23199987       8.34068108       7.49083471    
       53160   7.22749996       8.34469128       7.49833584    
       53220   7.21782780       8.34469128       7.50527954    
       53280   7.22524977       8.34798145       7.51129389    
       53340   7.22524977       8.34798145       7.51741171    
       53400   7.22364283       8.35029411       7.52369452    
       53460   7.22364283       8.35029411       7.52971697    
       53520   7.21758604       8.35112858       7.53680277    
       53580   7.22192860       8.35112858       7.54397345    
       53640   7.22235727       8.35097885       7.55130672    
       53700   7.22235727       8.35097885       7.55881119    
       53760   7.22235727       8.35108376       7.56507444    
       53820   7.22749996       8.35108376       7.57213211    
       53880   7.20485163       8.35261250       7.22563028    
       53940   7.20485163       8.35261250       7.22494030    
       54000   7.20367861       8.35552216       7.22464609    
       54060   7.20275021       8.35552216       7.22491169    
       54120   7.19870377       8.35999012       7.22501469    
       54180   7.19839287       8.35999012       7.22536945    
       54240   7.19433355       8.36660671       7.22621489    
       54300   7.19433355       8.36660671       7.22711468    
       54360   7.19371414       8.37193203       7.22825480    
       54420   7.19089270       8.37193203       7.22951603    
       54480   7.19089270       8.37809467       7.23152971    
       54540   7.18959236       8.37809467       7.23393965    
       54600   7.18814802       8.38727093       7.23317623    
       54660   7.20989275       8.38727093       7.23143053    
       54720   7.20989275       8.39917946       7.22557545    
       54780   7.22568989       8.39917946       7.22009325    
       54840   7.21225023       8.40950489       7.21469784    
       54900   7.21631050       8.40950489       7.20992851    
       54960   7.21631050       8.41382790       7.20469379    
       55020   7.22203445       8.41382790       7.19874001    
       55080   7.22203445       8.41249180       7.19275570    
       55140   7.21967840       8.41249180       7.18735886    
       55200   7.22192860       8.40976238       7.18211555    
       55260   7.22192860       8.40976238       7.17759705    
       55320   7.22324133       8.40523434       7.17473698    
       55380   7.22810364       8.40523434       7.17269707    
       55440   7.22810364       8.40126419       7.17166996    
       55500   7.23321438       8.40126419       7.17121935    
       55560   7.22392607       8.39973259       7.16796780    
       55620   7.24696445       8.39973259       7.16563416    
       55680   7.23429632       8.40158081       7.16267300    
       55740   7.23429632       8.40158081       7.16163445    
       55800   7.23429632       8.40504837       7.16108131    
       55860   7.24377775       8.40504837       7.16026545    
       55920   7.25073099       8.40878487       7.15935278    
       55980   7.25073099       8.40878487       7.15752888    
       56040   7.25677776       8.41183949       7.15506887    
       56100   7.26342297       8.41183949       7.15224981    
       56160   7.26342297       8.41451645       7.14861155    
       56220   7.27171993       8.41451645       7.14497375    
       56280   7.28308344       8.41783333       7.14229107    
       56340   7.28308344       8.41783333       7.14049339    
       56400   7.29721737       8.41913414       7.13717270    
       56460   7.29721737       8.41913414       7.13418579    
       56520   7.29721737       8.41801739       7.12919998    
       56580   7.29721737       8.41801739       7.12537670    
       56640   7.29209089       8.41683865       7.12195635    
       56700   7.29765224       8.41683865       7.11930323    
       56760   7.29765224       8.41536427       7.11722946    
       56820   7.31527281       8.41536427       7.11558771    
       56880   7.33813620       8.41287518       7.11398172    
       56940   7.34269571       8.41287518       7.11250877    
       57000   7.34269571       8.41070652       7.11054897    
       57060   7.35840893       8.41070652       7.10867405    
       57120   7.36008692       8.41111851       7.10733795    
       57180   7.37326097       8.41111851       7.10661983    
       57240   7.37326097       8.41221237       7.10587788    
       57300   7.40921736       8.41221237       7.10525703    
       57360   7.40921736       8.41227818       7.10271263    
       57420   7.43391657       8.41227818       7.09995985    
       57480   7.42321730       8.41250992       7.44062185    
       57540   7.42321730       8.41250992       7.44413424    
       57600   7.42654181       8.41229248       7.44796133    
       57660   7.43760872       8.41229248       7.45235825    
       57720   7.44939137       8.41125584       7.45649052    
       57780   7.44837523       8.41125584       7.46011400    
       57840   7.45960855       8.40772247       7.46381235    
       57900   7.45960855       8.40772247       7.46693611    
       57960   7.45629168       8.40259743       7.47051573    
       58020   7.46449995       8.40259743       7.47474146    
       58080   7.47595644       8.39774036       7.47781467    
       58140   7.47074986       8.39774036       7.47969866    
       58200   7.47074986       8.39518356       7.47872019    
       58260   7.48330450       8.39518356       7.47770262    
       58320   7.46904564       8.39148235       7.47621298    
       58380   7.47630453       8.39148235       7.47761011    
       58440   7.46759081       8.38050652       7.48021889    
       58500   7.46759081       8.38050652       7.48375320    
       58560   7.46231842       8.36875534       7.48684740    
       58620   7.45026064       8.36875534       7.48884583    
       58680   7.45472717       8.36125660       7.49031210    
       58740   7.45472717       8.36125660       7.49018574    
       58800   7.44108677       8.35517311       7.48954582    
       58860   7.43408680       8.35517311       7.48879004    
       58920   7.43408680       8.34747791       7.48925161    
       58980   7.44199991       8.34747791       7.49104023    
       59040   7.43349981       8.34016609       7.49239779    
       59100   7.43349981       8.34016609       7.49255896    
       59160   7.43349981       8.33164883       7.48972130    
       59220   7.45204353       8.33164883       7.48683786    
       59280   7.43309069       8.32265186       7.48366499    
       59340   7.43309069       8.32265186       7.48205900    
       59400   7.42286968       8.31453514       7.48121405    
       59460   7.41220856       8.31453514       7.48106527    
       59520   7.41560888       8.30452156       7.48128128    
       59580   7.41560888       8.30452156       7.48133326    
       59640   7.40199995       8.29144001       7.48076630    
       59700   7.40147829       8.29144001       7.47910261    
       59760   7.38766670       8.28069496       7.47817278    
       59820   7.37875986       8.28069496       7.47868347    
       59880   7.37875986       8.27353191       7.48027372    
       59940   7.37875986       8.27353191       7.48259258    
       60000   7.37249994       8.26590824       7.48296833    
       60060   7.37249994       8.26590824       7.48314238    
       60120   7.37249994       8.25845242       7.48246431    
       60180   7.38962984       8.25845242       7.48336601    
       60240   7.38962984       8.25327682       7.48508692    
       60300   7.38962984       8.25327682       7.48751926    
       60360   7.38818502       8.24885082       7.48940420    
       60420   7.38596439       8.24885082       7.48970747    
       60480   7.38596439       8.24493504       7.48861456    
       60540   7.38359261       8.24493504       7.48626137    
       60600   7.38262939       8.24211693       7.48391581    
       60660   7.39017868       8.24211693       7.48225355    
       60720   7.39017868       8.23795033       7.48169994    
       60780   7.39835691       8.23795033       7.48246288    
       60840   7.40011120       8.23017693       7.48286438    
       60900   7.40011120       8.23017693       7.48316193    
       60960   7.40070391       8.22271824       7.48205471    
       61020   7.43760729       8.22271824       7.48147869    
