 20190506
 Seconds  Measures(PWV-mm)  Meso-NH(PWV-mm)  FORECAST_AR(PWV-mm)
        3480   3.75634789       3.85383248       3.80245233    
        3540   3.75634789       3.85383248       3.79840636    
        3600   3.77195835       3.84068418       3.79723787    
        3660   3.76769567       3.84068418       3.79776883    
        3720   3.77004170       3.82807875       3.79843926    
        3780   3.78073907       3.82807875       3.80102396    
        3840   3.78800011       3.81648302       3.80209041    
        3900   3.79704356       3.81648302       3.80191898    
        3960   3.80673909       3.80501938       3.80206251    
        4020   3.80673909       3.80501938       3.80323148    
        4080   3.82065225       3.79301238       3.80489779    
        4140   3.82065225       3.79301238       3.80696273    
        4200   3.83943486       3.78038836       3.81132340    
        4260   3.83943486       3.78038836       3.81684542    
        4320   3.83943486       3.76830316       3.81676650    
        4380   3.86487508       3.76830316       3.82042599    
        4440   3.85686946       3.75761461       3.82199407    
        4500   3.85686946       3.75761461       3.82584310    
        4560   3.85774994       3.74911618       3.82621956    
        4620   3.87766671       3.74911618       3.82743335    
        4680   3.87766671       3.74332190       3.82972574    
        4740   3.89291668       3.74332190       3.83137751    
        4800   3.89291668       3.73923826       3.83360815    
        4860   3.90608335       3.73923826       3.83657861    
        4920   3.90608335       3.73503900       3.83993721    
        4980   3.91820836       3.73503900       3.84322548    
        5040   3.91820836       3.73074150       3.84553337    
        5100   3.93195653       3.73074150       3.84828043    
        5160   3.93195653       3.72760320       3.85386395    
        5220   3.93454170       3.72760320       3.85911012    
        5280   3.94308686       3.72678852       3.86363673    
        5340   3.94308686       3.72678852       3.86248088    
        5400   3.95437503       3.72765565       3.86478567    
        5460   3.90230441       3.72765565       3.86757421    
        5520   3.91047835       3.72941875       3.87032557    
        5580   3.91047835       3.72941875       3.87408733    
        5640   3.91565228       3.73218155       3.87727761    
        5700   3.91565228       3.73218155       3.87982988    
        5760   3.91029167       3.73600411       3.88254952    
        5820   3.91029167       3.73600411       3.88577604    
        5880   3.90475988       3.74039149       3.88968706    
        5940   3.90475988       3.74039149       3.89415002    
        6000   3.90415382       3.74521065       3.90029144    
        6060   3.90415382       3.74521065       3.90739059    
        6120   3.90415382       3.75107455       3.91101885    
        6180   3.91837049       3.75107455       3.91661406    
        6240   3.91837049       3.75915098       3.92139864    
        6300   3.91071439       3.75915098       3.92739487    
        6360   3.89611101       3.76955509       3.93137789    
        6420   3.89811110       3.76955509       3.93571520    
        6480   3.90661550       3.78140783       3.94087315    
        6540   3.90033340       3.78140783       3.94549561    
        6600   3.90599990       3.79345345       3.95100617    
        6660   3.90599990       3.79345345       3.95659304    
        6720   3.90526915       3.80537295       3.96109581    
        6780   3.90233326       3.80537295       3.96527648    
        6840   3.90799999       3.81796551       3.96860886    
        6900   3.90799999       3.81796551       3.97089314    
        6960   3.90799999       3.83086991       3.97464561    
        7020   3.90851855       3.83086991       3.97790813    
        7080   3.91461539       3.84224629       3.94370031    
        7140   3.91461539       3.84224629       3.94051290    
        7200   3.92948151       3.85141277       3.94455242    
        7260   3.92173076       3.85141277       3.94968843    
        7320   3.91725922       3.85972023       3.95469928    
        7380   3.92084622       3.85972023       3.95923185    
        7440   3.91855550       3.86812329       3.96221995    
        7500   3.91715384       3.86812329       3.96606112    
        7560   3.91414809       3.87772441       3.97102809    
        7620   3.91773081       3.87772441       3.97543049    
        7680   3.91540742       3.88830376       3.97993255    
        7740   3.91696143       3.88830376       3.98571682    
        7800   3.91192603       3.89976144       3.99244380    
        7860   3.90746164       3.89976144       3.99769974    
        7920   3.90746164       3.91194725       3.99724269    
        7980   3.92544436       3.91194725       3.99851155    
        8040   3.90526915       3.92425203       3.99912786    
        8100   3.90062952       3.92425203       4.00392532    
        8160   3.90062952       3.93632412       4.00507832    
        8220   3.90149999       3.93632412       4.00895977    
        8280   3.89211535       3.94733071       4.01271534    
        8340   3.88729620       3.94733071       4.01503086    
        8400   3.88630772       3.95652127       4.01766300    
        8460   3.87959266       3.95652127       4.02096272    
        8520   3.88003850       3.96512008       4.02385664    
        8580   3.87492585       3.96512008       4.02606440    
        8640   3.87507701       3.97494245       4.02851629    
        8700   3.87507701       3.97494245       4.03113461    
        8760   3.86999989       3.98550892       4.03333282    
        8820   3.87407136       3.98550892       4.03425694    
        8880   3.86962962       3.99460864       4.03681231    
        8940   3.86962962       3.99460864       4.03616858    
        9000   3.88357139       4.00161457       4.03868341    
        9060   3.87133336       4.00161457       4.04068899    
        9120   3.86982131       4.00743866       4.04366589    
        9180   3.87240744       4.00743866       4.04629278    
        9240   3.87192845       4.01288557       4.04808807    
        9300   3.87477779       4.01288557       4.04984236    
        9360   3.87592864       4.01798058       4.05180025    
        9420   3.87922215       4.01798058       4.05297709    
        9480   3.87978578       4.02260303       4.05434608    
        9540   3.88377786       4.02260303       4.05643368    
        9600   3.88953567       4.02680683       4.05925798    
        9660   3.89385724       4.02680683       4.06099796    
        9720   3.89385724       4.03031683       4.05807352    
        9780   3.92231035       4.03031683       4.05649185    
        9840   3.90925002       4.03277826       4.05543280    
        9900   3.90925002       4.03277826       4.05694580    
        9960   3.92146420       4.03329706       4.05539179    
       10020   3.92146420       4.03329706       4.05482244    
       10080   3.93521428       4.03180170       4.05458641    
       10140   3.93521428       4.03180170       4.05352783    
       10200   3.94825006       4.02928877       4.05252218    
       10260   3.94825006       4.02928877       4.05125570    
       10320   3.95117235       4.02674913       4.04988861    
       10380   3.95939279       4.02674913       4.04953671    
       10440   3.96517849       4.02430820       4.04964447    
       10500   3.96517849       4.02430820       4.04979706    
       10560   3.96948266       4.02154922       4.05064535    
       10620   3.97340012       4.02154922       4.05108595    
       10680   3.97517252       4.01869822       3.99619603    
       10740   3.97517252       4.01869822       3.99771595    
       10800   3.99146676       4.01707649       3.99967647    
       10860   3.98027587       4.01707649       4.00387478    
       10920   3.98403335       4.01740265       4.00830603    
       10980   3.99034476       4.01740265       4.01183605    
       11040   3.99053335       4.01844358       4.01482105    
       11100   3.99506903       4.01844358       4.01739264    
       11160   3.99556661       4.01875782       4.01952267    
       11220   4.00106907       4.01875782       4.02130222    
       11280   4.00110006       4.01772404       4.02354240    
       11340   4.00613785       4.01772404       4.02533007    
       11400   4.00659990       4.01590157       4.02907848    
       11460   4.01806688       4.01590157       4.03414249    
       11520   4.01806688       4.01373768       4.03596401    
       11580   4.03764534       4.01373768       4.03789425    
       11640   4.02580023       4.01159430       4.04052448    
       11700   4.02580023       4.01159430       4.04347277    
       11760   4.03426647       4.00953674       4.04627371    
       11820   4.03426647       4.00953674       4.04902458    
       11880   4.03338718       4.00712204       4.05228996    
       11940   4.04279995       4.00712204       4.05539656    
       12000   4.04996681       4.00400639       4.05868340    
       12060   4.04996681       4.00400639       4.06209040    
       12120   4.05736685       4.00050783       4.06410789    
       12180   4.05736685       4.00050783       4.06698513    
       12240   4.06813335       3.99719214       4.07119703    
       12300   4.06813335       3.99719214       4.07500887    
       12360   4.06813335       3.99393082       4.07936668    
       12420   4.08143330       3.99393082       4.08396244    
       12480   4.08479309       3.99143791       4.08898830    
       12540   4.08479309       3.99143791       4.09165144    
       12600   4.10133314       3.99061656       4.09453821    
       12660   4.09586191       3.99061656       4.09890413    
       12720   4.09663343       3.99129319       4.10316515    
       12780   4.10586214       3.99129319       4.10692263    
       12840   4.10556650       3.99260974       4.11037636    
       12900   4.11406898       3.99260974       4.11344814    
       12960   4.11333323       3.99409819       4.11634493    
       13020   4.12044811       3.99409819       4.11896753    
       13080   4.11763334       3.99557137       4.12151575    
       13140   4.12531042       3.99557137       4.12375116    
       13200   4.12130022       3.99728751       4.12713289    
       13260   4.12699986       3.99728751       4.13121462    
       13320   4.13103437       3.99910688       4.13307095    
       13380   4.16230011       3.99910688       4.13537598    
       13440   4.14310360       4.00098419       4.13870811    
       13500   4.14310360       4.00098419       4.14267731    
       13560   4.14483356       4.00333738       4.14616823    
       13620   4.14824152       4.00333738       4.14959669    
       13680   4.14960003       4.00664520       4.15360641    
       13740   4.15106916       4.00664520       4.15764713    
       13800   4.15360022       4.01114416       4.16172504    
       13860   4.15537930       4.01114416       4.16579103    
       13920   4.16106653       4.01627684       4.16915607    
       13980   4.16548252       4.01627684       4.17324305    
       14040   4.17573357       4.02165842       4.17823124    
       14100   4.18220711       4.02165842       4.18303156    
       14160   4.18976688       4.02788925       4.18820333    
       14220   4.21049976       4.02788925       4.19397449    
       14280   4.21475840       4.03522348       4.25890398    
       14340   4.21475840       4.03522348       4.26566267    
       14400   4.24433327       4.04370785       4.27293062    
       14460   4.23675871       4.04370785       4.28249073    
       14520   4.24816656       4.05373955       4.29221964    
       14580   4.25351715       4.05373955       4.30107403    
       14640   4.26603317       4.06491804       4.31009245    
       14700   4.28323317       4.06491804       4.31917858    
       14760   4.28323317       4.07611942       4.32816315    
       14820   4.29265499       4.07611942       4.33684731    
       14880   4.30116653       4.08739853       4.34481573    
       14940   4.31148291       4.08739853       4.35290146    
       15000   4.31226683       4.09908199       4.36499405    
       15060   4.33543348       4.09908199       4.37780285    
       15120   4.34268951       4.11115217       4.38587809    
       15180   4.36966658       4.11115217       4.39244699    
       15240   4.36086226       4.12343740       4.39851570    
       15300   4.36086226       4.12343740       4.40615749    
       15360   4.36166668       4.13553667       4.41295242    
       15420   4.37296534       4.13553667       4.41863537    
       15480   4.37326670       4.14742136       4.42398500    
       15540   4.38589668       4.14742136       4.42892218    
       15600   4.38523340       4.15855980       4.43445444    
       15660   4.39931011       4.15855980       4.44013071    
       15720   4.40006685       4.16876745       4.44599009    
       15780   4.41637945       4.16876745       4.45246077    
       15840   4.41453314       4.17830944       4.45859671    
       15900   4.42658615       4.17830944       4.46465874    
       15960   4.42586660       4.18804598       4.47112560    
       16020   4.43203211       4.18804598       4.47807550    
       16080   4.44186687       4.19838095       4.48567009    
       16140   4.44186687       4.19838095       4.48874903    
       16200   4.45483875       4.20833111       4.49211121    
       16260   4.45063353       4.20833111       4.49716282    
       16320   4.44561291       4.21763897       4.50278091    
       16380   4.45650005       4.21763897       4.50792646    
       16440   4.45567751       4.22662973       4.51283169    
       16500   4.46763325       4.22662973       4.51795340    
       16560   4.46380663       4.23571682       4.52253675    
       16620   4.47620010       4.23571682       4.52593613    
       16680   4.47067738       4.24459076       4.52943182    
       16740   4.48516655       4.24459076       4.53406668    
       16800   4.47764540       4.25287294       4.54100227    
       16860   4.49306440       4.25287294       4.54759645    
       16920   4.50229979       4.26019001       4.55091524    
       16980   4.53109694       4.26019001       4.55361843    
       17040   4.51316690       4.26797581       4.55639029    
       17100   4.51316690       4.26797581       4.56019735    
       17160   4.51032257       4.27614260       4.56264257    
       17220   4.52083349       4.27614260       4.56466627    
       17280   4.51941919       4.28342581       4.56703997    
       17340   4.52461290       4.28342581       4.56950474    
       17400   4.52461290       4.28976774       4.57218933    
       17460   4.52819347       4.28976774       4.57467461    
       17520   4.52819347       4.29576254       4.57671690    
       17580   4.53493357       4.29576254       4.57911348    
       17640   4.52851629       4.30169249       4.58139753    
       17700   4.53036690       4.30169249       4.58317280    
       17760   4.52312899       4.30799341       4.58464384    
       17820   4.53203249       4.30799341       4.58646202    
       17880   4.52603340       4.31424332       4.54852104    
       17940   4.52603340       4.31424332       4.54066181    
       18000   4.53496790       4.31960964       4.53449392    
       18060   4.51606655       4.31960964       4.53213358    
       18120   4.51367760       4.32423782       4.53107500    
       18180   4.51149988       4.32423782       4.52948904    
       18240   4.50838709       4.32799625       4.52735519    
       18300   4.50436687       4.32799625       4.52471018    
       18360   4.50180006       4.33100080       4.52108574    
       18420   4.50180006       4.33100080       4.51644659    
       18480   4.49912882       4.33424044       4.51223040    
       18540   4.49749994       4.33424044       4.50961065    
       18600   4.49467754       4.33806324       4.51118040    
       18660   4.49767733       4.33806324       4.51242828    
       18720   4.49043322       4.34069443       4.50856018    
       18780   4.51819372       4.34069443       4.50304174    
       18840   4.49706650       4.34295893       4.49921274    
       18900   4.49706650       4.34295893       4.49935102    
       18960   4.48999977       4.34553671       4.50024986    
       19020   4.49350023       4.34553671       4.50023222    
       19080   4.48638725       4.34895849       4.50126600    
       19140   4.48080635       4.34895849       4.50363159    
       19200   4.48080635       4.35380411       4.50626040    
       19260   4.47570992       4.35380411       4.50809240    
       19320   4.47570992       4.36040974       4.50946474    
       19380   4.46858072       4.36040974       4.51077795    
       19440   4.46858072       4.36959696       4.51367474    
       19500   4.47216654       4.36959696       4.51848316    
       19560   4.47216654       4.38001060       4.52239752    
       19620   4.47216654       4.38001060       4.52590370    
       19680   4.46717262       4.39048195       4.53028297    
       19740   4.46717262       4.39048195       4.53112030    
       19800   4.47286654       4.40163851       4.53347301    
       19860   4.44676685       4.40163851       4.53831148    
       19920   4.44676685       4.41406870       4.54412031    
       19980   4.44226646       4.41406870       4.54976702    
       20040   4.44226646       4.42791176       4.55503941    
       20100   4.43363333       4.42791176       4.56063080    
       20160   4.43363333       4.44249773       4.56572294    
       20220   4.43053341       4.44249773       4.57041121    
       20280   4.43053341       4.45742798       4.57698298    
       20340   4.42903328       4.45742798       4.58476496    
       20400   4.42903328       4.47354555       4.59487677    
       20460   4.43623352       4.47354555       4.60473108    
       20520   4.43462086       4.49098015       4.61219454    
       20580   4.45443344       4.49098015       4.61907291    
       20640   4.42199993       4.51021481       4.62717152    
       20700   4.42199993       4.51021481       4.63764048    
       20760   4.41506672       4.53106594       4.64733171    
       20820   4.41472435       4.53106594       4.65604115    
       20880   4.40986681       4.55274963       4.66507578    
       20940   4.40320015       4.55274963       4.67433977    
       21000   4.40503454       4.57475138       4.68335390    
       21060   4.39826679       4.57475138       4.69157982    
       21120   4.40034485       4.59640265       4.69944572    
       21180   4.40034485       4.59640265       4.70822430    
       21240   4.39279985       4.61645031       4.71815777    
       21300   4.39475870       4.61645031       4.72874928    
       21360   4.38923311       4.63610172       4.73848343    
       21420   4.40236664       4.63610172       4.74857998    
       21480   4.39262056       4.65612411       4.42833662    
       21540   4.39262056       4.65612411       4.42483044    
       21600   4.40786648       4.67647457       4.42535782    
       21660   4.39533329       4.67647457       4.42991638    
       21720   4.39533329       4.69806576       4.43481445    
       21780   4.39343357       4.69806576       4.43978262    
       21840   4.39343357       4.72240448       4.44486523    
       21900   4.39356661       4.72240448       4.45112467    
       21960   4.39356661       4.74873495       4.45771980    
       22020   4.39340019       4.74873495       4.46477890    
       22080   4.39340019       4.77621555       4.47312689    
       22140   4.39303350       4.77621555       4.48200417    
       22200   4.39303350       4.80424643       4.49438715    
       22260   4.39686680       4.80424643       4.50505209    
       22320   4.39579296       4.83263588       4.50956678    
       22380   4.42636681       4.83263588       4.51335096    
       22440   4.39448261       4.86154461       4.51900434    
       22500   4.39448261       4.86154461       4.52770519    
       22560   4.40033340       4.88967800       4.53417969    
       22620   4.40903330       4.88967800       4.54024410    
       22680   4.40903330       4.91754627       4.54780436    
       22740   4.41616678       4.91754627       4.55500507    
       22800   4.42331028       4.94432163       4.56205845    
       22860   4.42613316       4.94432163       4.56930828    
       22920   4.43365526       4.96937847       4.57725668    
       22980   4.44106674       4.96937847       4.58587170    
       23040   4.44934464       4.99324131       4.59556913    
       23100   4.45086670       4.99324131       4.60766792    
       23160   4.45086670       5.01652575       4.61831951    
       23220   4.46645164       5.01652575       4.62907553    
       23280   4.46850014       5.04076719       4.64093161    
       23340   4.46850014       5.04076719       4.64860201    
       23400   4.54587078       5.06712437       4.65919209    
       23460   4.54935503       5.06712437       4.67233515    
       23520   4.56563330       5.09459496       4.68546629    
       23580   4.56912899       5.09459496       4.69817019    
       23640   4.58276653       5.12266636       4.71037149    
       23700   4.58276653       5.12266636       4.72289467    
       23760   4.59693098       5.15088987       4.73472691    
       23820   4.59693098       5.15088987       4.74618292    
       23880   4.60910702       5.17809772       4.76003981    
       23940   4.60910702       5.17809772       4.77432442    
       24000   4.62203693       5.20397854       4.79074621    
       24060   4.62203693       5.20397854       4.80598354    
       24120   4.62796164       5.22906208       4.81813288    
       24180   4.62796164       5.22906208       4.82988119    
       24240   4.61191988       5.25534630       4.84273815    
       24300   4.66623068       5.25534630       4.85784912    
       24360   4.68766689       5.28254604       4.87116623    
       24420   4.70588446       5.28254604       4.88467455    
       24480   4.72955561       5.30828905       4.89986229    
       24540   4.74726915       5.30828905       4.91535711    
       24600   4.78184605       5.33261681       4.93126392    
       24660   4.78184605       5.33261681       4.94701195    
       24720   4.81930780       5.35730886       4.96279001    
       24780   4.81930780       5.35730886       4.97952461    
       24840   4.83088875       5.38274670       4.99681807    
       24900   4.85615396       5.38274670       5.01468515    
       24960   4.85615396       5.40996170       5.03120661    
       25020   4.89688444       5.40996170       5.04827118    
       25080   4.90475988       5.43763542       5.02547312    
       25140   4.90475988       5.43763542       5.02729845    
       25200   4.93326902       5.46572971       5.03512430    
       25260   4.93660021       5.46572971       5.04671144    
       25320   4.95728016       5.49477482       5.05958033    
       25380   4.95728016       5.49477482       5.07524729    
       25440   4.97747993       5.52503300       5.08905411    
       25500   4.97747993       5.52503300       5.10197353    
       25560   5.00324011       5.55516720       5.11509562    
       25620   5.00324011       5.55516720       5.12933922    
       25680   5.03435993       5.58549643       5.14423132    
       25740   5.03435993       5.58549643       5.16014147    
       25800   5.07503986       5.61706305       5.18010426    
       25860   5.10369253       5.61706305       5.20087385    
       25920   5.12684011       5.64972067       5.21428108    
       25980   5.19015408       5.64972067       5.22996807    
       26040   5.18523979       5.68246269       5.24291849    
       26100   5.18523979       5.68246269       5.26189899    
       26160   5.20330763       5.71619606       5.27684927    
       26220   5.22864008       5.71619606       5.29256964    
       26280   5.27496004       5.75100040       5.31038809    
       26340   5.27496004       5.75100040       5.32880211    
       26400   5.32564020       5.78521824       5.34777784    
       26460   5.32564020       5.78521824       5.36674833    
       26520   5.37684011       5.81987572       5.38576317    
       26580   5.37684011       5.81987572       5.40462828    
       26640   5.42587996       5.85625839       5.42294645    
       26700   5.42587996       5.85625839       5.44184065    
       26760   5.49527979       5.89375114       5.46061087    
       26820   5.52449989       5.89375114       5.47838926    
       26880   5.54812002       5.93088102       5.49651814    
       26940   5.54812002       5.93088102       5.50792074    
       27000   5.58469248       5.96740150       5.52477980    
       27060   5.53340006       5.96740150       5.54180098    
       27120   5.58103991       6.00321198       5.55975103    
       27180   5.58103991       6.00321198       5.57942343    
       27240   5.62743998       6.03938055       5.59827566    
       27300   5.62743998       6.03938055       5.61687183    
       27360   5.63119221       6.07620621       5.63646126    
       27420   5.63119221       6.07620621       5.65713263    
       27480   5.65374088       6.11383486       5.67860317    
       27540   5.65374088       6.11383486       5.69900465    
       27600   5.67014265       6.15389442       5.72138309    
       27660   5.71124125       6.15389442       5.74368000    
       27720   5.71124125       6.19673061       5.76078320    
       27780   5.78560019       6.19673061       5.77796698    
       27840   5.78560019       6.24042273       5.79455328    
       27900   5.78560019       6.24042273       5.81533957    
       27960   5.80049992       6.28232861       5.83402157    
       28020   5.81965494       6.28232861       5.85340834    
       28080   5.84149981       6.32121181       5.87448692    
       28140   5.85862064       6.32121181       5.89562654    
       28200   5.87416649       6.35950136       5.91821718    
       28260   5.89824152       6.35950136       5.94086838    
       28320   5.91760015       6.40012360       5.96358061    
       28380   5.94317245       6.40012360       5.98792124    
       28440   5.96423340       6.44275379       6.01330853    
       28500   5.99293089       6.44275379       6.03912687    
       28560   6.01986647       6.48774719       6.06568241    
       28620   6.08109665       6.48774719       6.09288454    
       28680   6.10753345       6.53515673       6.21960926    
       28740   6.10753345       6.53515673       6.24802017    
       28800   6.16951609       6.58535004       6.28618336    
       28860   6.18696690       6.58535004       6.32567167    
       28920   6.22506428       6.63852024       6.36361742    
       28980   6.26776648       6.63852024       6.39904642    
       29040   6.30254841       6.69427252       6.43126297    
       29100   6.37841940       6.69427252       6.46622181    
       29160   6.37841940       6.75111675       6.50358820    
       29220   6.45370960       6.75111675       6.53777504    
       29280   6.45370960       6.80616093       6.56868839    
       29340   6.52061272       6.80616093       6.60137367    
       29400   6.52061272       6.86001921       6.64130878    
       29460   6.59970951       6.86001921       6.68304443    
       29520   6.62570000       6.91283894       6.71827555    
       29580   6.71596766       6.91283894       6.75206518    
       29640   6.71406651       6.96487761       6.78189182    
       29700   6.74935484       6.96487761       6.81747389    
       29760   6.74935484       7.01684046       6.84854698    
       29820   6.82032251       7.01684046       6.88154650    
       29880   6.82032251       7.06851959       6.91453218    
       29940   6.89116144       7.06851959       6.94678068    
       30000   6.89116144       7.11925650       6.97886372    
       30060   6.95993567       7.11925650       7.00861692    
       30120   6.95993567       7.17052269       7.03873634    
       30180   7.03093529       7.17052269       7.06894112    
       30240   7.03093529       7.22290611       7.10037613    
       30300   7.06923342       7.22290611       7.13772106    
       30360   7.06923342       7.27448893       7.17489195    
       30420   7.12283325       7.27448893       7.20830297    
       30480   7.15275860       7.32537317       7.24304485    
       30540   7.15275860       7.32537317       7.27072144    
       30600   7.17293310       7.37639523       7.30256319    
       30660   7.19846678       7.37639523       7.33271217    
       30720   7.19846678       7.42847872       7.36333132    
       30780   7.25943327       7.42847872       7.39281178    
       30840   7.25943327       7.47980642       7.42035246    
       30900   7.33169985       7.47980642       7.44917822    
       30960   7.33169985       7.52884007       7.47812700    
       31020   7.38710356       7.52884007       7.50361586    
       31080   7.40850019       7.57613182       7.52893257    
       31140   7.44879293       7.57613182       7.55545521    
       31200   7.47079992       7.62221336       7.58606625    
       31260   7.56046677       7.62221336       7.61597300    
       31320   7.58455181       7.66629791       7.64206266    
       31380   7.65670013       7.66629791       7.66800785    
       31440   7.64686203       7.70813274       7.69250107    
       31500   7.65756655       7.70813274       7.72075939    
       31560   7.65756655       7.74930000       7.74422026    
       31620   7.70989990       7.74930000       7.76779413    
       31680   7.70989990       7.79059649       7.79168892    
       31740   7.75248289       7.79059649       7.81524181    
       31800   7.76560020       7.83268929       7.83837271    
       31860   7.81527567       7.83268929       7.85788059    
       31920   7.83233356       7.87438250       7.87578869    
       31980   7.89773321       7.87438250       7.89463949    
       32040   7.89773321       7.91373444       7.91355181    
       32100   7.96886683       7.91373444       7.93390560    
       32160   7.96886683       7.95106506       7.95221138    
       32220   8.05743313       7.95106506       7.96791363    
       32280   8.06224155       7.98554754       8.14841080    
       32340   8.06224155       7.98554754       8.16921329    
       32400   8.12413311       8.01699638       8.19055653    
       32460   8.12741375       8.01699638       8.21656704    
       32520   8.16036701       8.04583645       8.24199581    
       32580   8.18768978       8.04583645       8.26793861    
       32640   8.21730042       8.07274055       8.29539680    
       32700   8.27206707       8.07274055       8.32265854    
       32760   8.30758667       8.09759617       8.34713364    
       32820   8.33223343       8.09759617       8.36776733    
       32880   8.36448288       8.12020302       8.39048290    
       32940   8.38906670       8.12020302       8.41986370    
       33000   8.42724133       8.14316940       8.45254993    
       33060   8.46003342       8.14316940       8.48091793    
       33120   8.48013783       8.16555691       8.49574471    
       33180   8.54963303       8.16555691       8.50655079    
       33240   8.51948261       8.18721581       8.52559280    
       33300   8.51948261       8.18721581       8.54893303    
       33360   8.56437969       8.20828438       8.56937504    
       33420   8.58349991       8.20828438       8.58885860    
       33480   8.60862064       8.22881889       8.60943699    
       33540   8.62726688       8.22881889       8.63044167    
       33600   8.65258598       8.24910450       8.64976215    
       33660   8.67636681       8.24910450       8.66705990    
       33720   8.70362091       8.27023411       8.68683624    
       33780   8.74926662       8.27023411       8.70705414    
       33840   8.77548313       8.29164314       8.73014545    
       33900   8.78856659       8.29164314       8.75158882    
       33960   8.78856659       8.31201553       8.76705647    
       34020   8.81248379       8.31201553       8.78222275    
       34080   8.84496689       8.33307552       8.80052090    
       34140   8.84496689       8.33307552       8.81263733    
       34200   8.87493515       8.35364437       8.82563210    
       34260   8.90819359       8.35364437       8.84225750    
       34320   8.96296692       8.37388229       8.85932350    
       34380   8.95758057       8.37388229       8.87680721    
       34440   8.99730015       8.39365101       8.89493561    
       34500   8.99730015       8.39365101       8.91219139    
       34560   9.02453327       8.41342735       8.92710876    
       34620   9.02453327       8.41342735       8.94080639    
       34680   9.00293541       8.43323135       8.95750809    
       34740   9.03540039       8.43323135       8.97701073    
       34800   9.01225853       8.45306683       8.99764729    
       34860   9.04236698       8.45306683       9.01615524    
       34920   9.05062103       8.47408390       9.02714348    
       34980   9.09236622       8.47408390       9.03405190    
       35040   9.06972408       8.49582577       9.04636383    
       35100   9.06972408       8.49582577       9.06247616    
       35160   9.09375858       8.51733875       9.07528305    
       35220   9.09375858       8.51733875       9.08752155    
       35280   9.11541367       8.53752995       9.10140133    
       35340   9.11541367       8.53752995       9.11572361    
       35400   9.10073376       8.55792427       9.12834358    
       35460   9.13365555       8.55792427       9.13942051    
       35520   9.12326622       8.57898235       9.15223789    
       35580   9.15072441       8.57898235       9.16734409    
       35640   9.16831017       8.60050964       9.18383503    
       35700   9.16831017       8.60050964       9.19805431    
       35760   9.18193150       8.62310314       9.20879173    
       35820   9.20453358       8.62310314       9.22181129    
       35880   9.19579315       8.64678764       9.25950527    
       35940   9.19579315       8.64678764       9.26088142    
       36000   9.23083305       8.67205811       9.26814079    
       36060   9.20710373       8.67205811       9.27764893    
       36120   9.21063328       8.69899845       9.28420639    
       36180   9.21630001       8.69899845       9.29219627    
       36240   9.21630001       8.72667408       9.30093479    
       36300   9.22480011       8.72667408       9.30692196    
       36360   9.23293114       8.75256634       9.30872917    
       36420   9.23786640       8.75256634       9.30867958    
       36480   9.24444866       8.77715683       9.31154251    
       36540   9.25116634       8.77715683       9.31719780    
       36600   9.25631046       8.80094433       9.32389736    
       36660   9.25631046       8.80094433       9.33008003    
       36720   9.25078583       8.82362843       9.32813454    
       36780   9.25078583       8.82362843       9.32831669    
       36840   9.20211124       8.84503555       9.33253956    
       36900   9.20211124       8.84503555       9.33734035    
       36960   9.21392822       8.86578274       9.33995533    
       37020   9.22782135       8.86578274       9.34364414    
       37080   9.23114777       8.88715172       9.34665775    
       37140   9.24414253       8.88715172       9.35007286    
       37200   9.24696255       8.90951633       9.35413265    
       37260   9.25532150       8.90951633       9.35699368    
       37320   9.25122261       8.93255520       9.36017132    
       37380   9.25864315       8.93255520       9.36305523    
       37440   9.22848129       8.95569324       9.36782932    
       37500   9.22848129       8.95569324       9.37294579    
       37560   9.23396301       8.97874737       9.37834930    
       37620   9.23396301       8.97874737       9.38328838    
       37680   9.22257710       9.00258255       9.38899231    
       37740   9.22257710       9.00258255       9.38864422    
       37800   9.24429607       9.02597332       9.39205170    
       37860   9.22392273       9.02597332       9.39744568    
       37920   9.22780800       9.04954529       9.40112877    
       37980   9.22780800       9.04954529       9.40586853    
       38040   9.23403835       9.07195854       9.41123581    
       38100   9.23403835       9.07195854       9.41536713    
       38160   9.23870373       9.09322357       9.41770363    
       38220   9.25484657       9.09322357       9.41849804    
       38280   9.26599979       9.11362934       9.42178726    
       38340   9.30103874       9.11362934       9.42726517    
       38400   9.31492615       9.13374615       9.43333244    
       38460   9.35326958       9.13374615       9.43856812    
       38520   9.35326958       9.15382385       9.44001007    
       38580   9.35326958       9.15382385       9.44374561    
       38640   9.31527996       9.17288780       9.45063210    
       38700   9.34211540       9.17288780       9.45771027    
       38760   9.34211540       9.19198895       9.46290493    
       38820   9.40096188       9.19198895       9.46970844    
       38880   9.40096188       9.21206665       9.47715855    
       38940   9.47046185       9.21206665       9.48420906    
       39000   9.47046185       9.23377705       9.49139118    
       39060   9.50228024       9.23377705       9.49839211    
       39120   9.54996109       9.25601959       9.50542450    
       39180   9.62484646       9.25601959       9.51275349    
       39240   9.62484646       9.27875233       9.52128792    
       39300   9.65180016       9.27875233       9.53002644    
       39360   9.65180016       9.30167103       9.53905869    
       39420   9.67462540       9.30167103       9.54877186    
       39480   9.66656494       9.32479668       9.83938217    
       39540   9.66656494       9.32479668       9.86104393    
       39600   9.74783325       9.34916306       9.88918400    
       39660   9.76533318       9.34916306       9.91961765    
       39720   9.76533318       9.37450218       9.94923019    
       39780   9.78499985       9.37450218       9.97907162    
       39840   9.85017395       9.39869881       10.0081511    
       39900   9.88391685       9.39869881       10.0352383    
       39960   9.90795612       9.42174435       10.0641508    
       40020   9.94408321       9.42174435       10.0970440    
       40080   9.96856499       9.44501877       10.1316700    
       40140   10.0065002       9.44501877       10.1651306    
       40200   10.0308695       9.47062111       10.1959209    
       40260   10.0308695       9.47062111       10.2204552    
       40320   10.0308695       9.49744320       10.2384777    
       40380   10.0308695       9.49744320       10.2589483    
       40440   10.0308695       9.52281570       10.2839260    
       40500   10.0579166       9.52281570       10.3115387    
       40560   10.0579166       9.54804420       10.3368225    
       40620   10.1013746       9.54804420       10.3624458    
       40680   10.1275654       9.57355881       10.3880920    
       40740   10.1405830       9.57355881       10.4144182    
       40800   10.1643047       9.59748554       10.4408035    
       40860   10.1697083       9.59748554       10.4661407    
       40920   10.1996517       9.62004471       10.4918375    
       40980   10.1949167       9.62004471       10.5176229    
       41040   10.2269135       9.64301205       10.5429077    
       41100   10.2269135       9.64301205       10.5651598    
       41160   10.2269135       9.66548347       10.5837584    
       41220   10.2683182       9.66548347       10.6021490    
       41280   10.2683182       9.68610668       10.6212997    
       41340   10.2683182       9.68610668       10.6383018    
       41400   10.2957392       9.70536613       10.6598005    
       41460   10.3178635       9.70536613       10.6822424    
       41520   10.3122177       9.72531414       10.7036686    
       41580   10.3768635       9.72531414       10.7236519    
       41640   10.3719997       9.74651718       10.7413263    
       41700   10.4362726       9.74651718       10.7568293    
       41760   10.4300432       9.76729965       10.7725906    
       41820   10.4786816       9.76729965       10.7900925    
       41880   10.4899569       9.78535080       10.8086252    
       41940   10.5324087       9.78535080       10.8251410    
       42000   10.5432606       9.80201340       10.8390274    
       42060   10.5826817       9.80201340       10.8486605    
       42120   10.5826817       9.81852722       10.8554049    
       42180   10.5826817       9.81852722       10.8634663    
       42240   10.5826817       9.83320141       10.8742085    
       42300   10.5892611       9.83320141       10.8860903    
       42360   10.6154547       9.84611034       10.8957081    
       42420   10.6297388       9.84611034       10.9055548    
       42480   10.6494999       9.85931110       10.9147768    
       42540   10.6688261       9.85931110       10.9232416    
       42600   10.6775913       9.87297630       10.9317856    
       42660   10.6962175       9.87297630       10.9399300    
       42720   10.6962175       9.88614464       10.9480362    
       42780   10.6941366       9.88614464       10.9569035    
       42840   10.7290459       9.89859295       10.9652882    
       42900   10.7290459       9.89859295       10.9708853    
       42960   10.7290459       9.91064548       10.9732113    
       43020   10.7290459       9.91064548       10.9750633    
       43080   10.7290459       9.92260647       10.7964563    
       43140   10.7290459       9.92260647       10.7952423    
       43200   10.7290459       9.93377686       10.7945576    
       43260   10.6867619       9.93377686       10.7971506    
       43320   10.7406187       9.94176006       10.7996159    
       43380   10.7819548       9.94176006       10.8011637    
       43440   10.7819548       9.94496822       10.8002853    
       43500   10.8286362       9.94496822       10.7983694    
       43560   10.8366671       9.94593716       10.7979326    
       43620   10.8812275       9.94593716       10.7980690    
       43680   10.8862858       9.94700050       10.7974482    
       43740   10.8862858       9.94700050       10.7966537    
       43800   10.9496193       9.94827652       10.7953396    
       43860   10.9496193       9.94827652       10.7942123    
       43920   10.9496193       9.94676590       10.7913389    
       43980   10.9496193       9.94676590       10.7869883    
       44040   10.9496193       9.94294071       10.7835255    
       44100   10.9777727       9.94294071       10.7811737    
       44160   10.9919519       9.93917084       10.7782974    
       44220   11.0374088       9.93917084       10.7746325    
       44280   11.0593805       9.93480778       10.7713194    
       44340   11.1505909       9.93480778       10.7673330    
       44400   11.1844282       9.92949200       10.7631712    
       44460   11.2779093       9.92949200       10.7591257    
       44520   11.3247623       9.92542744       10.7559299    
       44580   11.4027271       9.92542744       10.7531023    
       44640   11.4654284       9.92182350       10.7499638    
       44700   11.4654284       9.92182350       10.7468061    
       44760   11.4654284       9.91681004       10.7438326    
       44820   11.4654284       9.91681004       10.7407007    
       44880   11.4654284       9.91203690       10.7370415    
       44940   11.4654284       9.91203690       10.7319593    
       45000   11.4654284       9.90966702       10.7273712    
       45060   11.5112858       9.90966702       10.7250319    
       45120   11.5112858       9.90859699       10.7225132    
       45180   11.5954762       9.90859699       10.7198610    
       45240   11.5954762       9.90785980       10.7167616    
       45300   11.6619997       9.90785980       10.7141619    
       45360   11.6619997       9.90624619       10.7125492    
       45420   11.7340527       9.90624619       10.7110748    
       45480   11.7340527       9.90575123       10.7090893    
       45540   11.7893887       9.90575123       10.7071924    
       45600   11.7893887       9.90799046       10.7049294    
       45660   11.8486471       9.90799046       10.7024040    
       45720   11.8486471       9.91027164       10.6984863    
       45780   11.8486471       9.91027164       10.6932907    
       45840   11.8486471       9.91124630       10.6887598    
       45900   11.8723888       9.91124630       10.6847429    
       45960   11.9393530       9.91175842       10.6800079    
       46020   11.8967218       9.91175842       10.6746073    
       46080   11.9527645       9.91132641       10.6697664    
       46140   11.9527645       9.91132641       10.6651716    
       46200   11.9668827       9.90886402       10.6609039    
       46260   11.9668827       9.90886402       10.6564684    
       46320   11.9631767       9.90598392       10.6520519    
       46380   11.9056664       9.90598392       10.6478367    
       46440   11.9056664       9.90404606       10.6432953    
       46500   11.9273529       9.90404606       10.6383553    
       46560   11.9273529       9.90177059       10.6331253    
       46620   11.9273529       9.90177059       10.6278439    
       46680   11.9273529       9.89913273       11.9158115    
       46740   11.9273529       9.89913273       11.9051886    
       46800   11.9273529       9.89513493       11.8964796    
       46860   11.9273529       9.89513493       11.8889904    
       46920   11.8853893       9.89029217       11.8798103    
       46980   11.8905296       9.89029217       11.8707905    
       47040   11.8634710       9.88484859       11.8618698    
       47100   11.8634710       9.88484859       11.8521500    
       47160   11.8212357       9.88238430       11.8400106    
       47220   11.8212357       9.88238430       11.8255053    
       47280   11.7779408       9.88166046       11.8099642    
       47340   11.7779408       9.88166046       11.7942829    
       47400   11.7421665       9.88038826       11.7790928    
       47460   11.7147055       9.88038826       11.7649908    
       47520   11.7147055       9.87860680       11.7513180    
       47580   11.7147055       9.87860680       11.7399015    
       47640   11.7147055       9.87604332       11.7274017    
       47700   11.7622776       9.87604332       11.7118769    
       47760   11.7736473       9.87441444       11.6963501    
       47820   11.7736473       9.87441444       11.6822453    
       47880   11.7938232       9.87319660       11.6699352    
       47940   11.7938232       9.87319660       11.6568327    
       48000   11.7467060       9.87250710       11.6414604    
       48060   11.7765560       9.87250710       11.6242933    
       48120   11.6904116       9.87159824       11.6063337    
       48180   11.7493887       9.87159824       11.5871334    
       48240   11.6734705       9.86914158       11.5673590    
       48300   11.6734705       9.86914158       11.5479193    
       48360   11.6734705       9.86435413       11.5291557    
       48420   11.6734705       9.86435413       11.5094385    
       48480   11.6734705       9.85703373       11.4877844    
       48540   11.6734705       9.85703373       11.4651051    
       48600   11.6734705       9.84854412       11.4435997    
       48660   11.7597780       9.84854412       11.4220018    
       48720   11.7537651       9.83844090       11.3984003    
       48780   11.7537651       9.83844090       11.3759375    
       48840   11.8206472       9.82608604       11.3547115    
       48900   11.8206472       9.82608604       11.3341179    
       48960   11.8827219       9.81107426       11.3128891    
       49020   11.8827219       9.81107426       11.2915363    
       49080   11.9426317       9.79627991       11.2708244    
       49140   11.9426317       9.79627991       11.2512522    
       49200   11.9835501       9.78215694       11.2323093    
       49260   11.9835501       9.78215694       11.2145367    
       49320   11.9835501       9.76859283       11.1973486    
       49380   11.9835501       9.76859283       11.1813211    
       49440   11.9835501       9.75766850       11.1650019    
       49500   11.9835501       9.75766850       11.1472054    
       49560   12.0104504       9.74737263       11.1299925    
       49620   12.0104504       9.74737263       11.1141043    
       49680   12.0943499       9.73684311       11.0996256    
       49740   12.0943499       9.73684311       11.0844564    
       49800   12.1328573       9.72715187       11.0682554    
       49860   12.1728001       9.72715187       11.0517607    
       49920   12.2065716       9.71800041       11.0355120    
       49980   12.2647495       9.71800041       11.0191774    
       50040   12.3682003       9.70808887       11.0028725    
       50100   12.3682003       9.70808887       10.9874916    
       50160   12.3682003       9.69631577       10.9732342    
       50220   12.3682003       9.69631577       10.9588995    
       50280   12.3682003       9.68400764       12.4683685    
       50340   12.3682003       9.68400764       12.4983673    
       50400   12.3682003       9.67086792       12.5284519    
       50460   12.3682003       9.67086792       12.5584106    
       50520   12.3999519       9.65738297       12.5886698    
       50580   12.4613504       9.65738297       12.6196127    
       50640   12.4905233       9.64410114       12.6492767    
       50700   12.5555496       9.64410114       12.6785393    
       50760   12.5899525       9.63360119       12.7081852    
       50820   12.6647501       9.63360119       12.7375689    
       50880   12.7027140       9.62495327       12.7664099    
       50940   12.7838001       9.62495327       12.7948666    
       51000   12.7979050       9.61595440       12.8229618    
       51060   12.8810997       9.61595440       12.8500128    
       51120   12.8810997       9.60709476       12.8752050    
       51180   12.8810997       9.60709476       12.8983126    
       51240   12.8810997       9.59838581       12.9188738    
       51300   12.9030952       9.59838581       12.9411240    
       51360   12.9196997       9.58992290       12.9655342    
       51420   12.9419050       9.58992290       12.9879189    
       51480   12.9419050       9.58051777       13.0082197    
       51540   12.9896669       9.58051777       13.0268993    
       51600   12.9896669       9.57027245       13.0451756    
       51660   13.0448093       9.57027245       13.0644884    
       51720   13.0828505       9.56120396       13.0848379    
       51780   13.1099997       9.56120396       13.1052713    
       51840   13.1279001       9.55361366       13.1252127    
       51900   13.1279001       9.55361366       13.1446209    
       51960   13.1279001       9.54720783       13.1637087    
       52020   13.1279001       9.54720783       13.1820135    
       52080   13.1279001       9.54456997       13.2001734    
       52140   13.1279001       9.54456997       13.2180767    
       52200   13.1279001       9.54509354       13.2348347    
       52260   13.1417618       9.54509354       13.2497578    
       52320   13.1374998       9.54741669       13.2639399    
       52380   13.1403809       9.54741669       13.2780428    
       52440   13.1403809       9.54884243       13.2903862    
       52500   13.1360950       9.54884243       13.3016043    
       52560   13.1360950       9.54906940       13.3116989    
       52620   13.1420002       9.54906940       13.3206844    
       52680   13.1420002       9.54831600       13.3291426    
       52740   13.1336193       9.54831600       13.3370523    
       52800   13.1336193       9.54558086       13.3442736    
       52860   13.1522503       9.54558086       13.3512793    
       52920   13.1522503       9.54123592       13.3572388    
       52980   13.1522503       9.54123592       13.3623924    
       53040   13.1522503       9.53645515       13.3672199    
       53100   13.1522503       9.53645515       13.3737526    
       53160   13.1288576       9.53051662       13.3816414    
       53220   13.1445999       9.53051662       13.3883419    
       53280   13.1177616       9.52570915       13.3937979    
       53340   13.1311502       9.52570915       13.3985386    
       53400   13.1078568       9.52341080       13.4035892    
       53460   13.1181002       9.52341080       13.4092350    
       53520   13.0990477       9.52351665       13.4149742    
       53580   13.1099005       9.52351665       13.4204130    
       53640   13.0864286       9.52410507       13.4254475    
       53700   13.0909004       9.52410507       13.4302330    
       53760   13.0909004       9.52557945       13.4349318    
       53820   13.0909004       9.52557945       13.4394550    
       53880   13.0909004       9.52811813       13.1006546    
       53940   13.0909004       9.52811813       13.1030998    
       54000   13.0909004       9.53126049       13.1040268    
       54060   13.0909004       9.53126049       13.1026688    
       54120   13.0999527       9.53604984       13.1000786    
       54180   13.1032000       9.53604984       13.0966940    
       54240   13.0967617       9.54356956       13.0940104    
       54300   13.0979004       9.54356956       13.0917082    
       54360   13.0916662       9.55078793       13.0885010    
       54420   13.0823498       9.55078793       13.0847673    
       54480   13.0796194       9.55441189       13.0820694    
       54540   13.0605001       9.55441189       13.0800714    
       54600   13.0390472       9.55595112       13.0782175    
       54660   13.0369997       9.55595112       13.0765266    
       54720   13.0369997       9.55934811       13.0747852    
       54780   13.0369997       9.55934811       13.0731030    
       54840   13.0369997       9.56375027       13.0718956    
       54900   13.0369997       9.56375027       13.0708113    
       54960   13.0215502       9.56704998       13.0693464    
       55020   13.0215502       9.56704998       13.0676174    
       55080   13.0066500       9.56991577       13.0666504    
       55140   13.0066500       9.56991577       13.0661869    
       55200   12.9897499       9.57337284       13.0654736    
       55260   12.9897499       9.57337284       13.0645056    
       55320   12.9677496       9.57806969       13.0632610    
       55380   12.9677496       9.57806969       13.0616083    
       55440   12.9349003       9.58275318       13.0595379    
       55500   12.9349003       9.58275318       13.0578947    
       55560   12.9349003       9.58679676       13.0566120    
       55620   12.9349003       9.58679676       13.0552244    
       55680   12.9349003       9.59104061       13.0535851    
       55740   12.9349003       9.59104061       13.0519810    
       55800   12.9349003       9.59361935       13.0503063    
       55860   12.9349003       9.59361935       13.0486536    
       55920   12.9077501       9.59497547       13.0478621    
       55980   12.9079046       9.59497547       13.0485392    
       56040   12.8934002       9.59395695       13.0510168    
       56100   12.8936186       9.59395695       13.0541315    
       56160   12.8881502       9.59444714       13.0568628    
       56220   12.8860474       9.59444714       13.0598011    
       56280   12.8772497       9.59839058       13.0637360    
       56340   12.8773336       9.59839058       13.0678854    
       56400   12.8789501       9.60554600       13.0718689    
       56460   12.8789501       9.60554600       13.0757685    
       56520   12.8789501       9.61459160       13.0793657    
       56580   12.8789501       9.61459160       13.0827122    
       56640   12.8789501       9.62490082       13.0862827    
       56700   12.8789501       9.62490082       13.0898800    
       56760   12.8647623       9.63379765       13.0935135    
       56820   12.8749504       9.63379765       13.0973310    
       56880   12.8581429       9.64098644       13.1013680    
       56940   12.8719997       9.64098644       13.1057262    
       57000   12.8544283       9.64883327       13.1097984    
       57060   12.8650503       9.64883327       13.1136494    
       57120   12.8495712       9.65786934       13.1170473    
       57180   12.8561497       9.65786934       13.1200914    
       57240   12.8420954       9.66607189       13.1226797    
       57300   12.8533497       9.66607189       13.1252108    
       57360   12.8533497       9.67353058       13.1278439    
       57420   12.8533497       9.67353058       13.1302977    
       57480   12.8533497       9.67943573       12.8365297    
       57540   12.8533497       9.67943573       12.8313513    
       57600   12.8533497       9.68364239       12.8265772    
       57660   12.8453808       9.68364239       12.8235607    
       57720   12.8453808       9.68728733       12.8221693    
       57780   12.8235998       9.68728733       12.8221321    
       57840   12.8132858       9.69120121       12.8227291    
       57900   12.7933807       9.69120121       12.8223381    
       57960   12.7933807       9.69566822       12.8213959    
       58020   12.7708092       9.69566822       12.8210707    
       58080   12.7708092       9.70324135       12.8210526    
       58140   12.7428570       9.70324135       12.8204584    
       58200   12.7428570       9.71382523       12.8192024    
       58260   12.7495003       9.71382523       12.8176365    
       58320   12.7495003       9.72331715       12.8162088    
       58380   12.7495003       9.72331715       12.8147230    
       58440   12.7495003       9.73008442       12.8138304    
       58500   12.7299528       9.73008442       12.8130627    
       58560   12.7299528       9.73480701       12.8124781    
       58620   12.6945715       9.73480701       12.8120184    
       58680   12.6945715       9.73945141       12.8116465    
       58740   12.6552382       9.73945141       12.8111038    
       58800   12.6552382       9.74510860       12.8107853    
       58860   12.6190948       9.74510860       12.8110418    
       58920   12.6190948       9.74938297       12.8113728    
       58980   12.5843334       9.74938297       12.8117466    
       59040   12.5843334       9.75453854       12.8118372    
       59100   12.5637503       9.75453854       12.8115826    
       59160   12.5637503       9.76082802       12.8108444    
       59220   12.5637503       9.76082802       12.8097534    
       59280   12.5637503       9.76537991       12.8089809    
       59340   12.5637503       9.76537991       12.8091288    
       59400   12.5637503       9.76807976       12.8096571    
       59460   12.5559998       9.76807976       12.8105001    
       59520   12.5559998       9.76993370       12.8114929    
       59580   12.5354757       9.76993370       12.8119478    
       59640   12.5166998       9.77344322       12.8130198    
       59700   12.5142860       9.77344322       12.8143139    
       59760   12.4951000       9.77797794       12.8156433    
       59820   12.4951000       9.77797794       12.8176699    
       59880   12.4801998       9.78121090       12.8196430    
       59940   12.4801998       9.78121090       12.8213282    
       60000   12.4633999       9.78788471       12.8229561    
       60060   12.4633999       9.78788471       12.8245955    
       60120   12.4633999       9.79386902       12.8261633    
       60180   12.4633999       9.79386902       12.8276978    
       60240   12.4633999       9.79860306       12.8293400    
       60300   12.4633999       9.79860306       12.8303938    
       60360   12.4657145       9.80308247       12.8313980    
       60420   12.4599504       9.80308247       12.8320503    
       60480   12.4619522       9.80693817       12.8317013    
       60540   12.4589500       9.80693817       12.8305731    
       60600   12.4591904       9.81079960       12.8290997    
       60660   12.4569998       9.81079960       12.8278046    
       60720   12.4568090       9.81300259       12.8258648    
       60780   12.4526501       9.81300259       12.8233871    
       60840   12.4517622       9.81206703       12.8206835    
       60900   12.4462996       9.81206703       12.8178911    
       60960   12.4462996       9.80995655       12.8154306    
       61020   12.4462996       9.80995655       12.8131456    
