 20190414
 Seconds  Measures(SEE-arcsec)  Meso-NH(SEE-arcsec)  FORECAST_AR(SEE-arcsec)
       25080  0.794756770      0.630306125      0.581929266    
       25140  0.794756770      0.630306125      0.577777207    
       25200  0.810000002      0.624866903      0.573137641    
       25260  0.819256425      0.624866903      0.568015754    
       25320  0.819256425      0.619473994      0.562208772    
       25380  0.827024996      0.619473994      0.555538118    
       25440  0.836439013      0.612441719      0.548161328    
       25500  0.842547596      0.612441719      0.540444314    
       25560  0.842547596      0.602364600      0.532626629    
       25620  0.850000024      0.602364600      0.525484681    
       25680  0.858272731      0.589608073      0.519063950    
       25740  0.864933312      0.589608073      0.512786746    
       25800  0.867295444      0.576376438      0.506672382    
       25860  0.872111082      0.576376438      0.500779629    
       25920  0.883488894      0.565793931      0.495149702    
       25980  0.888044417      0.565793931      0.489779860    
       26040  0.893000007      0.555890977      0.484763920    
       26100  0.893800020      0.555890977      0.480764061    
       26160  0.898444474      0.546849310      0.478005022    
       26220  0.904555559      0.546849310      0.476266950    
       26280  0.904555559      0.539168477      0.475370377    
       26340  0.913466692      0.539168477      0.475001007    
       26400  0.925599992      0.536227763      0.474623471    
       26460  0.925804377      0.536227763      0.473830104    
       26520  0.933133304      0.536505222      0.472668350    
       26580  0.939733326      0.536505222      0.470827132    
       26640  0.945599973      0.536802948      0.468488574    
       26700  0.953045428      0.536802948      0.465726048    
       26760  0.954200029      0.535596192      0.462730795    
       26820  0.963488877      0.535596192      0.459821284    
       26880  0.967933357      0.532406449      0.457073778    
       26940  0.975644469      0.532406449      0.455040276    
       27000  0.975644469      0.528180718      0.453326464    
       27060  0.981511116      0.528180718      0.452048182    
       27120  0.987886369      0.524532020      0.451125830    
       27180  0.996863663      0.524532020      0.449862212    
       27240  0.995800018      0.522137165      0.448780745    
       27300   1.00488639      0.522137165      0.447513938    
       27360   1.01165915      0.521066904      0.446132094    
       27420   1.01406813      0.521066904      0.444502562    
       27480   1.01442218      0.520626068      0.442339301    
       27540   1.02270460      0.520626068      0.440208465    
       27600   1.03388631      0.519673467      0.437903762    
       27660   1.03518176      0.519673467      0.435585588    
       27720   1.03331113      0.516572177      0.433239073    
       27780   1.03993177      0.516572177      0.430724382    
       27840   1.04268181      0.512712419      0.428096443    
       27900   1.03953338      0.512712419      0.425212860    
       27960   1.04272723      0.508760095      0.422123820    
       28020   1.04581821      0.508760095      0.419082880    
       28080   1.04240000      0.504287183      0.416610837    
       28140   1.03522217      0.504287183      0.415135115    
       28200   1.03504550      0.498914093      0.414609760    
       28260   1.03504550      0.498914093      0.414967388    
       28320   1.03624439      0.495820045      0.415724099    
       28380   1.04284096      0.495820045      0.416648060    
       28440   1.04295456      0.496371359      0.417461216    
       28500   1.03934085      0.496371359      0.418112636    
       28560   1.04664445      0.498450935      0.418878347    
       28620   1.04279542      0.498450935      0.419533730    
       28680   1.03677273      0.500091553       1.05230188    
       28740   1.02990913      0.500091553       1.05644631    
       28800   1.02666664      0.502071798       1.06016374    
       28860   1.01877272      0.502071798       1.06357622    
       28920   1.00881815      0.505013764       1.06698167    
       28980   1.00468886      0.505013764       1.07076716    
       29040  0.998555541      0.506030262       1.07475471    
       29100  0.993681788      0.506030262       1.07878947    
       29160  0.987681806      0.506757140       1.08292246    
       29220  0.990311086      0.506757140       1.08697367    
       29280  0.989044428      0.509190142       1.09128940    
       29340  0.983931839      0.509190142       1.09581673    
       29400  0.987272739      0.512673497       1.10020947    
       29460  0.989577770      0.512673497       1.10443652    
       29520  0.987431824      0.516596913       1.10836506    
       29580  0.982863665      0.516596913       1.11180925    
       29640  0.984431803      0.520986319       1.11519372    
       29700  0.981222212      0.520986319       1.11843050    
       29760  0.982409120      0.524648428       1.12128973    
       29820  0.982909083      0.524648428       1.12385988    
       29880  0.980522752      0.527559102       1.12632406    
       29940  0.976688862      0.527559102       1.12866223    
       30000  0.975704551      0.530041337       1.13092780    
       30060  0.966340899      0.530041337       1.13358533    
       30120  0.966363609      0.532370448       1.13619030    
       30180  0.966363609      0.532370448       1.13885343    
       30240  0.965409100      0.534166515       1.14154875    
       30300  0.966545463      0.534166515       1.14387119    
       30360  0.963377774      0.536158562       1.14637375    
       30420  0.962431788      0.536158562       1.14894426    
       30480  0.959999979      0.538438380       1.15155971    
       30540  0.961000025      0.538438380       1.15434515    
       30600  0.960744202      0.541482568       1.15682793    
       30660  0.959727287      0.541482568       1.15916467    
       30720  0.955886364      0.545220494       1.16143548    
       30780  0.952688873      0.545220494       1.16369927    
       30840  0.949636340      0.548009038       1.16598094    
       30900  0.947159111      0.548009038       1.16795278    
       30960  0.944444418      0.550447345       1.17021680    
       31020  0.941068172      0.550447345       1.17254806    
       31080  0.940090895      0.553400993       1.17517948    
       31140  0.934886336      0.553400993       1.17841351    
       31200  0.935466647      0.557694554       1.18135118    
       31260  0.930711091      0.557694554       1.18434978    
       31320  0.932363629      0.563300371       1.18691790    
       31380  0.927272737      0.563300371       1.18887055    
       31440  0.926644444      0.568083346       1.19079506    
       31500  0.928113639      0.568083346       1.19265640    
       31560  0.924659073      0.571160316       1.19454598    
       31620  0.921933353      0.571160316       1.19657433    
       31680  0.922066689      0.574317217       1.19857967    
       31740  0.919000030      0.574317217       1.19992530    
       31800  0.917750001      0.577846766       1.20079017    
       31860  0.913755536      0.577846766       1.20120180    
       31920  0.911955535      0.581415117       1.20108271    
       31980  0.907931805      0.581415117       1.20099437    
       32040  0.907931805      0.583260953       1.20073080    
       32100  0.899386346      0.583260953       1.20051098    
       32160  0.894613624      0.583155215       1.20061612    
       32220  0.879977286      0.583155215       1.20075154    
       32280  0.879977286      0.582504809      0.890233099    
       32340  0.871863663      0.582504809      0.888155162    
       32400  0.866886377      0.583272636      0.886024535    
       32460  0.866488397      0.583272636      0.883963108    
       32520  0.862181842      0.585308850      0.882341802    
       32580  0.862022698      0.585308850      0.880868733    
       32640  0.857909083      0.586153269      0.879491091    
       32700  0.857999980      0.586153269      0.878580511    
       32760  0.857636392      0.588344157      0.878108382    
       32820  0.855613649      0.588344157      0.877932608    
       32880  0.849790692      0.591860414      0.877800941    
       32940  0.839186072      0.591860414      0.877340078    
       33000  0.834318161      0.596524835      0.876603663    
       33060  0.818431795      0.596524835      0.875890553    
       33120  0.812093019      0.601376653      0.875222981    
       33180  0.811431825      0.601376653      0.874705374    
       33240  0.805863619      0.605455816      0.873889267    
       33300  0.800022721      0.605455816      0.872461498    
       33360  0.799093008      0.609095871      0.870239198    
       33420  0.793477297      0.609095871      0.867463291    
       33480  0.784613609      0.611234367      0.864635885    
       33540  0.781227291      0.611234367      0.861488819    
       33600  0.780604661      0.610613585      0.858037055    
       33660  0.774840891      0.610613585      0.854266882    
       33720  0.768204570      0.609812915      0.850226462    
       33780  0.764302313      0.609812915      0.846384525    
       33840  0.759295464      0.607286215      0.842582822    
       33900  0.755363643      0.607286215      0.838855505    
       33960  0.748909116      0.603816211      0.835243106    
       34020  0.747162819      0.603816211      0.831226587    
       34080  0.747162819      0.600735724      0.827048898    
       34140  0.741214275      0.600735724      0.822687209    
       34200  0.736487806      0.597572803      0.818206906    
       34260  0.736487806      0.597572803      0.814091921    
       34320  0.731999993      0.594051600      0.810605824    
       34380  0.728923082      0.594051600      0.807676554    
       34440  0.726736844      0.590251446      0.805038810    
       34500  0.726736844      0.590251446      0.802667081    
       34560  0.723675668      0.588145733      0.800230503    
       34620  0.720861137      0.588145733      0.797171295    
       34680  0.720861137      0.587351918      0.793604076    
       34740  0.717771411      0.587351918      0.789244890    
       34800  0.715323508      0.586637020      0.784031034    
       34860  0.732676446      0.586637020      0.778840899    
       34920  0.752294123      0.583342910      0.773617089    
       34980  0.752294123      0.583342910      0.768907130    
       35040  0.767882347      0.576712430      0.764925897    
       35100  0.773676455      0.576712430      0.761072099    
       35160  0.781828582      0.570226014      0.757113278    
       35220  0.782794118      0.570226014      0.752959430    
       35280  0.783058822      0.566080034      0.748907506    
       35340  0.784205854      0.566080034      0.745144784    
       35400  0.780558825      0.561562479      0.741532147    
       35460  0.780558825      0.561562479      0.737834871    
       35520  0.776735306      0.557791173      0.734146357    
       35580  0.775117636      0.557791173      0.730547190    
       35640  0.773742855      0.554128349      0.727421641    
       35700  0.773742855      0.554128349      0.725019991    
       35760  0.776000023      0.550397694      0.723053098    
       35820  0.767514288      0.550397694      0.721212626    
       35880  0.766771436      0.548789561      0.642350912    
       35940  0.766771436      0.548789561      0.639837265    
       36000  0.762114286      0.548613310      0.636880457    
       36060  0.760342836      0.548613310      0.633861899    
       36120  0.751833320      0.548297405      0.630941033    
       36180  0.753971457      0.548297405      0.627768755    
       36240  0.744485736      0.546700656      0.624657035    
       36300  0.738571405      0.546700656      0.621699810    
       36360  0.731166661      0.544566691      0.618815243    
       36420  0.727999985      0.544566691      0.615868330    
       36480  0.724628568      0.542871833      0.612725854    
       36540  0.725944459      0.542871833      0.609598637    
       36600  0.721777797      0.541686416      0.606154799    
       36660  0.724542856      0.541686416      0.602524519    
       36720  0.719457150      0.539298415      0.598765910    
       36780  0.711194456      0.539298415      0.594836593    
       36840  0.701027751      0.535558105      0.591204286    
       36900  0.699057162      0.535558105      0.588268161    
       36960  0.693942845      0.531575620      0.586264312    
       37020  0.689472198      0.531575620      0.585314035    
       37080  0.687416673      0.528163493      0.585032225    
       37140  0.691971421      0.528163493      0.584795892    
       37200  0.685285687      0.528046370      0.584488869    
       37260  0.677861094      0.528046370      0.584228396    
       37320  0.674749970      0.531197548      0.584126234    
       37380  0.680142879      0.531197548      0.584234774    
       37440  0.673694432      0.533688068      0.584236860    
       37500  0.671027780      0.533688068      0.584197998    
       37560  0.665138900      0.536646128      0.584273994    
       37620  0.666571438      0.536646128      0.584455252    
       37680  0.660777807      0.539494634      0.584730446    
       37740  0.657351375      0.539494634      0.584846914    
       37800  0.654973686      0.542457163      0.584992588    
       37860  0.654973686      0.542457163      0.585032761    
       37920  0.650128186      0.545605361      0.585279882    
       37980  0.646375000      0.545605361      0.585596800    
       38040  0.646375000      0.548924029      0.585783899    
       38100  0.641341448      0.548924029      0.586101472    
       38160  0.637976170      0.553071618      0.585943758    
       38220  0.634046495      0.553071618      0.585525334    
       38280  0.634046495      0.556413352      0.584971488    
       38340  0.629886389      0.556413352      0.584233344    
       38400  0.625155568      0.557950437      0.583403587    
       38460  0.621652186      0.557950437      0.582566261    
       38520  0.601000011      0.558949769      0.581622124    
       38580  0.576155543      0.558949769      0.580584526    
       38640  0.574869573      0.559275806      0.579647899    
       38700  0.559711099      0.559275806      0.578662217    
       38760  0.546577752      0.559335649      0.577892005    
       38820  0.534888864      0.559335649      0.577551901    
       38880  0.535000026      0.559728086      0.577630460    
       38940  0.528866649      0.559728086      0.577757835    
       39000  0.519488871      0.560769737      0.577682912    
       39060  0.516866684      0.560769737      0.577606738    
       39120  0.516866684      0.563495278      0.577244759    
       39180  0.515066683      0.563495278      0.576542735    
       39240  0.509599984      0.565412104      0.575799406    
       39300  0.504266679      0.565412104      0.574569285    
       39360  0.502108693      0.566037118      0.572993398    
       39420  0.496377766      0.566037118      0.571364403    
       39480  0.490622222      0.566429496      0.798173547    
       39540  0.484466672      0.566429496      0.796656907    
       39600  0.483369559      0.565488219      0.795017600    
       39660  0.481111109      0.565488219      0.793569148    
       39720  0.478222221      0.564218998      0.792455256    
       39780  0.478772730      0.564218998      0.791608453    
       39840  0.477733344      0.563220322      0.791115761    
       39900  0.477955550      0.563220322      0.790536404    
       39960  0.476577789      0.563100815      0.789874315    
       40020  0.476681828      0.563100815      0.789106846    
       40080  0.480933338      0.563977480      0.788298547    
       40140  0.479577780      0.563977480      0.787693739    
       40200  0.472931832      0.564847231      0.787003100    
       40260  0.471863627      0.564847231      0.786511779    
       40320  0.471177787      0.565311253      0.785946310    
       40380  0.471599996      0.565311253      0.785367846    
       40440  0.472727269      0.565558195      0.785010517    
       40500  0.472909093      0.565558195      0.784399390    
       40560  0.471599996      0.566065013      0.783773959    
       40620  0.470200002      0.566065013      0.782753050    
       40680  0.468772739      0.567194462      0.781011641    
       40740  0.469159096      0.567194462      0.778947115    
       40800  0.471577764      0.567710340      0.776605844    
       40860  0.475600004      0.567710340      0.774226964    
       40920  0.477022231      0.565627813      0.772181451    
       40980  0.478431821      0.565627813      0.770320296    
       41040  0.477600008      0.562695801      0.768804371    
       41100  0.478272736      0.562695801      0.767918110    
       41160  0.479454547      0.560885489      0.767539978    
       41220  0.480409086      0.560885489      0.767531037    
       41280  0.480800003      0.560647428      0.767762005    
       41340  0.481318176      0.560647428      0.768172741    
       41400  0.479636371      0.562458634      0.768115520    
       41460  0.476772726      0.562458634      0.767478049    
       41520  0.476244450      0.564802170      0.766198158    
       41580  0.476477265      0.564802170      0.763961554    
       41640  0.475068182      0.565565109      0.761035025    
       41700  0.476399988      0.565565109      0.757574677    
       41760  0.477227271      0.563988686      0.753940523    
       41820  0.476568192      0.563988686      0.750762820    
       41880  0.478636354      0.559350669      0.748335958    
       41940  0.478599995      0.559350669      0.746491313    
       42000  0.479227275      0.554156482      0.745257318    
       42060  0.480636358      0.554156482      0.744594812    
       42120  0.481477261      0.552010715      0.743923962    
       42180  0.482266665      0.552010715      0.743356347    
       42240  0.481500000      0.552047372      0.742828369    
       42300  0.483454555      0.552047372      0.742101848    
       42360  0.485000014      0.552229881      0.741552532    
       42420  0.486333340      0.552229881      0.740926147    
       42480  0.485272735      0.552669942      0.740060210    
       42540  0.482636362      0.552669942      0.738950849    
       42600  0.481577784      0.553544939      0.737509310    
       42660  0.481022209      0.553544939      0.735991120    
       42720  0.480318189      0.553502798      0.734497964    
       42780  0.482444435      0.553502798      0.733349085    
       42840  0.483022213      0.552310705      0.732739210    
       42900  0.483659089      0.552310705      0.732360244    
       42960  0.482681811      0.551098526      0.732176781    
       43020  0.485000014      0.551098526      0.732014596    
       43080  0.485711098      0.552014410      0.343678802    
       43140  0.486863643      0.552014410      0.343761742    
       43200  0.490500003      0.553759575      0.343987495    
       43260  0.495249987      0.553759575      0.344468594    
       43320  0.500777781      0.555714548      0.344730228    
       43380  0.501409113      0.555714548      0.344643742    
       43440  0.505844474      0.558178186      0.344141871    
       43500  0.509244442      0.558178186      0.343286604    
       43560  0.512955546      0.559855700      0.342254072    
       43620  0.516136348      0.559855700      0.340907693    
       43680  0.517155528      0.559996784      0.339447200    
       43740  0.515333354      0.559996784      0.337885678    
       43800  0.514295459      0.558924317      0.336517274    
       43860  0.514711082      0.558924317      0.335665226    
       43920  0.517444432      0.557429612      0.335585028    
       43980  0.520111084      0.557429612      0.336440742    
       44040  0.521772742      0.556888640      0.337267041    
       44100  0.522533357      0.556888640      0.337819964    
       44160  0.524749994      0.558985353      0.337862998    
       44220  0.527409077      0.558985353      0.337301016    
       44280  0.530363619      0.560939848      0.336656898    
       44340  0.530377805      0.560939848      0.336252570    
       44400  0.531181812      0.560778379      0.336082727    
       44460  0.530704558      0.560778379      0.336000979    
       44520  0.526704550      0.559990108      0.335910529    
       44580  0.525863647      0.559990108      0.335491270    
       44640  0.525863647      0.560122013      0.335032672    
       44700  0.527837217      0.560122013      0.334299296    
       44760  0.525477290      0.560244203      0.333463192    
       44820  0.524022698      0.560244203      0.332606763    
       44880  0.522954524      0.560122550      0.331520498    
       44940  0.523534894      0.560122550      0.330484807    
       45000  0.523181796      0.559489727      0.329607844    
       45060  0.524454534      0.559489727      0.329471707    
       45120  0.526395321      0.557876348      0.330155402    
       45180  0.525906980      0.557876348      0.331655502    
       45240  0.522431791      0.556754351      0.333839834    
       45300  0.524395347      0.556754351      0.336510181    
       45360  0.522558153      0.558876216      0.339479029    
       45420  0.526863635      0.558876216      0.342358679    
       45480  0.532409072      0.563645482      0.345278203    
       45540  0.531767428      0.563645482      0.347921759    
       45600  0.534767449      0.569431543      0.350317985    
       45660  0.537000000      0.569431543      0.352504671    
       45720  0.540295482      0.575322509      0.354052335    
       45780  0.541209280      0.575322509      0.355496407    
       45840  0.540348828      0.580155313      0.356863946    
       45900  0.538477302      0.580155313      0.358165413    
       45960  0.536976755      0.582449257      0.359644532    
       46020  0.534651160      0.582449257      0.361001015    
       46080  0.532232583      0.584396720      0.362389594    
       46140  0.531522751      0.584396720      0.363965064    
       46200  0.534023285      0.586952269      0.365997285    
       46260  0.536976755      0.586952269      0.368535757    
       46320  0.536534905      0.589597702      0.371619433    
       46380  0.533522725      0.589597702      0.375182480    
       46440  0.532534897      0.593986809      0.378789216    
       46500  0.528999984      0.593986809      0.382226944    
       46560  0.527090907      0.600502670      0.385146916    
       46620  0.526022732      0.600502670      0.387569726    
       46680  0.526465118      0.607143223      0.600968480    
       46740  0.524046540      0.607143223      0.602855980    
       46800  0.524046540      0.611675501      0.604736209    
       46860  0.520720959      0.611675501      0.606550455    
       46920  0.515558124      0.614799738      0.608332515    
       46980  0.510119021      0.614799738      0.610408127    
       47040  0.510119021      0.617649436      0.612648785    
       47100  0.505463421      0.617649436      0.615279436    
       47160  0.503475010      0.620418668      0.618081808    
       47220  0.501743615      0.620418668      0.621049047    
       47280  0.501743615      0.624107480      0.623958409    
       47340  0.498923063      0.624107480      0.626413643    
       47400  0.496631593      0.628445983      0.628513396    
       47460  0.496564090      0.628445983      0.629919946    
       47520  0.495974362      0.632451832      0.630745769    
       47580  0.494179487      0.632451832      0.630809009    
       47640  0.492421061      0.635229290      0.630262434    
       47700  0.492641032      0.635229290      0.629966080    
       47760  0.490846157      0.635660112      0.629994869    
       47820  0.490274996      0.635660112      0.630681992    
       47880  0.489230782      0.633677542      0.632060111    
       47940  0.486179501      0.633677542      0.633713961    
       48000  0.483205140      0.633294582      0.635551870    
       48060  0.481074989      0.633294582      0.637462974    
       48120  0.479128212      0.635574698      0.639516413    
       48180  0.478897423      0.635574698      0.641761005    
       48240  0.477128208      0.638340056      0.644202471    
       48300  0.475425005      0.638340056      0.646623850    
       48360  0.475425005      0.641806543      0.649001539    
       48420  0.474875003      0.641806543      0.651168227    
       48480  0.475300014      0.646133602      0.653045118    
       48540  0.475724995      0.646133602      0.654805422    
       48600  0.475724995      0.650224388      0.656536400    
       48660  0.475499988      0.650224388      0.658171654    
       48720  0.472775012      0.653292120      0.659929454    
       48780  0.470634133      0.653292120      0.661687672    
       48840  0.471599996      0.656242669      0.663583696    
       48900  0.473425001      0.656242669      0.665721893    
       48960  0.473170727      0.659570277      0.667967737    
       49020  0.472634137      0.659570277      0.670594394    
       49080  0.466650009      0.663558602      0.673092246    
       49140  0.459050000      0.663558602      0.675319195    
       49200  0.458073169      0.668070257      0.677169442    
       49260  0.455146343      0.668070257      0.678559959    
       49320  0.450700015      0.672022045      0.679567456    
       49380  0.446125001      0.672022045      0.680640280    
       49440  0.447048783      0.674479902      0.681740344    
       49500  0.447170734      0.674479902      0.682856143    
       49560  0.446900010      0.675481379      0.684068561    
       49620  0.447634161      0.675481379      0.685116947    
       49680  0.445926815      0.676592767      0.686127543    
       49740  0.445365846      0.676592767      0.686972857    
       49800  0.443975002      0.678108931      0.687593997    
       49860  0.443243891      0.678108931      0.687720239    
       49920  0.438634157      0.679550648      0.687412798    
       49980  0.437756091      0.679550648      0.686577260    
       50040  0.438600004      0.680061698      0.685429215    
       50100  0.437951207      0.680061698      0.684429884    
       50160  0.437829256      0.678830981      0.683780253    
       50220  0.437649995      0.678830981      0.683859229    
       50280  0.437000006      0.676473141      0.457613260    
       50340  0.436585367      0.676473141      0.457433134    
       50400  0.437000006      0.675520778      0.457384974    
       50460  0.436309516      0.675520778      0.457111359    
       50520  0.436268300      0.676477551      0.456535548    
       50580  0.434780478      0.676477551      0.455590993    
       50640  0.433142871      0.677857041      0.454265207    
       50700  0.431232572      0.677857041      0.452666193    
       50760  0.431232572      0.677901268      0.450777441    
       50820  0.431977272      0.677901268      0.448761910    
       50880  0.433133334      0.676188648      0.446889818    
       50940  0.433521748      0.676188648      0.445433140    
       51000  0.433111101      0.673458576      0.444528788    
       51060  0.431108683      0.673458576      0.444140643    
       51120  0.429130435      0.671381712      0.443914235    
       51180  0.427413046      0.671381712      0.443689376    
       51240  0.425666660      0.671005189      0.443474948    
       51300  0.425826073      0.671005189      0.443121374    
       51360  0.423543483      0.671177566      0.442820549    
       51420  0.421478271      0.671177566      0.442443877    
       51480  0.420444459      0.671507299      0.442022234    
       51540  0.419565231      0.671507299      0.441525698    
       51600  0.418456525      0.671758235      0.440825224    
       51660  0.419456512      0.671758235      0.440063179    
       51720  0.419933319      0.671804547      0.439193249    
       51780  0.420543492      0.671804547      0.438151091    
       51840  0.420422226      0.671010256      0.436942518    
       51900  0.421431810      0.671010256      0.435559928    
       51960  0.421720922      0.669641912      0.434287459    
       52020  0.421113640      0.669641912      0.433115780    
       52080  0.422181815      0.667568445      0.432024509    
       52140  0.421465129      0.667568445      0.431105018    
       52200  0.422604650      0.665869892      0.430492610    
       52260  0.422604650      0.665869892      0.430101424    
       52320  0.420785725      0.664416969      0.430349469    
       52380  0.421121955      0.664416969      0.431023359    
       52440  0.422024995      0.663996577      0.431482583    
       52500  0.422024995      0.663996577      0.431601018    
       52560  0.420500010      0.666056454      0.430495471    
       52620  0.419410259      0.666056454      0.428273529    
       52680  0.418076932      0.667258382      0.425362170    
       52740  0.417349994      0.667258382      0.422273427    
       52800  0.415625006      0.663518012      0.419491798    
       52860  0.415538460      0.663518012      0.417139202    
       52920  0.412230760      0.657012701      0.415494204    
       52980  0.411224991      0.657012701      0.414487362    
       53040  0.411274999      0.651682496      0.414132476    
       53100  0.409410268      0.651682496      0.414451092    
       53160  0.408564091      0.649024844      0.414679140    
       53220  0.409675002      0.649024844      0.414732933    
       53280  0.407999992      0.648851871      0.414722800    
       53340  0.408641040      0.648851871      0.414528877    
       53400  0.407358974      0.648343682      0.414380789    
       53460  0.406949997      0.648343682      0.414330661    
       53520  0.406475008      0.647495925      0.414092004    
       53580  0.407333344      0.647495925      0.413622558    
       53640  0.407102555      0.646735132      0.413090974    
       53700  0.407299995      0.646735132      0.412275791    
       53760  0.407225013      0.645250499      0.411283970    
       53820  0.407512814      0.645250499      0.409894735    
       53880  0.407474995      0.643432200      0.426610440    
       53940  0.409125000      0.643432200      0.425387233    
       54000  0.409649998      0.640838087      0.424266070    
       54060  0.409128219      0.640838087      0.423490494    
       54120  0.410102576      0.637352884      0.423162848    
       54180  0.410524994      0.637352884      0.423362106    
       54240  0.411175013      0.634341538      0.424175054    
       54300  0.411624998      0.634341538      0.425627947    
       54360  0.413179487      0.632942259      0.427215636    
       54420  0.412274987      0.632942259      0.428866088    
       54480  0.411599994      0.633931696      0.430584669    
       54540  0.410450011      0.633931696      0.432087898    
       54600  0.409410268      0.635505259      0.433291614    
       54660  0.411150008      0.635505259      0.434171259    
       54720  0.412725002      0.637179911      0.434994608    
       54780  0.412874997      0.637179911      0.436091751    
       54840  0.412410259      0.637742698      0.437378168    
       54900  0.411675006      0.637742698      0.438794255    
       54960  0.409875005      0.638333678      0.439871699    
       55020  0.409200013      0.638333678      0.440444499    
       55080  0.409666657      0.639367580      0.440772265    
       55140  0.408850014      0.639367580      0.440794587    
       55200  0.411700010      0.638993025      0.440706670    
       55260  0.412538469      0.638993025      0.440633059    
       55320  0.411615372      0.637834311      0.440803200    
       55380  0.410374999      0.637834311      0.441330016    
       55440  0.409200013      0.636168659      0.442509353    
       55500  0.409200013      0.636168659      0.444300622    
       55560  0.408634156      0.635398686      0.446774364    
       55620  0.407285720      0.635398686      0.449603468    
       55680  0.406666666      0.637264371      0.452634633    
       55740  0.405285716      0.637264371      0.455923110    
       55800  0.405285716      0.641773462      0.459111601    
       55860  0.401666671      0.641773462      0.462070376    
       55920  0.401744187      0.646956980      0.464518040    
       55980  0.401744187      0.646956980      0.466027975    
       56040  0.400681823      0.651939094      0.466399342    
       56100  0.400355548      0.651939094      0.466282874    
       56160  0.399195641      0.654885590      0.465596765    
       56220  0.399511099      0.654885590      0.465210736    
       56280  0.398152173      0.653197646      0.465443581    
       56340  0.397413045      0.653197646      0.465849966    
       56400  0.397217393      0.649398386      0.466555953    
       56460  0.398444444      0.649398386      0.467098951    
       56520  0.398782611      0.647995830      0.467648059    
       56580  0.401326090      0.647995830      0.467943639    
       56640  0.405304343      0.647721291      0.468316436    
       56700  0.407021731      0.647721291      0.468727857    
       56760  0.407021731      0.647534132      0.469277769    
       56820  0.407456517      0.647534132      0.470724612    
       56880  0.410108685      0.647637963      0.472437263    
       56940  0.411978275      0.647637963      0.474317402    
       57000  0.411978275      0.648241639      0.475998700    
       57060  0.415673912      0.648241639      0.477240473    
       57120  0.421782613      0.649915099      0.478265733    
       57180  0.425239116      0.649915099      0.479369849    
       57240  0.425239116      0.650849819      0.480587810    
       57300  0.429586947      0.650849819      0.481765270    
       57360  0.434239119      0.650890231      0.483074069    
       57420  0.439260870      0.650890231      0.484384418    
       57480  0.439260870      0.651382983      0.501719773    
       57540  0.443282604      0.651382983      0.503170490    
       57600  0.446760863      0.652419388      0.504525065    
       57660  0.449934781      0.652419388      0.505659461    
       57720  0.449934781      0.653474510      0.506902575    
       57780  0.452282608      0.653474510      0.508141696    
       57840  0.452844441      0.654139221      0.509503067    
       57900  0.454363644      0.654139221      0.510914981    
       57960  0.456000000      0.655254900      0.512060225    
       58020  0.456000000      0.655254900      0.513454139    
       58080  0.457880944      0.656771183      0.514953494    
       58140  0.458390236      0.656771183      0.516601324    
       58200  0.458900005      0.657271326      0.518245578    
       58260  0.458900005      0.657271326      0.519926012    
       58320  0.458384603      0.658258379      0.521741092    
       58380  0.459815800      0.658258379      0.523392081    
       58440  0.461189181      0.659272730      0.525023401    
       58500  0.461189181      0.659272730      0.526741803    
       58560  0.463361114      0.660869598      0.528655708    
       58620  0.466285706      0.660869598      0.531233966    
       58680  0.469147056      0.662368655      0.534013391    
       58740  0.469147056      0.662368655      0.536769867    
       58800  0.471939385      0.664675236      0.539457023    
       58860  0.471249998      0.664675236      0.541860819    
       58920  0.471249998      0.667837024      0.544161797    
       58980  0.472741932      0.667837024      0.546122611    
       59040  0.476433337      0.670709968      0.548081279    
       59100  0.479034483      0.670709968      0.549730480    
       59160  0.479034483      0.673164427      0.551611900    
       59220  0.482357144      0.673164427      0.553654373    
       59280  0.487185180      0.675689220      0.555547118    
       59340  0.491730779      0.675689220      0.557477534    
       59400  0.495759994      0.679095507      0.558667123    
       59460  0.495759994      0.679095507      0.559446633    
       59520  0.502041638      0.681903899      0.559988260    
       59580  0.506260872      0.681903899      0.560576379    
       59640   9999.00000      0.681930602      0.561177850    
       59700   9999.00000      0.681930602      0.561997354    
       59760   9999.00000      0.680982113      0.562938273    
       59820   9999.00000      0.680982113      0.564073324    
       59880   9999.00000      0.680074871      0.565518081    
       59940   9999.00000      0.680074871      0.566968620    
       60000   9999.00000      0.679738402      0.568407357    
       60060   9999.00000      0.679738402      0.569709003    
       60120   9999.00000      0.680589974      0.571031928    
       60180   9999.00000      0.680589974      0.572194755    
       60240   9999.00000      0.681414664      0.573657513    
       60300   9999.00000      0.681414664      0.575080037    
       60360   9999.00000      0.682393312      0.576502740    
       60420   9999.00000      0.682393312      0.577845275    
       60480   9999.00000      0.684542894      0.578597784    
       60540   9999.00000      0.684542894      0.579389989    
       60600   9999.00000      0.686682522      0.580068469    
       60660   9999.00000      0.686682522      0.580993295    
       60720   9999.00000      0.686553240      0.582755983    
       60780   9999.00000      0.686553240      0.585139692    
       60840   9999.00000      0.686008990      0.588187754    
       60900   9999.00000      0.686008990      0.591851592    
       60960   9999.00000      0.688747108      0.595418930    
       61020   9999.00000      0.688747108      0.598721981    
       61080   9999.00000      0.694141030      0.597746909    
       61140   9999.00000      0.694141030      0.601493716    
       61200   9999.00000      0.699180782      0.604945183    
       61260   9999.00000      0.699180782      0.608093739    
       61320   9999.00000      0.703942776      0.611587405    
       61380   9999.00000      0.703942776      0.615053535    
       61440   9999.00000      0.707835734      0.618070483    
       61500   9999.00000      0.707835734      0.620539665    
       61560   9999.00000      0.713040292      0.622316182    
       61620   9999.00000      0.713040292      0.623731852    
       61680   9999.00000      0.716309309      0.625015259    
       61740   9999.00000      0.716309309      0.626298130    
       61800   9999.00000      0.716997921      0.627259076    
       61860   9999.00000      0.716997921      0.628023207    
       61920   9999.00000      0.717303932      0.629020214    
       61980   9999.00000      0.717303932      0.630130231    
       62040   9999.00000      0.716322422      0.631586850    
       62100   9999.00000      0.716322422      0.633254945    
       62160   9999.00000      0.716257095      0.634670496    
       62220   9999.00000      0.716257095      0.635771990    
       62280   9999.00000      0.717721760      0.636567593    
       62340   9999.00000      0.717721760      0.637535453    
       62400   9999.00000      0.718182802      0.638625562    
       62460   9999.00000      0.718182802      0.639858961    
       62520   9999.00000      0.717466593      0.641699314    
       62580   9999.00000      0.717466593      0.643960059    
       62640   9999.00000      0.717395008      0.646612465    
       62700   9999.00000      0.717395008      0.649311900    
       62760   9999.00000      0.719664931      0.651390851    
       62820   9999.00000      0.719664931      0.652321994    
       62880   9999.00000      0.723461926      0.652689815    
       62940   9999.00000      0.723461926      0.652589560    
       63000   9999.00000      0.724926829      0.652018607    
       63060   9999.00000      0.724926829      0.651760161    
       63120   9999.00000      0.723836958      0.651810884    
       63180   9999.00000      0.723836958      0.651997507    
       63240   9999.00000      0.720912039      0.652333915    
       63300   9999.00000      0.720912039      0.652871013    
       63360   9999.00000      0.719256818      0.653650522    
       63420   9999.00000      0.719256818      0.654806852    
       63480   9999.00000      0.718208849      0.656318188    
       63540   9999.00000      0.718208849      0.658079684    
       63600   9999.00000      0.718075275      0.660110354    
       63660   9999.00000      0.718075275      0.662438810    
       63720   9999.00000      0.719442308      0.665113688    
       63780   9999.00000      0.719442308      0.667932451    
       63840   9999.00000      0.721868396      0.670886993    
       63900   9999.00000      0.721868396      0.673340738    
       63960   9999.00000      0.725600541      0.675263941    
       64020   9999.00000      0.725600541      0.676570714    
       64080   9999.00000      0.729915082      0.677225530    
       64140   9999.00000      0.729915082      0.677975416    
       64200   9999.00000      0.732219160      0.678811550    
       64260   9999.00000      0.732219160      0.679983854    
       64320   9999.00000      0.732056797      0.681520343    
       64380   9999.00000      0.732056797      0.682418585    
       64440   9999.00000      0.732268810      0.682641983    
       64500   9999.00000      0.732268810      0.682048142    
       64560   9999.00000      0.733891308      0.680552959    
       64620   9999.00000      0.733891308      0.679482162    
