 20190513
 Seconds  Measures(SEE-arcsec)  Meso-NH(SEE-arcsec)  FORECAST_AR(SEE-arcsec)
       25080  0.738777757      0.724703670      0.946624517    
       25140  0.734931827      0.724703670      0.946621239    
       25200  0.739888906      0.725241840      0.947063267    
       25260  0.740222216      0.725241840      0.947458565    
       25320  0.738295436      0.724569857      0.947836816    
       25380  0.734659076      0.724569857      0.948197305    
       25440  0.734244466      0.725816667      0.948662341    
       25500  0.732704520      0.725816667      0.948977947    
       25560  0.735090911      0.727183282      0.948964536    
       25620  0.734844446      0.727183282      0.948565304    
       25680  0.738133311      0.728940904      0.947846711    
       25740  0.739886343      0.728940904      0.947215617    
       25800  0.742954552      0.729489148      0.946668983    
       25860  0.744000018      0.729489148      0.946142554    
       25920  0.745377779      0.728793263      0.945386291    
       25980  0.746545434      0.728793263      0.944023192    
       26040  0.747340918      0.728431821      0.942281783    
       26100  0.744777799      0.728431821      0.940545797    
       26160  0.744755566      0.727184117      0.939246953    
       26220  0.745454550      0.727184117      0.938136101    
       26280  0.749249995      0.724243164      0.937443674    
       26340  0.749249995      0.724243164      0.937053144    
       26400  0.752863646      0.722853959      0.936978638    
       26460  0.756909072      0.722853959      0.937043667    
       26520  0.760977268      0.722871721      0.937167346    
       26580  0.760977268      0.722871721      0.937261999    
       26640  0.767272711      0.724081814      0.937199771    
       26700  0.774181843      0.724081814      0.936826408    
       26760  0.774311125      0.725418091      0.936302245    
       26820  0.779068172      0.725418091      0.935505450    
       26880  0.785113633      0.725998342      0.933985472    
       26940  0.791681826      0.725998342      0.931252599    
       27000  0.793711126      0.725732505      0.928148746    
       27060  0.796636343      0.725732505      0.924427211    
       27120  0.800795436      0.722450554      0.919892311    
       27180  0.803444445      0.722450554      0.915435195    
       27240  0.804045439      0.717586994      0.911106646    
       27300  0.802186072      0.717586994      0.907565773    
       27360  0.800499976      0.709504902      0.905109525    
       27420  0.800499976      0.709504902      0.903603911    
       27480  0.798853636      0.701939821      0.903214216    
       27540  0.795300007      0.701939821      0.903425038    
       27600  0.793384612      0.698592901      0.904311419    
       27660  0.793384612      0.698592901      0.905348182    
       27720  0.793842077      0.699643254      0.906356275    
       27780  0.793054044      0.699643254      0.907276630    
       27840  0.793749988      0.703333914      0.907264113    
       27900  0.793749988      0.703333914      0.906774521    
       27960  0.796371400      0.706968844      0.905906379    
       28020  0.793500006      0.706968844      0.904719293    
       28080  0.795470595      0.706999063      0.903286755    
       28140  0.795771420      0.706999063      0.901441097    
       28200  0.801088214      0.705627263      0.899438679    
       28260  0.808235288      0.705627263      0.897484660    
       28320  0.811142862      0.703361452      0.895331442    
       28380  0.830028594      0.703361452      0.893030047    
       28440  0.827147067      0.700576365      0.890714765    
       28500  0.842705905      0.700576365      0.888396442    
       28560  0.855514288      0.697068989      0.886134207    
       28620  0.857685685      0.697068989      0.884615064    
       28680  0.858794093      0.693600059      0.700362921    
       28740  0.866176486      0.693600059      0.700742364    
       28800  0.865085721      0.690430164      0.701567352    
       28860  0.864428580      0.690430164      0.702601075    
       28920  0.866911769      0.690210164      0.703708291    
       28980  0.881200016      0.690210164      0.704981744    
       29040  0.894428551      0.691978097      0.706050754    
       29100  0.920714259      0.691978097      0.706990600    
       29160  0.920714259      0.694285572      0.707523823    
       29220  0.944457114      0.694285572      0.708083034    
       29280  0.984114289      0.696173429      0.708649457    
       29340   1.01937139      0.696173429      0.709422410    
       29400   1.04086113      0.696909308      0.710328877    
       29460   1.04879999      0.696909308      0.711651444    
       29520   1.07411432      0.698042333      0.713247657    
       29580   1.09797144      0.698042333      0.715613604    
       29640   1.11372221      0.700355470      0.718026996    
       29700   1.12611425      0.700355470      0.720472753    
       29760   1.17142856      0.704019785      0.722641528    
       29820   1.20797145      0.704019785      0.724337876    
       29880   1.22183335      0.708205879      0.725831032    
       29940   1.23594284      0.708205879      0.727178514    
       30000   1.25233328      0.711465120      0.728091061    
       30060   1.28619444      0.711465120      0.728812099    
       30120   1.31836116      0.714289665      0.729382336    
       30180   1.33220005      0.714289665      0.730077028    
       30240   1.35688889      0.715840101      0.731014609    
       30300   1.38644445      0.715840101      0.732391477    
       30360   1.41072226      0.717171073      0.733836591    
       30420   1.42874289      0.717171073      0.735257030    
       30480   1.43380558      0.719556689      0.737104952    
       30540   1.45369446      0.719556689      0.739898384    
       30600   1.46986115      0.722218990      0.743374825    
       30660   1.48662853      0.722218990      0.746751189    
       30720   1.49080551      0.726459324      0.749747455    
       30780   1.50886106      0.726459324      0.752574027    
       30840   1.52855551      0.733363450      0.755664825    
       30900   1.52855551      0.733363450      0.758892834    
       30960   1.55097294      0.738819540      0.762276053    
       31020   1.57223690      0.738819540      0.765402317    
       31080   1.58707690      0.745177507      0.768368542    
       31140   1.58707690      0.745177507      0.770874739    
       31200   1.59667504      0.751945436      0.772820055    
       31260   1.59580493      0.751945436      0.774015069    
       31320   1.59869051      0.757745206      0.774829328    
       31380   1.59869051      0.757745206      0.775327921    
       31440   1.59993029      0.761084676      0.775220990    
       31500   1.59445453      0.761084676      0.775226057    
       31560   1.59471107      0.762729883      0.775127888    
       31620   1.59471107      0.762729883      0.774684250    
       31680   1.59471107      0.761783898      0.774601519    
       31740   1.61147726      0.761783898      0.774663150    
       31800   1.63020933      0.760225952      0.775127947    
       31860   1.63020933      0.760225952      0.775598466    
       31920   1.64649999      0.759884000      0.775852442    
       31980   1.66446340      0.759884000      0.776020527    
       32040   1.67229271      0.760916471      0.776335299    
       32100   1.67285717      0.760916471      0.776560724    
       32160   1.67776191      0.760948241      0.777285218    
       32220   1.68719506      0.760948241      0.778369188    
       32280   1.70614636      0.761427224      0.984211802    
       32340   1.72230947      0.761427224      0.985498309    
       32400   1.74445236      0.763784528      0.987030625    
       32460   1.76680493      0.763784528      0.989048421    
       32520   1.79387808      0.766882062      0.991069496    
       32580   1.79833329      0.766882062      0.993232608    
       32640   1.82071424      0.771152854      0.995291293    
       32700   1.83573174      0.771152854      0.997663081    
       32760   1.83843899      0.775813818       1.00015640    
       32820   1.84719050      0.775813818       1.00299823    
       32880   1.86204767      0.780629992       1.00591969    
       32940   1.85595119      0.780629992       1.00889325    
       33000   1.85417068      0.786142349       1.01131189    
       33060   1.85241461      0.786142349       1.01311123    
       33120   1.85911906      0.792606354       1.01449358    
       33180   1.86358535      0.792606354       1.01550615    
       33240   1.88060975      0.797168732       1.01654732    
       33300   1.88600004      0.797168732       1.01820469    
       33360   1.88629270      0.800482273       1.01995349    
       33420   1.88014638      0.800482273       1.02207208    
       33480   1.88458538      0.804188371       1.02384281    
       33540   1.88902497      0.804188371       1.02495825    
       33600   1.90480483      0.808402956       1.02597415    
       33660   1.91648781      0.808402956       1.02713954    
       33720   1.92534149      0.811540961       1.02828622    
       33780   1.92414999      0.811540961       1.02918172    
       33840   1.91634142      0.814684808       1.03008878    
       33900   1.90636587      0.814684808       1.03067422    
       33960   1.90824389      0.817723572       1.03097367    
       34020   1.91202497      0.817723572       1.03125536    
       34080   1.91514635      0.820650876       1.03156495    
       34140   1.92107320      0.820650876       1.03144169    
       34200   1.93268287      0.822151363       1.03118229    
       34260   1.94280005      0.822151363       1.03103626    
       34320   1.94141459      0.823574126       1.03125131    
       34380   1.94792688      0.823574126       1.03199768    
       34440   1.95704997      0.824462652       1.03278434    
       34500   1.96292496      0.824462652       1.03305161    
       34560   1.95785367      0.826548994       1.03316987    
       34620   1.94784999      0.826548994       1.03304517    
       34680   1.94322503      0.828513622       1.03236997    
       34740   1.93789744      0.828513622       1.03106928    
       34800   1.93462503      0.829504311       1.02983809    
       34860   1.93680000      0.829504311       1.02882516    
       34920   1.94070005      0.828007817       1.02857387    
       34980   1.94643593      0.828007817       1.02876937    
       35040   1.94292498      0.826622844       1.02911091    
       35100   1.94762504      0.826622844       1.02991605    
       35160   1.95229995      0.828122854       1.03124881    
       35220   1.96117949      0.828122854       1.03336334    
       35280   1.95337498      0.830067754       1.03717411    
       35340   1.95002437      0.830067754       1.04203022    
       35400   1.94161904      0.833998084       1.04683101    
       35460   1.94161904      0.833998084       1.05138445    
       35520   1.93174422      0.844484091       1.05568969    
       35580   1.92915905      0.844484091       1.06004584    
       35640   1.92946672      0.854689002       1.06482768    
       35700   1.93554544      0.854689002       1.06987488    
       35760   1.93149996      0.863907218       1.07463872    
       35820   1.93431818      0.863907218       1.07859588    
       35880   1.93431818      0.874780357       2.10051537    
       35940   1.93972731      0.874780357       2.10267878    
       36000   1.92113638      0.884587049       2.10450912    
       36060   1.92127907      0.884587049       2.10611057    
       36120   1.91163635      0.890713811       2.10919762    
       36180   1.90649998      0.890713811       2.11437988    
       36240   1.90476739      0.896260381       2.11862659    
       36300   1.88613951      0.896260381       2.12234545    
       36360   1.88634086      0.908719063       2.12476325    
       36420   1.88420451      0.908719063       2.12609243    
       36480   1.87672091      0.918227792       2.12677908    
       36540   1.85925579      0.918227792       2.12731671    
       36600   1.84770453      0.923108757       2.12770224    
       36660   1.84544182      0.923108757       2.12871408    
       36720   1.84211624      0.926831007       2.12979102    
       36780   1.82762790      0.926831007       2.13084745    
       36840   1.82762790      0.930562794       2.13133645    
       36900   1.81695235      0.930562794       2.13115144    
       36960   1.81695235      0.935499668       2.13048911    
       37020   1.81497562      0.935499668       2.12998533    
       37080   1.81120002      0.939183533       2.12897515    
       37140   1.80323076      0.939183533       2.12829661    
       37200   1.80323076      0.941465437       2.12814236    
       37260   1.78394735      0.941465437       2.12792444    
       37320   1.76497364      0.942405045       2.12739444    
       37380   1.75005400      0.942405045       2.12665868    
       37440   1.75405264      0.945814073       2.12577271    
       37500   1.75476313      0.945814073       2.12456679    
       37560   1.74707890      0.948112309       2.12332559    
       37620   1.73962164      0.948112309       2.12216043    
       37680   1.74205267      0.950334132       2.12193871    
       37740   1.72518420      0.950334132       2.12253308    
       37800   1.72170269      0.952432036       2.12329721    
       37860   1.70964861      0.952432036       2.12376451    
       37920   1.70471048      0.958092034       2.12493539    
       37980   1.69944739      0.958092034       2.12630010    
       38040   1.69391894      0.964179337       2.12547255    
       38100   1.70021057      0.964179337       2.12279773    
       38160   1.68963158      0.972445011       2.12120771    
       38220   1.68739474      0.972445011       2.12029290    
       38280   1.68739474      0.971651196       2.12029123    
       38340   1.67013156      0.971651196       2.12139416    
       38400   1.68297434      0.974661231       2.12229490    
       38460   1.67999995      0.974661231       2.12218642    
       38520   1.67005265      0.980831623       2.12126350    
       38580   1.66352630      0.980831623       2.11880994    
       38640   1.66625643      0.985903859       2.11606359    
       38700   1.65712821      0.985903859       2.11318827    
       38760   1.65231574      0.987271428       2.11007357    
       38820   1.64855266      0.987271428       2.10661602    
       38880   1.64556408      0.987122416       2.10424232    
       38940   1.64547372      0.987122416       2.10201383    
       39000   1.64302635      0.985846937       2.09965420    
       39060   1.65913153      0.985846937       2.09823346    
       39120   1.65941024      0.988661706       2.09612012    
       39180   1.66315794      0.988661706       2.09330821    
       39240   1.65731573      0.990904391       2.08989048    
       39300   1.65418422      0.990904391       2.08544469    
       39360   1.67897439      0.990364254       2.08082700    
       39420   1.68321049      0.990364254       2.07658601    
       39480   1.68565786      0.987350404       1.58528125    
       39540   1.68407691      0.987350404       1.58253837    
       39600   1.67478943      0.983724177       1.57943881    
       39660   1.68410528      0.983724177       1.57637739    
       39720   1.67930770      0.984804571       1.57261181    
       39780   1.69233334      0.984804571       1.56665730    
       39840   1.68900001      0.986081243       1.55780172    
       39900   1.68361533      0.986081243       1.54952443    
       39960   1.69743586      0.985809505       1.54123557    
       40020   1.69223690      0.985809505       1.53362381    
       40080   1.69378948      0.975327313       1.52599359    
       40140   1.69148719      0.975327313       1.51805496    
       40200   1.69907892      0.965160608       1.51068187    
       40260   1.70226312      0.965160608       1.50391793    
       40320   1.69882047      0.956277728       1.49802256    
       40380   1.70200002      0.956277728       1.49345934    
       40440   1.70716214      0.949673116       1.48999298    
       40500   1.70716214      0.949673116       1.48805368    
       40560   1.70716214      0.947150469       1.48702717    
       40620   1.71136844      0.947150469       1.48650432    
       40680   1.71136844      0.948956907       1.48640180    
       40740   1.72097433      0.948956907       1.48700821    
       40800   1.72097433      0.954267204       1.48781276    
       40860   1.72097433      0.954267204       1.48829174    
       40920   1.72097433      0.960759342       1.48908401    
       40980   1.72457898      0.960759342       1.48995876    
       41040   1.72457898      0.967535555       1.49017966    
       41100   1.71978378      0.967535555       1.48936081    
       41160   1.72224998      0.974391699       1.48857749    
       41220   1.72802854      0.974391699       1.48735607    
       41280   1.72802854      0.978042305       1.48693287    
       41340   1.71440005      0.978042305       1.48610079    
       41400   1.72367644      0.980851173       1.48597538    
       41460   1.72367644      0.980851173       1.48689508    
       41520   1.74188232      0.985917270       1.48915470    
       41580   1.75667644      0.985917270       1.49143469    
       41640   1.75635290      0.992746294       1.49309778    
       41700   1.75635290      0.992746294       1.49629724    
       41760   1.75100005       1.00347543       1.50197721    
       41820   1.76003122       1.00347543       1.50712061    
       41880   1.76293552       1.01065171       1.51069200    
       41940   1.76293552       1.01065171       1.51231790    
       42000   1.77110004       1.02661359       1.51316965    
       42060   1.75731039       1.02661359       1.51450324    
       42120   1.75967860       1.03561461       1.51650262    
       42180   1.75967860       1.03561461       1.51890695    
       42240   1.77044439       1.04088449       1.52450871    
       42300   1.77688885       1.04088449       1.53203535    
       42360   1.79088891       1.04794478       1.53737438    
       42420   1.79088891       1.04794478       1.54069448    
       42480   1.81266665       1.06700873       1.54377222    
       42540   1.83348143       1.06700873       1.54529595    
       42600   1.82875001       1.07717228       1.54745126    
       42660   1.84321427       1.07717228       1.55063474    
       42720   1.82966661       1.08623624       1.55453312    
       42780   1.84229624       1.08623624       1.56097984    
       42840   1.84478569       1.09785855       1.56647420    
       42900   1.86596429       1.09785855       1.57106435    
       42960   1.86751854       1.11240256       1.57827091    
       43020   1.86651850       1.11240256       1.58742058    
       43080   1.87371433       1.12328255       1.78202343    
       43140   1.87440741       1.12328255       1.78687382    
       43200   1.88403845       1.14470160       1.78942204    
       43260   1.88403845       1.14470160       1.79114008    
       43320   1.88256001       1.15775681       1.79561496    
       43380   1.89862502       1.15775681       1.80348480    
       43440   1.89400005       1.16221428       1.80999017    
       43500   1.89400005       1.16221428       1.81562698    
       43560   1.91286361       1.17906737       1.82054877    
       43620   1.90240908       1.17906737       1.82523549    
       43680   1.89726090       1.19114208       1.83032310    
       43740   1.90568185       1.19114208       1.83601868    
       43800   1.92004550       1.20189416       1.84237099    
       43860   1.91847825       1.20189416       1.84788370    
       43920   1.92982614       1.21395361       1.85236037    
       43980   1.94627273       1.21395361       1.85519218    
       44040   1.95621741       1.22806871       1.85658562    
       44100   1.95404172       1.22806871       1.85672975    
       44160   1.95192003       1.23833120       1.85646188    
       44220   1.95192003       1.23833120       1.85630405    
       44280   1.95915997       1.24308085       1.85498965    
       44340   1.97284615       1.24308085       1.85272300    
       44400   1.97142303       1.24662066       1.84948123    
       44460   1.97142303       1.24662066       1.84573758    
       44520   1.97988892       1.24587297       1.84160411    
       44580   1.98960710       1.24587297       1.83655345    
       44640   2.00996542       1.24079609       1.83277023    
       44700   2.00996542       1.24079609       1.83109117    
       44760   2.02740002       1.23390508       1.83125877    
       44820   2.04535484       1.23390508       1.83230078    
       44880   2.04574990       1.23153281       1.83297634    
       44940   2.04574990       1.23153281       1.83220136    
       45000   2.06803226       1.23584890       1.83026326    
       45060   2.06803226       1.23584890       1.82633448    
       45120   2.06803226       1.23851585       1.82204008    
       45180   2.06316662       1.23851585       1.81740940    
       45240   2.06448269       1.23632920       1.81271660    
       45300   2.10234475       1.23632920       1.80890620    
       45360   2.10413337       1.23240650       1.80512655    
       45420   2.10861301       1.23240650       1.80067027    
       45480   2.10861301       1.22765982       1.79590583    
       45540   2.14162493       1.22765982       1.79217589    
       45600   2.16899991       1.22238028       1.78955698    
       45660   2.16899991       1.22238028       1.78731012    
       45720   2.17591166       1.21590292       1.78639030    
       45780   2.19051433       1.21590292       1.78694868    
       45840   2.19191670       1.21389711       1.78967321    
       45900   2.19191670       1.21389711       1.79200411    
       45960   2.21338892       1.21717370       1.79018354    
       46020   2.23216677       1.21717370       1.78843164    
       46080   2.22348642       1.22899592       1.78819418    
       46140   2.23305416       1.22899592       1.78769374    
       46200   2.23691678       1.22435141       1.78834236    
       46260   2.24172211       1.22435141       1.78793025    
       46320   2.23219442       1.22557127       1.78551078    
       46380   2.23024321       1.22557127       1.78140116    
       46440   2.23633337       1.23137975       1.77578616    
       46500   2.24488878       1.23137975       1.77215636    
       46560   2.24372220       1.22936463       1.77198517    
       46620   2.24127030       1.22936463       1.77172923    
       46680   2.23147225       1.22170401       1.75759959    
       46740   2.22944450       1.22170401       1.75194430    
       46800   2.22681069       1.22787333       1.74835992    
       46860   2.22681069       1.22787333       1.74672985    
       46920   2.22647357       1.21624470       1.74657321    
       46980   2.22617960       1.21624470       1.74452901    
       47040   2.22029996       1.21382248       1.73850334    
       47100   2.22029996       1.21382248       1.73338163    
       47160   2.20958543       1.21846676       1.73163795    
       47220   2.21073818       1.21846676       1.73300266    
       47280   2.20978570       1.20891845       1.73444474    
       47340   2.22017074       1.20891845       1.73549938    
       47400   2.21314287       1.21356905       1.73819244    
       47460   2.22029257       1.21356905       1.74256241    
       47520   2.22869992       1.21891522       1.74606729    
       47580   2.24141026       1.21891522       1.74904382    
       47640   2.24141026       1.23077655       1.75081968    
       47700   2.24315786       1.23077655       1.75129282    
       47760   2.24331570       1.23897099       1.75415707    
       47820   2.25256753       1.23897099       1.75863945    
       47880   2.24047375       1.24271417       1.76174760    
       47940   2.23718429       1.24271417       1.76476514    
       48000   2.22284222       1.25618422       1.76818264    
       48060   2.22754049       1.25618422       1.77199888    
       48120   2.20997357       1.26434267       1.77616715    
       48180   2.19384217       1.26434267       1.78045619    
       48240   2.17273688       1.27389610       1.78509080    
       48300   2.16172981       1.27389610       1.78784072    
       48360   2.14273691       1.28418279       1.78819978    
       48420   2.11263156       1.28418279       1.78629136    
       48480   2.08423686       1.29503906       1.78422177    
       48540   2.08494592       1.29503906       1.78298986    
       48600   2.07418418       1.29575014       1.78302610    
       48660   2.06223083       1.29575014       1.78375173    
       48720   2.06223083       1.29508460       1.78547442    
       48780   2.06223083       1.29508460       1.78629386    
       48840   2.06223083       1.29861581       1.78699613    
       48900   2.06223083       1.29861581       1.78720021    
       48960   2.04352641       1.30515373       1.78832102    
       49020   2.02976322       1.30515373       1.79112434    
       49080   2.03805256       1.31030476       1.79320776    
       49140   2.03805256       1.31030476       1.79407310    
       49200   2.00759459       1.31834769       1.79527295    
       49260   1.97877777       1.31834769       1.79662061    
       49320   1.97877777       1.32298851       1.79859555    
       49380   1.96662855       1.32298851       1.80010748    
       49440   1.94544113       1.32868111       1.80117810    
       49500   1.94505882       1.32868111       1.80103636    
       49560   1.94505882       1.33672690       1.79705632    
       49620   1.92166662       1.33672690       1.79297364    
       49680   1.88975763       1.34285557       1.78999257    
       49740   1.88909376       1.34285557       1.78667367    
       49800   1.87475002       1.33365643       1.78422344    
       49860   1.87475002       1.33365643       1.78128898    
       49920   1.87915623       1.32864046       1.77838993    
       49980   1.87493753       1.32864046       1.77654123    
       50040   1.88665628       1.32704341       1.77645159    
       50100   1.90169692       1.32704341       1.77796829    
       50160   1.89174998       1.32577360       1.77841794    
       50220   1.88351607       1.32577360       1.77638686    
       50280   1.87453330       1.33168197       2.27063370    
       50340   1.90345156       1.33168197       2.26743746    
       50400   1.92322576       1.33367622       2.26757431    
       50460   1.91626668       1.33367622       2.26916695    
       50520   1.91626668       1.32608902       2.27108717    
       50580   1.90600002       1.32608902       2.27384567    
       50640   1.91913795       1.33418024       2.27293277    
       50700   1.93206894       1.33418024       2.27024841    
       50760   1.94356668       1.34506583       2.26793432    
       50820   1.94917238       1.34506583       2.26330900    
       50880   1.93814290       1.34306347       2.25660682    
       50940   1.95589280       1.34306347       2.25052643    
       51000   1.95589280       1.34315670       2.24394131    
       51060   1.95703709       1.34315670       2.23461056    
       51120   1.95703709       1.33515084       2.22449517    
       51180   1.95264280       1.33515084       2.21581411    
       51240   1.95264280       1.32466996       2.20868850    
       51300   1.96220684       1.32466996       2.20311499    
       51360   1.97073328       1.31014311       2.19921780    
       51420   1.99603331       1.31014311       2.19238615    
       51480   1.99603331       1.30066907       2.18477488    
       51540   2.02446675       1.30066907       2.17827821    
       51600   2.04500008       1.29643619       2.17336726    
       51660   2.04903340       1.29643619       2.16860032    
       51720   2.04903340       1.28725755       2.16445327    
       51780   2.06760001       1.28725755       2.16023183    
       51840   2.08417249       1.28250933       2.15640783    
       51900   2.10682154       1.28250933       2.15202451    
       51960   2.10682154       1.27816391       2.14883065    
       52020   2.12071419       1.27816391       2.14660239    
       52080   2.14078569       1.27322960       2.14588380    
       52140   2.15653563       1.27322960       2.14393091    
       52200   2.15653563       1.27086878       2.14134622    
       52260   2.16599989       1.27086878       2.13721156    
       52320   2.18282151       1.27250838       2.13332176    
       52380   2.18013787       1.27250838       2.12905622    
       52440   2.18013787       1.26991653       2.12885261    
       52500   2.18013787       1.26991653       2.13171482    
       52560   2.18013787       1.26677895       2.13339114    
       52620   2.18013787       1.26677895       2.13242245    
       52680   2.17499995       1.27827322       2.13008237    
       52740   2.15048265       1.27827322       2.12880564    
       52800   2.14299989       1.28419387       2.12624812    
       52860   2.14299989       1.28419387       2.12087011    
       52920   2.14112902       1.28402722       2.11601043    
       52980   2.12587500       1.28402722       2.11125851    
       53040   2.11793947       1.27846718       2.10634112    
       53100   2.11793947       1.27846718       2.10144234    
       53160   2.10154557       1.27489412       2.09585786    
       53220   2.08594108       1.27489412       2.09255934    
       53280   2.08394289       1.27086186       2.09331989    
       53340   2.10255885       1.27086186       2.09736800    
       53400   2.08625722       1.26452911       2.10228109    
       53460   2.07551432       1.26452911       2.10726690    
       53520   2.07036114       1.27477121       2.11083651    
       53580   2.07194281       1.27477121       2.11285496    
       53640   2.08435297       1.28913414       2.11448741    
       53700   2.07069707       1.28913414       2.11539197    
       53760   2.04448485       1.29878449       2.11539769    
       53820   2.02973533       1.29878449       2.11753416    
       53880   2.02191424       1.30784059       2.11747098    
       53940   2.02191424       1.30784059       2.12059331    
       54000   1.98459995       1.31435430       2.12519288    
       54060   1.95120001       1.31435430       2.12957168    
       54120   1.95120001       1.31911373       2.13349605    
       54180   1.95120001       1.31911373       2.13709903    
       54240   1.94375002       1.32994711       2.13850117    
       54300   1.92511427       1.32994711       2.14163709    
       54360   1.89662862       1.33871245       2.14825892    
       54420   1.86562860       1.33871245       2.15576077    
       54480   1.86562860       1.34000325       2.16311455    
       54540   1.86562860       1.34000325       2.16966796    
       54600   1.84677148       1.35441875       2.17570210    
       54660   1.83511114       1.35441875       2.18249989    
       54720   1.83511114       1.36804163       2.19001412    
       54780   1.82294595       1.36804163       2.19662666    
       54840   1.82263887       1.37996483       2.20109487    
       54900   1.82263887       1.37996483       2.20366931    
       54960   1.81099999       1.39475417       2.20692539    
       55020   1.79237139       1.39475417       2.21128869    
       55080   1.75862861       1.40129483       2.21536016    
       55140   1.75862861       1.40129483       2.21756411    
       55200   1.72885716       1.41056466       2.21759462    
       55260   1.69534290       1.41056466       2.21580267    
       55320   1.67085719       1.41867292       2.21441603    
       55380   1.66147220       1.41867292       2.21383500    
       55440   1.64845717       1.41830826       2.21423745    
       55500   1.63808334       1.41830826       2.21606851    
       55560   1.63840544       1.41911471       2.21787906    
       55620   1.62886846       1.41911471       2.21894193    
       55680   1.62345946       1.42383671       2.22039533    
       55740   1.60932434       1.42383671       2.22262859    
       55800   1.59391892       1.42863500       2.22597599    
       55860   1.59391892       1.42863500       2.23064780    
       55920   1.58005404       1.43472922       2.23441601    
       55980   1.56619442       1.43472922       2.23627424    
       56040   1.55166662       1.44512987       2.23737860    
       56100   1.54916215       1.44512987       2.23392200    
       56160   1.54916215       1.45195115       2.22824407    
       56220   1.54916215       1.45195115       2.22516942    
       56280   1.54916215       1.45575523       2.22333455    
       56340   1.55097222       1.45575523       2.22184777    
       56400   1.54251432       1.45092809       2.22056985    
       56460   1.53123534       1.45092809       2.22205377    
       56520   1.53123534       1.45094073       2.22419643    
       56580   1.51445460       1.45094073       2.22374129    
       56640   1.51012504       1.45196855       2.22325730    
       56700   1.49870968       1.45196855       2.22293115    
       56760   1.50103128       1.45566046       2.22194481    
       56820   1.50353122       1.45566046       2.22082448    
       56880   1.50135481       1.45914602       2.21852922    
       56940   1.49406457       1.45914602       2.21306348    
       57000   1.49928129       1.46021640       2.20705271    
       57060   1.50224996       1.46021640       2.20257211    
       57120   1.50199997       1.45682085       2.19666815    
       57180   1.48906672       1.45682085       2.19044018    
       57240   1.48906672       1.45135558       2.18500304    
       57300   1.49187100       1.45135558       2.17875099    
       57360   1.50146878       1.44048190       2.17074108    
       57420   1.50731254       1.44048190       2.16065383    
       57480   1.50616133       1.43284261       1.44168007    
       57540   1.49812901       1.43284261       1.42996836    
       57600   1.50343752       1.41838992       1.41939485    
       57660   1.50637496       1.41838992       1.40727305    
       57720   1.50934374       1.39967394       1.39540780    
       57780   1.50934374       1.39967394       1.38328815    
       57840   1.51206064       1.38348949       1.37085819    
       57900   1.51172721       1.38348949       1.35955691    
       57960   1.52561760       1.36724532       1.34916508    
       58020   1.53036368       1.36724532       1.33753514    
       58080   1.55403030       1.34829021       1.32559562    
       58140   1.55447054       1.34829021       1.31407356    
       58200   1.55447054       1.33121860       1.30440390    
       58260   1.55817652       1.33121860       1.29600322    
       58320   1.55944121       1.31213570       1.28730857    
       58380   1.55944121       1.31213570       1.27829814    
       58440   1.56694114       1.29885316       1.27103627    
       58500   1.56694114       1.29885316       1.26672041    
       58560   1.56694114       1.28381968       1.26551330    
       58620   1.56694114       1.28381968       1.26499879    
       58680   1.56696975       1.27526069       1.26519990    
       58740   1.56943750       1.27526069       1.26761508    
       58800   1.56943750       1.27852011       1.26951969    
       58860   1.56832254       1.27852011       1.27151930    
       58920   1.57506669       1.28407502       1.27405322    
       58980   1.59372413       1.28407502       1.27517128    
       59040   1.60303569       1.28720474       1.27528763    
       59100   1.60303569       1.28720474       1.27452493    
       59160   1.61518514       1.29219067       1.27223265    
       59220   1.61384618       1.29219067       1.27022994    
       59280   1.62735999       1.29354966       1.26912940    
       59340   1.62735999       1.29354966       1.26817834    
       59400   1.63566661       1.28901923       1.26672244    
       59460   1.64695656       1.28901923       1.26479018    
       59520   1.64695656       1.28844929       1.26092815    
       59580   1.65690911       1.28844929       1.25771499    
       59640   1.65690911       1.28641331       1.25573921    
       59700   1.66047621       1.28641331       1.25413156    
       59760   1.67054999       1.27701986       1.25297034    
       59820   1.67054999       1.27701986       1.25018919    
       59880   1.67054999       1.27288735       1.24508345    
       59940   1.67054999       1.27288735       1.23923898    
       60000   1.67054999       1.27080572       1.23245168    
       60060   1.67054999       1.27080572       1.22504437    
       60120   1.67054999       1.26000237       1.21819437    
       60180   1.67054999       1.26000237       1.21417832    
       60240   1.67054999       1.24590600       1.21201825    
       60300   9999.00000       1.24590600       1.20925844    
       60360   9999.00000       1.23423779       1.20567524    
       60420   9999.00000       1.23423779       1.20213354    
       60480   9999.00000       1.23005962       1.20055044    
       60540   9999.00000       1.23005962       1.20201886    
       60600   9999.00000       1.22280002       1.20382071    
       60660   9999.00000       1.22280002       1.20331919    
       60720   9999.00000       1.22324288       1.19998419    
       60780   9999.00000       1.22324288       1.19674599    
       60840   9999.00000       1.22509968       1.19492292    
       60900   9999.00000       1.22509968       1.19334149    
       60960   9999.00000       1.21582568       1.19209969    
       61020   9999.00000       1.21582568       1.19207203    
       61080   9999.00000       1.21204960       1.55673778    
       61140   9999.00000       1.21204960       1.55762601    
       61200   9999.00000       1.20954037       1.55858314    
       61260   9999.00000       1.20954037       1.55982649    
       61320   9999.00000       1.20950508       1.56062841    
       61380   9999.00000       1.20950508       1.55931246    
       61440   9999.00000       1.20938158       1.55728424    
       61500   9999.00000       1.20938158       1.55492640    
       61560   9999.00000       1.20730770       1.55307281    
       61620   9999.00000       1.20730770       1.55220556    
       61680   9999.00000       1.20210910       1.55281222    
       61740   9999.00000       1.20210910       1.55415499    
       61800   9999.00000       1.19899440       1.55461526    
       61860   9999.00000       1.19899440       1.55305219    
       61920   9999.00000       1.20102155       1.55059671    
       61980   9999.00000       1.20102155       1.54880643    
       62040   9999.00000       1.19956529       1.54812849    
       62100   9999.00000       1.19956529       1.54641831    
       62160   9999.00000       1.19450986       1.54418623    
       62220   9999.00000       1.19450986       1.54117286    
       62280   9999.00000       1.19375610       1.53689456    
       62340   9999.00000       1.19375610       1.53128099    
       62400   9999.00000       1.19090557       1.52494729    
       62460   9999.00000       1.19090557       1.52059340    
       62520   9999.00000       1.18324530       1.51762438    
       62580   9999.00000       1.18324530       1.51550281    
       62640   9999.00000       1.17285550       1.51362038    
       62700   9999.00000       1.17285550       1.51136851    
       62760   9999.00000       1.16815257       1.51004589    
       62820   9999.00000       1.16815257       1.51010883    
       62880   9999.00000       1.16445172       1.50753391    
       62940   9999.00000       1.16445172       1.50454974    
       63000   9999.00000       1.16460085       1.50105882    
       63060   9999.00000       1.16460085       1.49751353    
       63120   9999.00000       1.16092026       1.49380147    
       63180   9999.00000       1.16092026       1.49136341    
       63240   9999.00000       1.15547776       1.49017227    
       63300   9999.00000       1.15547776       1.48941302    
       63360   9999.00000       1.14967942       1.48899710    
       63420   9999.00000       1.14967942       1.48868525    
       63480   9999.00000       1.14893162       1.48839414    
       63540   9999.00000       1.14893162       1.48876274    
       63600   9999.00000       1.14976239       1.48974097    
       63660   9999.00000       1.14976239       1.49142396    
       63720   9999.00000       1.15092111       1.49376202    
       63780   9999.00000       1.15092111       1.49504018    
       63840   9999.00000       1.15462410       1.49509466    
       63900   9999.00000       1.15462410       1.49511456    
       63960   9999.00000       1.16107357       1.49501944    
       64020   9999.00000       1.16107357       1.49506271    
       64080   9999.00000       1.16305017       1.49518692    
       64140   9999.00000       1.16305017       1.49236262    
       64200   9999.00000       1.16474080       1.48632050    
       64260   9999.00000       1.16474080       1.48119104    
       64320   9999.00000       1.16688502       1.47700953    
       64380   9999.00000       1.16688502       1.47476399    
       64440   9999.00000       1.15688717       1.47458994    
       64500   9999.00000       1.15688717       1.47424233    
       64560   9999.00000       1.15057182       1.47368848    
       64620   9999.00000       1.15057182       1.47277367    
