 20190223
 Seconds  Measures(SEE-arcsec)  Meso-NH(SEE-arcsec)  FORECAST_AR(SEE-arcsec)
       28680   1.46354055      0.615730345       1.18294334    
       28740   1.45678377      0.615730345       1.18433058    
       28800   1.45429730      0.611307740       1.18511176    
       28860   1.45263159      0.611307740       1.18465817    
       28920   1.44881082      0.610468268       1.18363655    
       28980   1.44402707      0.610468268       1.18277705    
       29040   1.44786847      0.607145131       1.18221283    
       29100   1.45818424      0.607145131       1.18226111    
       29160   1.45867562      0.601550102       1.18346167    
       29220   1.46992111      0.601550102       1.18525434    
       29280   1.47513163      0.597074807       1.18820024    
       29340   1.47067571      0.597074807       1.19283974    
       29400   1.46678948      0.597204924       1.19981396    
       29460   1.45355260      0.597204924       1.20841384    
       29520   1.42418420      0.601890743       1.21663940    
       29580   1.42705405      0.601890743       1.22425878    
       29640   1.41323686      0.615782738       1.23140752    
       29700   1.40255260      0.615782738       1.23811781    
       29760   1.39005268      0.628582954       1.24413025    
       29820   1.38797295      0.628582954       1.24928355    
       29880   1.37731576      0.639762342       1.25318098    
       29940   1.36321056      0.639762342       1.25697470    
       30000   1.34057891      0.648341954       1.26028025    
       30060   1.33513510      0.648341954       1.26289272    
       30120   1.32936847      0.652116776       1.26531613    
       30180   1.32136846      0.652116776       1.26755643    
       30240   1.31984210      0.654025197       1.26967287    
       30300   1.31918919      0.654025197       1.27078366    
       30360   1.31555259      0.655419886       1.27126241    
       30420   1.30710530      0.655419886       1.27199960    
       30480   1.30008113      0.656525075       1.27327991    
       30540   1.29256761      0.656525075       1.27522528    
       30600   1.28094733      0.655353367       1.27824605    
       30660   1.27178943      0.655353367       1.28175926    
       30720   1.25731575      0.656494081       1.28540790    
       30780   1.25375676      0.656494081       1.28898728    
       30840   1.24434209      0.661985397       1.29187381    
       30900   1.23002636      0.661985397       1.29464006    
       30960   1.21928942      0.668152571       1.29726803    
       31020   1.21928942      0.668152571       1.29953086    
       31080   1.21674359      0.671845138       1.30126667    
       31140   1.21047497      0.671845138       1.30236232    
       31200   1.20202434      0.675162494       1.30296838    
       31260   1.20202434      0.675162494       1.30323970    
       31320   1.19342852      0.676538289       1.30334461    
       31380   1.18393028      0.676538289       1.30299079    
       31440   1.17884088      0.676028073       1.30249250    
       31500   1.17884088      0.676028073       1.30201447    
       31560   1.17311108      0.674946785       1.30160940    
       31620   1.16836953      0.674946785       1.30108154    
       31680   1.14767396      0.673385322       1.30025077    
       31740   1.13597775      0.673385322       1.29857552    
       31800   1.13271737      0.672211528       1.29608047    
       31860   1.12504351      0.672211528       1.29364002    
       31920   1.11765218      0.669944286       1.29121912    
       31980   1.10977781      0.669944286       1.28906894    
       32040   1.11106527      0.664550543       1.28725898    
       32100   1.10586953      0.664550543       1.28524327    
       32160   1.10023916      0.659374833       1.28302681    
       32220   1.09217775      0.659374833       1.28077435    
       32280   1.09763038      0.655640900       1.66454291    
       32340   1.09058690      0.655640900       1.66260433    
       32400   1.08708692      0.651217282       1.66054738    
       32460   1.08175552      0.651217282       1.65879178    
       32520   1.07446671      0.646231651       1.65777242    
       32580   1.07286954      0.646231651       1.65673828    
       32640   1.06500006      0.640831888       1.65578818    
       32700   1.05421734      0.640831888       1.65462804    
       32760   1.04044449      0.638205469       1.65345252    
       32820   1.04415214      0.638205469       1.65185452    
       32880   1.02544439      0.635604560       1.64959562    
       32940   1.01635551      0.635604560       1.64635503    
       33000   1.01389134      0.633220792       1.64219511    
       33060   1.00228262      0.633220792       1.63644195    
       33120   1.00108886      0.629285932       1.62900090    
       33180  0.997755527      0.629285932       1.62188780    
       33240  0.992717385      0.621919394       1.61481464    
       33300  0.989478290      0.621919394       1.60766232    
       33360  0.993311107      0.607984543       1.60103142    
       33420  0.990088880      0.607984543       1.59501863    
       33480  0.984826088      0.594646513       1.58913493    
       33540  0.982413054      0.594646513       1.58395648    
       33600  0.981711090      0.583050311       1.57899344    
       33660  0.983977795      0.583050311       1.57457578    
       33720  0.981217384      0.572465897       1.57084477    
       33780  0.975847840      0.572465897       1.56727016    
       33840  0.972422242      0.562970340       1.56417930    
       33900  0.963155568      0.562970340       1.56151986    
       33960  0.960086942      0.556063831       1.55950582    
       34020  0.951521754      0.556063831       1.55763197    
       34080  0.949155569      0.551244020       1.55657339    
       34140  0.945043504      0.551244020       1.55606639    
       34200  0.940065205      0.548672140       1.55548835    
       34260  0.937804341      0.548672140       1.55451787    
       34320  0.937911093      0.549382806       1.55260599    
       34380  0.936022222      0.549382806       1.55013525    
       34440  0.936434805      0.550233483       1.54709613    
       34500  0.934695661      0.550233483       1.54418719    
       34560  0.931500018      0.547521651       1.54156601    
       34620  0.929911137      0.547521651       1.53921103    
       34680  0.926913023      0.542845726       1.53743625    
       34740  0.917565227      0.542845726       1.53634942    
       34800  0.910956502      0.539410830       1.53542089    
       34860  0.912000000      0.539410830       1.53449667    
       34920  0.906391323      0.538298607       1.53374577    
       34980  0.901413023      0.538298607       1.53298283    
       35040  0.899413049      0.537960708       1.53232658    
       35100  0.898066640      0.537960708       1.53146279    
       35160  0.893413067      0.538350642       1.53058183    
       35220  0.888456523      0.538350642       1.52965486    
       35280  0.881260872      0.539269269       1.52832592    
       35340  0.881977797      0.539269269       1.52679765    
       35400  0.875934780      0.540279925       1.52520919    
       35460  0.868499994      0.540279925       1.52350581    
       35520  0.864391327      0.539912999       1.52200329    
       35580  0.862622201      0.539912999       1.52074754    
       35640  0.857065201      0.539310098       1.51964450    
       35700  0.846652150      0.539310098       1.51863313    
       35760  0.837130427      0.539596617       1.51782966    
       35820  0.822044432      0.539596617       1.51722932    
       35880  0.818804324      0.540648460      0.865023196    
       35940  0.803717375      0.540648460      0.864823043    
       36000  0.792043507      0.542591751      0.864850342    
       36060  0.784733355      0.542591751      0.865015149    
       36120  0.779999971      0.545179844      0.865272760    
       36180  0.769326091      0.545179844      0.865436435    
       36240  0.759434760      0.548364639      0.865946174    
       36300  0.754511118      0.548364639      0.866893291    
       36360  0.746866643      0.551720202      0.867967904    
       36420  0.745978236      0.551720202      0.869057417    
       36480  0.733369589      0.556481838      0.870283008    
       36540  0.733369589      0.556481838      0.871676564    
       36600  0.722913027      0.561830163      0.873463094    
       36660  0.716086984      0.561830163      0.875595212    
       36720  0.714260876      0.567640662      0.877773821    
       36780  0.714260876      0.567640662      0.880103290    
       36840  0.713304341      0.575174689      0.881821573    
       36900  0.710608721      0.575174689      0.883048594    
       36960  0.706282616      0.582721889      0.883758008    
       37020  0.706282616      0.582721889      0.883440971    
       37080  0.702217400      0.587793350      0.882692218    
       37140  0.699847817      0.587793350      0.881873429    
       37200  0.694456518      0.590823591      0.880846739    
       37260  0.694456518      0.590823591      0.880056322    
       37320  0.688434780      0.591850817      0.879350424    
       37380  0.681782603      0.591850817      0.878689885    
       37440  0.679434776      0.592231154      0.878135800    
       37500  0.679434776      0.592231154      0.877366960    
       37560  0.675195634      0.592900634      0.876047611    
       37620  0.671933353      0.592900634      0.874095261    
       37680  0.669888914      0.593999088      0.872430563    
       37740  0.670021713      0.593999088      0.870403826    
       37800  0.667304337      0.593115091      0.868296266    
       37860  0.664777756      0.593115091      0.866669357    
       37920  0.662733316      0.593241215      0.864919484    
       37980  0.660499990      0.593241215      0.863591015    
       38040  0.654304326      0.593121707      0.862505257    
       38100  0.645630419      0.593121707      0.861572862    
       38160  0.641844451      0.592531323      0.860928595    
       38220  0.635466695      0.592531323      0.860368252    
       38280  0.633978248      0.592779040      0.859466553    
       38340  0.627043486      0.592779040      0.857942939    
       38400  0.625644445      0.594166934      0.855986178    
       38460  0.621688902      0.594166934      0.854143143    
       38520  0.620000005      0.594167769      0.852522194    
       38580  0.616282582      0.594167769      0.851000726    
       38640  0.616377771      0.592353702      0.849997520    
       38700  0.611511111      0.592353702      0.849393249    
       38760  0.608804345      0.591423392      0.849513650    
       38820  0.604043484      0.591423392      0.850181818    
       38880  0.602066696      0.592501283      0.851302147    
       38940  0.600222230      0.592501283      0.853212237    
       39000  0.596978247      0.596456289      0.855011821    
       39060  0.594413042      0.596456289      0.856594086    
       39120  0.593311131      0.602185249      0.857737124    
       39180  0.590666652      0.602185249      0.858109832    
       39240  0.591913044      0.607496917      0.857997239    
       39300  0.593717396      0.607496917      0.857462764    
       39360  0.591577768      0.611020088      0.856774032    
       39420  0.591488898      0.611020088      0.855816782    
       39480  0.591260850      0.612618625      0.499178857    
       39540  0.589195669      0.612618625      0.494465142    
       39600  0.587866664      0.613578260      0.489472479    
       39660  0.586977780      0.613578260      0.484512210    
       39720  0.590847850      0.613435626      0.479596615    
       39780  0.591065228      0.613435626      0.474748462    
       39840  0.591488898      0.612469673      0.470013976    
       39900  0.589777768      0.612469673      0.465128988    
       39960  0.587891281      0.611339629      0.459883511    
       40020  0.581891298      0.611339629      0.454645455    
       40080  0.579133332      0.610629618      0.449446261    
       40140  0.576622248      0.610629618      0.444006890    
       40200  0.574608684      0.608818352      0.438329488    
       40260  0.574347854      0.608818352      0.432082236    
       40320  0.574022233      0.606684148      0.425363570    
       40380  0.571045458      0.606684148      0.418496370    
       40440  0.571045458      0.603246570      0.411581784    
       40500  0.568340898      0.603246570      0.405276269    
       40560  0.566627920      0.597774625      0.399552554    
       40620  0.566255808      0.597774625      0.394460350    
       40680  0.568886340      0.591702998      0.389683723    
       40740  0.568386376      0.591702998      0.384808511    
       40800  0.566744208      0.587756872      0.380234987    
       40860  0.564023256      0.587756872      0.375942647    
       40920  0.563590884      0.585052311      0.371832967    
       40980  0.561931789      0.585052311      0.368123084    
       41040  0.562186062      0.582988024      0.364621222    
       41100  0.556046486      0.582988024      0.361267865    
       41160  0.554681838      0.581582129      0.358142257    
       41220  0.554348826      0.581582129      0.355519831    
       41280  0.555000007      0.580781639      0.353284955    
       41340  0.551795483      0.580781639      0.350643724    
       41400  0.548227251      0.580704689      0.347514480    
       41460  0.546209276      0.580704689      0.343586415    
       41520  0.546886384      0.582224786      0.338918060    
       41580  0.546454549      0.582224786      0.334031969    
       41640  0.547909081      0.581621587      0.329086393    
       41700  0.549613655      0.581621587      0.324285597    
       41760  0.549465120      0.577726245      0.319466561    
       41820  0.550090909      0.577726245      0.314406395    
       41880  0.551659107      0.573485434      0.309656233    
       41940  0.551302314      0.573485434      0.305679202    
       42000  0.552441835      0.568862379      0.302410960    
       42060  0.552022755      0.568862379      0.299745858    
       42120  0.553681791      0.565295815      0.297549188    
       42180  0.553906977      0.565295815      0.295666277    
       42240  0.553418577      0.564489841      0.293765366    
       42300  0.553418577      0.564489841      0.291476309    
       42360  0.555348814      0.565300107      0.289062530    
       42420  0.557767451      0.565300107      0.286189437    
       42480  0.561813951      0.565957606      0.282759219    
       42540  0.563386381      0.565957606      0.278817654    
       42600  0.563906968      0.566032469      0.274166793    
       42660  0.568976760      0.566032469      0.269713849    
       42720  0.570952356      0.563671947      0.265650928    
       42780  0.570418596      0.563671947      0.262207150    
       42840  0.568976760      0.558389068      0.259783357    
       42900  0.565907001      0.558389068      0.258078009    
       42960  0.562952399      0.554530859      0.256833375    
       43020  0.562348843      0.554530859      0.255800277    
       43080  0.560418606      0.554476321      0.468517870    
       43140  0.560139537      0.554476321      0.469252199    
       43200  0.559209287      0.556119740      0.469745398    
       43260  0.559209287      0.556119740      0.469943374    
       43320  0.558325589      0.558730125      0.470154345    
       43380  0.551651180      0.558730125      0.470323533    
       43440  0.551047623      0.560205162      0.470355332    
       43500  0.550906956      0.560205162      0.470139146    
       43560  0.553558111      0.561642647      0.469678491    
       43620  0.554651141      0.561642647      0.468948722    
       43680  0.556571424      0.562384427      0.468369395    
       43740  0.556069791      0.562384427      0.468027592    
       43800  0.555953503      0.562160194      0.467826486    
       43860  0.558395326      0.562160194      0.467908531    
       43920  0.558238089      0.562609434      0.467887342    
       43980  0.557162762      0.562609434      0.467617422    
       44040  0.555227280      0.563618064      0.466920257    
       44100  0.555227280      0.563618064      0.465795547    
       44160  0.553250015      0.564140856      0.464815438    
       44220  0.550911129      0.564140856      0.464033484    
       44280  0.549555540      0.563027680      0.463367522    
       44340  0.546545446      0.563027680      0.463034779    
       44400  0.544340909      0.562398374      0.462694824    
       44460  0.542800009      0.562398374      0.462040454    
       44520  0.543613613      0.562130988      0.462113112    
       44580  0.542522728      0.562130988      0.463001013    
       44640  0.539840937      0.561817884      0.463651478    
       44700  0.537422240      0.561817884      0.464201421    
       44760  0.538340926      0.564266086      0.464409381    
       44820  0.535613656      0.564266086      0.464224577    
       44880  0.532111108      0.565771163      0.464310586    
       44940  0.528022230      0.565771163      0.464691639    
       45000  0.527431846      0.565895855      0.465248406    
       45060  0.524113655      0.565895855      0.466070861    
       45120  0.522222221      0.567052960      0.466691315    
       45180  0.518266678      0.567052960      0.467118233    
       45240  0.515590906      0.568946123      0.467539638    
       45300  0.510363638      0.568946123      0.467791498    
       45360  0.505249977      0.570007920      0.468277931    
       45420  0.505249977      0.570007920      0.469203323    
       45480  0.501068175      0.571026862      0.470226973    
       45540  0.499930233      0.571026862      0.470834911    
       45600  0.496568173      0.572940946      0.471058726    
       45660  0.494181812      0.572940946      0.470890820    
       45720  0.490772724      0.575168312      0.470170647    
       45780  0.489232570      0.575168312      0.469039768    
       45840  0.486772716      0.575848997      0.467802912    
       45900  0.487348825      0.575848997      0.466775537    
       45960  0.487348825      0.574324548      0.466289848    
       46020  0.485690475      0.574324548      0.466048062    
       46080  0.483121961      0.572334588      0.465996295    
       46140  0.479225010      0.572334588      0.466273338    
       46200  0.475333333      0.572461247      0.466725767    
       46260  0.475333333      0.572461247      0.467560798    
       46320  0.470236838      0.573325872      0.468789488    
       46380  0.470236838      0.573325872      0.470193416    
       46440  0.468135148      0.574859083      0.471734107    
       46500  0.466611117      0.574859083      0.473044306    
       46560  0.465200007      0.577918947      0.473844469    
       46620  0.465200007      0.577918947      0.474386036    
       46680  0.463088244      0.581506431      0.555362582    
       46740  0.459757566      0.581506431      0.555463016    
       46800  0.456343740      0.583048046      0.555257380    
       46860  0.453709692      0.583048046      0.555285454    
       46920  0.453709692      0.584174037      0.555527508    
       46980  0.446677417      0.584174037      0.555648565    
       47040  0.442870975      0.584141970      0.555779159    
       47100  0.442870975      0.584141970      0.556070924    
       47160  0.439466655      0.584865034      0.556335151    
       47220  0.434517235      0.584865034      0.556525052    
       47280  0.430392861      0.585666239      0.556967556    
       47340  0.430392861      0.585666239      0.557246327    
       47400  0.426518530      0.586304903      0.557069600    
       47460  0.423192322      0.586304903      0.556522667    
       47520  0.416559994      0.587933123      0.555756271    
       47580  0.414576918      0.587933123      0.555166662    
       47640  0.408269227      0.587824225      0.554732144    
       47700  0.405719995      0.587824225      0.554620802    
       47760  0.402923077      0.586831391      0.554857910    
       47820  0.399615377      0.586831391      0.554858267    
       47880  0.401884615      0.586546481      0.554634511    
       47940  0.398880005      0.586546481      0.554306567    
       48000  0.402884603      0.587601781      0.553621769    
       48060  0.405346155      0.587601781      0.552894354    
       48120  0.405230761      0.587716520      0.552575290    
       48180  0.405230761      0.587716520      0.551625192    
       48240  0.405115396      0.586397111      0.549880147    
       48300  0.407653838      0.586397111      0.548407972    
       48360  0.408192307      0.586555064      0.547185540    
       48420  0.408192307      0.586555064      0.546441793    
       48480  0.410384625      0.583607793      0.546368599    
       48540  0.413769245      0.583607793      0.546313167    
       48600  0.416615397      0.581657946      0.546041489    
       48660  0.416615397      0.581657946      0.545674145    
       48720  0.421846151      0.582321644      0.544901252    
       48780  0.425384611      0.582321644      0.544169366    
       48840  0.435153842      0.582150638      0.543928266    
       48900  0.435153842      0.582150638      0.544002295    
       48960  0.440653861      0.580339193      0.544434071    
       49020  0.449000001      0.580339193      0.544812322    
       49080  0.451703697      0.580451846      0.545146108    
       49140  0.453961551      0.580451846      0.545780182    
       49200  0.461703718      0.581989527      0.546257198    
       49260  0.473407418      0.581989527      0.546555281    
       49320  0.486148149      0.583296955      0.547170043    
       49380  0.490076929      0.583296955      0.548250854    
       49440  0.500962973      0.583988428      0.549118519    
       49500  0.515999973      0.583988428      0.549478710    
       49560  0.522785723      0.585886419      0.549905598    
       49620  0.522785723      0.585886419      0.550062120    
       49680  0.532275856      0.586934566      0.550035059    
       49740  0.548333347      0.586934566      0.549874127    
       49800  0.565677404      0.588232696      0.549733102    
       49860  0.565677404      0.588232696      0.549769044    
       49920  0.569406271      0.588802040      0.549952805    
       49980  0.574848473      0.588802040      0.550271869    
       50040  0.581529438      0.589461744      0.550520718    
       50100  0.581529438      0.589461744      0.550737739    
       50160  0.586057127      0.590692341      0.550373614    
       50220  0.589027762      0.590692341      0.549706280    
       50280  0.593432426      0.591644347      0.285488307    
       50340  0.593432426      0.591644347      0.284196675    
       50400  0.597078919      0.590283453      0.284390211    
       50460  0.603666663      0.590283453      0.286153018    
       50520  0.603666663      0.590855539      0.286715001    
       50580  0.604499996      0.590855539      0.286153406    
       50640  0.619075000      0.597119689      0.285163850    
       50700  0.628099978      0.597119689      0.283654660    
       50760  0.628099978      0.598481178      0.282010466    
       50820  0.630512178      0.598481178      0.280396879    
       50880  0.636857152      0.598106980      0.278805107    
       50940  0.642604649      0.598106980      0.276941389    
       51000  0.642604649      0.597054362      0.274787515    
       51060  0.644749999      0.597054362      0.272574276    
       51120  0.647333324      0.595975459      0.270216584    
       51180  0.647333324      0.595975459      0.267530173    
       51240  0.657244444      0.593700051      0.264911324    
       51300  0.668244421      0.593700051      0.262372226    
       51360  0.674608707      0.590653777      0.260580033    
       51420  0.682200015      0.590653777      0.259500712    
       51480  0.693555534      0.587794721      0.258272141    
       51540  0.700488865      0.587794721      0.256908357    
       51600  0.707978249      0.587780595      0.254861802    
       51660  0.724391282      0.587780595      0.252413154    
       51720  0.729555547      0.587039173      0.250535637    
       51780  0.739044428      0.587039173      0.248797670    
       51840  0.743065238      0.583603978      0.246565923    
       51900  0.748600006      0.583603978      0.244002417    
       51960  0.756488860      0.582292795      0.241553858    
       52020  0.761266649      0.582292795      0.239232212    
       52080  0.761260867      0.578915715      0.236949921    
       52140  0.768555582      0.578915715      0.234505817    
       52200  0.773711085      0.575901985      0.231546804    
       52260  0.779399991      0.575901985      0.228297159    
       52320  0.779399991      0.572911859      0.225365356    
       52380  0.790577769      0.572911859      0.223055243    
       52440  0.796477258      0.567827225      0.221338451    
       52500  0.811022699      0.567827225      0.219763905    
       52560  0.817466676      0.563920140      0.218507931    
       52620  0.828222215      0.563920140      0.217514932    
       52680  0.833477259      0.562236965      0.216631681    
       52740  0.845113635      0.562236965      0.215869799    
       52800  0.853311121      0.561725557      0.214574099    
       52860  0.862555563      0.561725557      0.213197470    
       52920  0.866977274      0.561585009      0.212227777    
       52980  0.869454563      0.561585009      0.211183965    
       53040  0.867244422      0.559246719      0.209774688    
       53100  0.870022237      0.559246719      0.208687440    
       53160  0.871909082      0.558435440      0.208443671    
       53220  0.873909116      0.558435440      0.208460316    
       53280  0.871111095      0.556122720      0.208352938    
       53340  0.872772753      0.556122720      0.208038419    
       53400  0.866772711      0.557041407      0.207314104    
       53460  0.855000019      0.557041407      0.206012338    
       53520  0.849088907      0.557396412      0.204186216    
       53580  0.846844435      0.557396412      0.201856524    
       53640  0.849068165      0.556064248      0.199219868    
       53700  0.843522727      0.556064248      0.196486518    
       53760  0.838177800      0.552575290      0.193651482    
       53820  0.840409100      0.552575290      0.191261217    
       53880  0.837840915      0.547827303      0.804530799    
       53940  0.834999979      0.547827303      0.805947900    
       54000  0.829844415      0.542611003      0.807613194    
       54060  0.832068205      0.542611003      0.808488548    
       54120  0.825522721      0.539488435      0.808613777    
       54180  0.819288909      0.539488435      0.810767114    
       54240  0.817600012      0.537692189      0.813029349    
       54300  0.814818203      0.537692189      0.814745665    
       54360  0.810863614      0.533159077      0.816475987    
       54420  0.806822240      0.533159077      0.817856073    
       54480  0.808636367      0.529339731      0.819954515    
       54540  0.801181793      0.529339731      0.822733343    
       54600  0.792227268      0.525865376      0.825596988    
       54660  0.792227268      0.525865376      0.828572690    
       54720  0.786477268      0.525219262      0.831129968    
       54780  0.778999984      0.525219262      0.833360553    
       54840  0.772355556      0.525174618      0.835831702    
       54900  0.771477282      0.525174618      0.838106215    
       54960  0.762818158      0.523616135      0.840657353    
       55020  0.750613630      0.523616135      0.842873693    
       55080  0.750613630      0.523088515      0.845067441    
       55140  0.739818156      0.523088515      0.848068118    
       55200  0.729886353      0.523987889      0.851264298    
       55260  0.716727257      0.523987889      0.855208039    
       55320  0.704139531      0.524885833      0.860226333    
       55380  0.697568178      0.524885833      0.865344822    
       55440  0.688863635      0.526724637      0.870155573    
       55500  0.683395326      0.526724637      0.875310004    
       55560  0.679272711      0.532988012      0.880800962    
       55620  0.671477258      0.532988012      0.886178374    
       55680  0.665522754      0.538216650      0.891305387    
       55740  0.663302302      0.538216650      0.896294534    
       55800  0.657568157      0.544937909      0.900483608    
       55860  0.650772750      0.544937909      0.904211342    
       55920  0.648953497      0.550868630      0.907947600    
       55980  0.643659115      0.550868630      0.911072612    
       56040  0.632204533      0.553737283      0.913807571    
       56100  0.628511131      0.553737283      0.916178465    
       56160  0.613431811      0.556786001      0.918510556    
       56220  0.596568167      0.556786001      0.920621514    
       56280  0.583022714      0.558442473      0.922080100    
       56340  0.578199983      0.558442473      0.923039913    
       56400  0.567840934      0.560074866      0.923727214    
       56460  0.552813947      0.560074866      0.924810648    
       56520  0.540285707      0.559274971      0.926271617    
       56580  0.540285707      0.559274971      0.927621663    
       56640  0.532243907      0.557566762      0.928963542    
       56700  0.526300013      0.557566762      0.930591464    
       56760  0.516487181      0.557488263      0.932229936    
       56820  0.516487181      0.557488263      0.933361888    
       56880  0.509184182      0.557516634      0.933986783    
       56940  0.502729714      0.557516634      0.934478521    
       57000  0.502729714      0.557733774      0.935933590    
       57060  0.495861113      0.557733774      0.938563526    
       57120  0.493800014      0.556047082      0.942402899    
       57180  0.490999997      0.556047082      0.947396576    
       57240  0.488181829      0.558302522      0.952673793    
       57300  0.488181829      0.558302522      0.958032131    
       57360  0.486000001      0.565430760      0.962305486    
       57420  0.482225806      0.565430760      0.965503633    
       57480  0.482225806      0.573772609      0.810471892    
       57540  0.478966653      0.573772609      0.810715973    
       57600  0.473862082      0.577985346      0.810406983    
       57660  0.469249994      0.577985346      0.809036434    
       57720  0.469249994      0.581134260      0.806779683    
       57780  0.465666682      0.581134260      0.803578317    
       57840  0.462615371      0.582334042      0.799752235    
       57900  0.458680004      0.582334042      0.797186196    
       57960  0.458680004      0.580099761      0.796069145    
       58020  0.455000013      0.580099761      0.795777678    
       58080  0.447434783      0.575164020      0.796332061    
       58140  0.447434783      0.575164020      0.796655655    
       58200   9999.00000      0.576064825      0.797013640    
       58260   9999.00000      0.576064825      0.798037231    
       58320   9999.00000      0.580214679      0.800464272    
       58380   9999.00000      0.580214679      0.804868698    
       58440   9999.00000      0.584453106      0.809534550    
       58500   9999.00000      0.584453106      0.813873589    
       58560   9999.00000      0.594362974      0.816774964    
       58620   9999.00000      0.594362974      0.817772865    
       58680   9999.00000      0.605174661      0.817673564    
       58740   9999.00000      0.605174661      0.816126823    
       58800   9999.00000      0.610177159      0.813761473    
       58860   9999.00000      0.610177159      0.811172724    
       58920   9999.00000      0.610900581      0.808672309    
       58980   9999.00000      0.610900581      0.805963695    
       59040   9999.00000      0.608218968      0.803199410    
       59100   9999.00000      0.608218968      0.800789654    
       59160   9999.00000      0.606052160      0.798965454    
       59220   9999.00000      0.606052160      0.797734261    
       59280   9999.00000      0.603626549      0.797169387    
       59340   9999.00000      0.603626549      0.797409415    
       59400   9999.00000      0.603461444      0.796365440    
       59460   9999.00000      0.603461444      0.794670105    
       59520   9999.00000      0.605936527      0.793052137    
       59580   9999.00000      0.605936527      0.791038871    
       59640   9999.00000      0.603312016      0.789516449    
       59700   9999.00000      0.603312016      0.788284779    
       59760   9999.00000      0.600949228      0.787458420    
       59820   9999.00000      0.600949228      0.786704421    
       59880   9999.00000      0.600565195      0.785347104    
       59940   9999.00000      0.600565195      0.783844411    
       60000   9999.00000      0.601686180      0.782513142    
       60060   9999.00000      0.601686180      0.781111598    
       60120   9999.00000      0.600456357      0.779927492    
       60180   9999.00000      0.600456357      0.778969109    
       60240   9999.00000      0.599908948      0.779036760    
       60300   9999.00000      0.599908948      0.780026376    
       60360   9999.00000      0.600166500      0.781248271    
       60420   9999.00000      0.600166500      0.782975256    
       60480   9999.00000      0.604425967      0.785147846    
       60540   9999.00000      0.604425967      0.787771702    
       60600   9999.00000      0.609624624      0.790733039    
       60660   9999.00000      0.609624624      0.792946219    
       60720   9999.00000      0.616537750      0.794461966    
       60780   9999.00000      0.616537750      0.795239568    
       60840   9999.00000      0.624760211      0.795204580    
       60900   9999.00000      0.624760211      0.795225203    
       60960   9999.00000      0.630230129      0.795295417    
       61020   9999.00000      0.630230129      0.796580493    
       61080   9999.00000      0.632446885      0.320089340    
       61140   9999.00000      0.632446885      0.320202261    
       61200   9999.00000      0.634846866      0.319742620    
       61260   9999.00000      0.634846866      0.318975836    
       61320   9999.00000      0.638386250      0.318191290    
       61380   9999.00000      0.638386250      0.317092866    
       61440   9999.00000      0.639791787      0.316253483    
       61500   9999.00000      0.639791787      0.315346152    
       61560   9999.00000      0.640845120      0.314448208    
       61620   9999.00000      0.640845120      0.313333988    
       61680   9999.00000      0.642667294      0.312541395    
       61740   9999.00000      0.642667294      0.312039614    
       61800   9999.00000      0.644496262      0.312426478    
       61860   9999.00000      0.644496262      0.313517094    
       61920   9999.00000      0.647322714      0.313309968    
       61980   9999.00000      0.647322714      0.311027139    
       62040   9999.00000      0.653477848      0.306695133    
       62100   9999.00000      0.653477848      0.302002132    
       62160   9999.00000      0.654509783      0.297494888    
       62220   9999.00000      0.654509783      0.294300973    
       62280   9999.00000      0.647321582      0.292766452    
       62340   9999.00000      0.647321582      0.292017639    
       62400   9999.00000      0.640602589      0.292143732    
       62460   9999.00000      0.640602589      0.292564243    
       62520   9999.00000      0.640383542      0.293172508    
       62580   9999.00000      0.640383542      0.293678403    
       62640   9999.00000      0.643360138      0.294248611    
       62700   9999.00000      0.643360138      0.294728547    
       62760   9999.00000      0.647028685      0.295033157    
       62820   9999.00000      0.647028685      0.294923961    
       62880   9999.00000      0.650915980      0.293753654    
       62940   9999.00000      0.650915980      0.291880697    
       63000   9999.00000      0.653990090      0.289278418    
       63060   9999.00000      0.653990090      0.288111389    
       63120   9999.00000      0.653713167      0.288500547    
       63180   9999.00000      0.653713167      0.289730370    
       63240   9999.00000      0.650462627      0.291840613    
       63300   9999.00000      0.650462627      0.293873191    
       63360   9999.00000      0.653008044      0.295792937    
       63420   9999.00000      0.653008044      0.297461480    
       63480   9999.00000      0.658886790      0.298884779    
       63540   9999.00000      0.658886790      0.300884128    
       63600   9999.00000      0.664243639      0.303467423    
       63660   9999.00000      0.664243639      0.306250751    
       63720   9999.00000      0.668536246      0.309261739    
       63780   9999.00000      0.668536246      0.312110126    
       63840   9999.00000      0.675026596      0.314797997    
       63900   9999.00000      0.675026596      0.316187233    
       63960   9999.00000      0.682226539      0.316166848    
       64020   9999.00000      0.682226539      0.315656662    
       64080   9999.00000      0.688714743      0.314616412    
       64140   9999.00000      0.688714743      0.313095599    
       64200   9999.00000      0.689758122      0.311053783    
       64260   9999.00000      0.689758122      0.308647245    
       64320   9999.00000      0.688670635      0.305833817    
       64380   9999.00000      0.688670635      0.302459151    
       64440   9999.00000      0.685524523      0.298492938    
       64500   9999.00000      0.685524523      0.294025511    
       64560   9999.00000      0.680774748      0.289017707    
       64620   9999.00000      0.680774748      0.283438861    
