 20181113
 Seconds  Measures(TEMP-C°)  Meso-NH(TEMP-C°)  FORECAST_AR(TEMP-C°)
        7200   13.7352457       14.8169794       14.1814346    
        7260   13.7354097       14.8194885       14.1900034    
        7320   13.7352457       14.8227444       14.1975632    
        7380   13.7377052       14.8262844       14.2034922    
        7440   13.7406559       14.8293600       14.2078590    
        7500   13.7450819       14.8314238       14.2118273    
        7560   13.7477045       14.8317413       14.2168550    
        7620   13.7496719       14.8307676       14.2243996    
        7680   13.7477045       14.8299437       14.2347889    
        7740   13.7503338       14.8310604       14.2466307    
        7800   13.7971668       14.8355169       14.2584791    
        7860   13.8030005       14.8429947       14.2699270    
        7920   13.8055000       14.8521862       14.2808571    
        7980   13.8079996       14.8612757       14.2910986    
        8040   13.8091669       14.8691702       14.3003798    
        8100   13.8109999       14.8758726       14.3077917    
        8160   13.8105001       14.8814754       14.3131199    
        8220   13.8091669       14.8860426       14.3165646    
        8280   13.8088331       14.8889704       14.3179951    
        8340   13.8078337       14.8899870       14.3180599    
        8400   13.8053331       14.8887491       14.3178463    
        8460   13.8004999       14.8853846       14.3183117    
        8520   13.7946663       14.8807745       14.3203077    
        8580   13.7896671       14.8764296       14.3230572    
        8640   13.7853336       14.8736858       14.3252668    
        8700   13.7828331       14.8729401       14.3255424    
        8760   13.7831669       14.8726711       14.3241415    
        8820   13.7833338       14.8712568       14.3225203    
        8880   13.7799997       14.8681278       14.3212929    
        8940   13.7784996       14.8639965       14.3200750    
        9000   13.7768335       14.8594246       14.3178320    
        9060   13.7740002       14.8541002       14.3142672    
        9120   13.7716665       14.8479528       14.3116293    
        9180   13.7703333       14.8404055       14.3131247    
        9240   13.7681665       14.8327532       14.3191500    
        9300   13.7636671       14.8280973       14.3269501    
        9360   13.7601671       14.8287525       14.3333845    
        9420   13.7611666       14.8333979       14.3367491    
        9480   13.7631664       14.8383522       14.3364172    
        9540   13.7608337       14.8409357       14.3336620    
        9600   13.7551670       14.8398771       14.3305502    
        9660   13.7506666       14.8351507       14.3280802    
        9720   13.7475004       14.8289080       14.3255930    
        9780   13.7451668       14.8228893       14.3219376    
        9840   13.7430000       14.8174381       14.3164711    
        9900   13.7411671       14.8115511       14.3094511    
        9960   13.7375002       14.8041735       14.3019905    
       10020   13.7328329       14.7949944       14.2961111    
       10080   13.7301664       14.7847128       14.2941151    
       10140   13.7290001       14.7749138       14.2968273    
       10200   13.7244997       14.7678642       14.3037176    
       10260   13.7220001       14.7649488       14.3128824    
       10320   13.7194996       14.7661743       14.3226280    
       10380   13.7171669       14.7703447       14.3322306    
       10440   13.7159996       14.7757683       14.3409071    
       10500   13.7156668       14.7814493       14.3476877    
       10560   13.7161665       14.7869682       14.3521509    
       10620   13.7159996       14.7917595       14.3544083    
       10680   13.7159996       14.7950735       14.3547182    
       10740   13.7159996       14.7964182       14.3533688    
       10800   13.7173338       14.7957401       13.8285570    
       10860   13.7186670       14.7931108       13.8264761    
       10920   13.7228336       14.7888651       13.8229961    
       10980   13.7270002       14.7831326       13.8189116    
       11040   13.7256670       14.7758503       13.8142891    
       11100   13.7241669       14.7673082       13.8091822    
       11160   13.7205000       14.7581100       13.8034592    
       11220   13.7174997       14.7484732       13.7970152    
       11280   13.7138329       14.7382517       13.7902002    
       11340   13.7154999       14.7274561       13.7833185    
       11400   13.7167215       14.7161493       13.7772999    
       11460   13.6770496       14.7047052       13.7730551    
       11520   13.6783609       14.6936541       13.7702856    
       11580   13.6819668       14.6839218       13.7681532    
       11640   13.6832790       14.6756830       13.7661209    
       11700   13.6850824       14.6682863       13.7639208    
       11760   13.6877050       14.6611948       13.7620268    
       11820   13.6913118       14.6538906       13.7607565    
       11880   13.6963930       14.6467218       13.7600040    
       11940   13.7034426       14.6400814       13.7593727    
       12000   13.7108192       14.6340199       13.7583256    
       12060   13.7180328       14.6283398       13.7565660    
       12120   13.7254095       14.6226788       13.7544737    
       12180   13.7331152       14.6165380       13.7525921    
       12240   13.7385244       14.6098757       13.7516251    
       12300   13.7442627       14.6031132       13.7516298    
       12360   13.7495079       14.5969086       13.7529907    
       12420   13.7527866       14.5917025       13.7558270    
       12480   13.7575407       14.5875463       13.7598352    
       12540   13.7636070       14.5847616       13.7637968    
       12600   13.7700005       14.5833054       13.7667217    
       12660   13.7763939       14.5826159       13.7680912    
       12720   13.7839346       14.5814915       13.7678185    
       12780   13.7918034       14.5793009       13.7662029    
       12840   13.7975407       14.5757360       13.7639303    
       12900   13.8026228       14.5707970       13.7617807    
       12960   13.8093443       14.5647526       13.7603111    
       13020   13.8180332       14.5582991       13.7596283    
       13080   13.8227873       14.5521479       13.7597666    
       13140   13.8221312       14.5466270       13.7605362    
       13200   13.8209839       14.5417881       13.7617235    
       13260   13.8221312       14.5375948       13.7633076    
       13320   13.8213120       14.5338154       13.7653646    
       13380   13.8198357       14.5303164       13.7680063    
       13440   13.8181963       14.5271778       13.7713614    
       13500   13.8152456       14.5245543       13.7753563    
       13560   13.8109837       14.5225992       13.7798748    
       13620   13.8075409       14.5213833       13.7847776    
       13680   13.8027868       14.5208826       13.7898655    
       13740   13.7975407       14.5209951       13.7946043    
       13800   13.7919674       14.5216122       13.7981367    
       13860   13.7878685       14.5224552       13.7994337    
       13920   13.7859020       14.5229254       13.7977972    
       13980   13.7859020       14.5221071       13.7935476    
       14040   13.7842627       14.5191050       13.7875528    
       14100   13.7801638       14.5132656       13.7809038    
       14160   13.7742624       14.5045595       13.7747736    
       14220   13.7698364       14.4939508       13.7698717    
       14280   13.7644262       14.4827967       13.7661572    
       14340   13.7575407       14.4722910       13.7632246    
       14400   13.7526226       14.4631023       13.7832794    
       14460   13.7485247       14.4552937       13.7816029    
       14520   13.7450819       14.4483767       13.7799940    
       14580   13.7404919       14.4419384       13.7787008    
       14640   13.7355738       14.4357185       13.7780590    
       14700   13.7321310       14.4295540       13.7791481    
       14760   13.7309837       14.4232979       13.7820215    
       14820   13.7322950       14.4171925       13.7858763    
       14880   13.7342625       14.4121943       13.7899237    
       14940   13.7373772       14.4088936       13.7937841    
       15000   13.7386885       14.4069996       13.7972507    
       15060   13.7388525       14.4056911       13.7999859    
       15120   13.7385244       14.4045115       13.8016348    
       15180   13.7385244       14.4031916       13.8018312    
       15240   13.7370491       14.4013615       13.8005724    
       15300   13.7337704       14.3985748       13.7981262    
       15360   13.7299995       14.3945217       13.7948513    
       15420   13.7249184       14.3891010       13.7910891    
       15480   13.7198362       14.3824825       13.7868834    
       15540   13.7129507       14.3749733       13.7821398    
       15600   13.7027864       14.3668737       13.7769403    
       15660   13.6926231       14.3582554       13.7715120    
       15720   13.6824589       14.3491297       13.7660847    
       15780   13.6736069       14.3395691       13.7608433    
       15840   13.6644258       14.3297491       13.7560654    
       15900   13.6521311       14.3198566       13.7518549    
       15960   13.6367216       14.3100643       13.7482443    
       16020   13.6185246       14.3006458       13.7454414    
       16080   13.5983610       14.2917957       13.7435999    
       16140   13.5781965       14.2835674       13.7425718    
       16200   13.5596724       14.2760735       13.7418976    
       16260   13.5442619       14.2695675       13.7412252    
       16320   13.5334425       14.2641354       13.7403698    
       16380   13.5254097       14.2595272       13.7393303    
       16440   13.5185242       14.2553740       13.7381439    
       16500   13.5142622       14.2514000       13.7368355    
       16560   13.5116396       14.2473660       13.7355347    
       16620   13.5085249       14.2430887       13.7344398    
       16680   13.5037708       14.2385235       13.7339191    
       16740   13.5006561       14.2337656       13.7346706    
       16800   13.5006561       14.2290125       13.7376814    
       16860   13.5016394       14.2245703       13.7437963    
       16920   13.5034428       14.2210045       13.7529058    
       16980   13.5078688       14.2192106       13.7637768    
       17040   13.5124588       14.2201328       13.7753687    
       17100   13.5163937       14.2242775       13.7870121    
       17160   13.5206556       14.2308683       13.7984114    
       17220   13.5254097       14.2386999       13.8095255    
       17280   13.5298357       14.2469091       13.8206415    
       17340   13.5344267       14.2550831       13.8319817    
       17400   13.5372133       14.2630796       13.8437748    
       17460   13.5393438       14.2710896       13.8563375    
       17520   13.5403280       14.2794771       13.8700294    
       17580   13.5380325       14.2885733       13.8852386    
       17640   13.5336065       14.2987518       13.9016275    
       17700   13.5309839       14.3104048       13.9185047    
       17760   13.5313110       14.3235521       13.9353104    
       17820   13.5334425       14.3375607       13.9517221    
       17880   13.5352459       14.3517847       13.9676418    
       17940   13.5390167       14.3657703       13.9833860    
       18000   13.5445900       14.3792267       13.8772488    
       18060   13.5480328       14.3922415       13.8940105    
       18120   13.5498362       14.4052515       13.9115229    
       18180   13.5511475       14.4186726       13.9296818    
       18240   13.5516396       14.4327888       13.9480810    
       18300   13.5529509       14.4476900       13.9658089    
       18360   13.5552464       14.4631720       13.9815884    
       18420   13.5562296       14.4786253       13.9950132    
       18480   13.5552464       14.4929142       14.0067368    
       18540   13.5544262       14.5051136       14.0175209    
       18600   13.5532789       14.5153694       14.0278587    
       18660   13.5516396       14.5244236       14.0382004    
       18720   13.5491800       14.5327969       14.0490704    
       18780   13.5459013       14.5408783       14.0609522    
       18840   13.5406561       14.5490913       14.0741644    
       18900   13.5354099       14.5578785       14.0886717    
       18960   13.5314751       14.5676813       14.1040678    
       19020   13.5275412       14.5787764       14.1197748    
       19080   13.5244265       14.5910931       14.1353569    
       19140   13.5214758       14.6042576       14.1507711    
       19200   13.5195084       14.6177282       14.1663246    
       19260   13.5190163       14.6310711       14.1824341    
       19320   13.5191803       14.6442041       14.1994562    
       19380   13.5200005       14.6573448       14.2177353    
       19440   13.5200005       14.6707869       14.2375174    
       19500   13.5203276       14.6848507       14.2589188    
       19560   13.5244265       14.6998501       14.2819214    
       19620   13.5319672       14.7160282       14.3061590    
       19680   13.5426226       14.7336149       14.3307085    
       19740   13.5544262       14.7527933       14.3545837    
       19800   13.5654097       14.7732983       14.3774652    
       19860   13.5745897       14.7943420       14.3996115    
       19920   13.5808201       14.8151264       14.4213209    
       19980   13.5839348       14.8354130       14.4427433    
       20040   13.5850821       14.8554296       14.4640179    
       20100   13.5847540       14.8754139       14.4852924    
       20160   13.5836067       14.8954058       14.5066643    
       20220   13.5822954       14.9152718       14.5280695    
       20280   13.5811472       14.9349613       14.5492878    
       20340   13.5795078       14.9544945       14.5697918    
       20400   13.5778685       14.9738054       14.5886288    
       20460   13.5762291       14.9926577       14.6044960    
       20520   13.5745897       15.0104284       14.6162348    
       20580   13.5737705       15.0260563       14.6239243    
       20640   13.5745897       15.0382977       14.6292038    
       20700   13.5768852       15.0463057       14.6338558    
       20760   13.5804920       15.0507116       14.6391449    
       20820   13.5849180       15.0529642       14.6457310    
       20880   13.5898361       15.0545654       14.6538563    
       20940   13.5942621       15.0567341       14.6632996    
       21000   13.5986881       15.0601978       14.6738253    
       21060   13.6031151       15.0651369       14.6851807    
       21120   13.6075411       15.0714445       14.6970949    
       21180   13.6118031       15.0790100       14.7093830    
       21240   13.6163931       15.0876360       14.7218819    
       21300   13.6213112       15.0970707       14.7344484    
       21360   13.6259012       15.1070528       14.7469730    
       21420   13.6286888       15.1173458       14.7594090    
       21480   13.6304922       15.1277514       14.7716951    
       21540   13.6311474       15.1381435       14.7837324    
       21600   13.6314754       15.1484423       14.1187057    
       21660   13.6314754       15.1585503       14.1299324    
       21720   13.6318035       15.1683683       14.1407824    
       21780   13.6318035       15.1778059       14.1512699    
       21840   13.6319675       15.1867504       14.1614952    
       21900   13.6321316       15.1951647       14.1715822    
       21960   13.6321316       15.2031193       14.1816568    
       22020   13.6316395       15.2107410       14.1918287    
       22080   13.6313114       15.2181816       14.2021694    
       22140   13.6306553       15.2255850       14.2127304    
       22200   13.6303282       15.2330761       14.2235146    
       22260   13.6308193       15.2407436       14.2344856    
       22320   13.6321316       15.2486258       14.2455816    
       22380   13.6342621       15.2566786       14.2566566    
       22440   13.6373768       15.2648058       14.2675381    
       22500   13.6413116       15.2728720       14.2781305    
       22560   13.6460657       15.2807007       14.2884817    
       22620   13.6513119       15.2881670       14.2987909    
       22680   13.6573772       15.2952604       14.3093386    
       22740   13.6639347       15.3020945       14.3202991    
       22800   13.6714754       15.3089275       14.3316269    
       22860   13.6806555       15.3160152       14.3430758    
       22920   13.6909838       15.3234367       14.3542595    
       22980   13.7027864       15.3310251       14.3647423    
       23040   13.7150822       15.3384352       14.3740768    
       23100   13.7277050       15.3452368       14.3818274    
       23160   13.7391806       15.3509865       14.3876362    
       23220   13.7498360       15.3552513       14.3914013    
       23280   13.7601643       15.3576450       14.3934383    
       23340   13.7704916       15.3579254       14.3944149    
       23400   13.7809839       15.3561945       14.3951111    
       23460   13.7914753       15.3529673       14.3960361    
       23520   13.8026228       15.3490191       14.3975286    
       23580   13.8137703       15.3450222       14.3998909    
       23640   13.8257380       15.3413877       14.4034128    
       23700   13.8377047       15.3384352       14.4081182    
       23760   13.8501635       15.3365011       14.4137306    
       23820   13.8637705       15.3358049       14.4198580    
       23880   13.8775406       15.3362417       14.4261627    
       23940   13.8903275       15.3374777       14.4324465    
       24000   13.9045906       15.3391523       14.4387093    
       24060   13.9198360       15.3409748       14.4450912    
       24120   13.9354095       15.3428030       14.4518661    
       24180   13.9511471       15.3446636       14.4592762    
       24240   13.9660654       15.3467283       14.4672718    
       24300   13.9791803       15.3492718       14.4754133    
       24360   13.9906559       15.3524313       14.4829521    
       24420   14.0001640       15.3559914       14.4892673    
       24480   14.0086889       15.3593292       14.4940329    
       24540   14.0172129       15.3617163       14.4971590    
       24600   14.0270491       15.3626719       14.4987431    
       24660   14.0375414       15.3619833       14.4990263    
       24720   14.0488529       15.3596392       14.4983664    
       24780   14.0604916       15.3558025       14.4971638    
       24840   14.0724592       15.3507757       14.4957600    
       24900   14.0844259       15.3449507       14.4944229    
       24960   14.0963936       15.3387051       14.4933443    
       25020   14.1080332       15.3323393       14.4926414    
       25080   14.1195078       15.3260832       14.4923420    
       25140   14.1303282       15.3201008       14.4923840    
       25200   14.1408195       15.3145037       13.8230801    
       25260   14.1506557       15.3093328       13.8248138    
       25320   14.1609840       15.3045530       13.8267250    
       25380   14.1721315       15.3000755       13.8287582    
       25440   14.1842623       15.2958126       13.8308229    
       25500   14.1960659       15.2916842       13.8328285    
       25560   14.2083607       15.2876167       13.8347235    
       25620   14.2211475       15.2835293       13.8365240    
       25680   14.2339344       15.2793369       13.8383064    
       25740   14.2463932       15.2749844       13.8401890    
       25800   14.2595081       15.2704687       13.8422937    
       25860   14.2724590       15.2658558       13.8447247    
       25920   14.2842627       15.2612648       13.8475513    
       25980   14.2954102       15.2568312       13.8507843    
       26040   14.3060656       15.2526684       13.8543797    
       26100   14.3163939       15.2488470       13.8582430    
       26160   14.3263931       15.2453833       13.8622904    
       26220   14.3359013       15.2422419       13.8664455    
       26280   14.3452463       15.2393589       13.8706388    
       26340   14.3540983       15.2366638       13.8748302    
       26400   14.3624592       15.2340870       13.8790045    
       26460   14.3699999       15.2315550       13.8831148    
       26520   14.3757381       15.2290087       13.8870802    
       26580   14.3803282       15.2264204       13.8908100    
       26640   14.3836069       15.2237501       13.8942175    
       26700   14.3862295       15.2209148       13.8972330    
       26760   14.3886881       15.2178221       13.8998299    
       26820   14.3916397       15.2143736       13.9020119    
       26880   14.3947544       15.2105017       13.9037638    
       26940   14.3975410       15.2061834       13.9051208    
       27000   14.4001637       15.2014208       13.9061346    
       27060   14.4022951       15.1962137       13.9068499    
       27120   14.4047537       15.1905670       13.9072924    
       27180   14.4075413       15.1845360       13.9074726    
       27240   14.4103279       15.1781673       13.9074154    
       27300   14.4131145       15.1714897       13.9071655    
       27360   14.4159012       15.1645231       13.9067993    
       27420   14.4181967       15.1573105       13.9064150    
       27480   14.4188528       15.1499252       13.9061146    
       27540   14.4186888       15.1424608       13.9059763    
       27600   14.4195080       15.1350355       13.9060459    
       27660   14.4190168       15.1277714       13.9063234    
       27720   14.4183607       15.1207523       13.9067602    
       27780   14.4183607       15.1140060       13.9072685    
       27840   14.4191799       15.1075077       13.9077425    
       27900   14.4198360       15.1011963       13.9080982    
       27960   14.4208193       15.0949860       13.9082546    
       28020   14.4229507       15.0887890       13.9081793    
       28080   14.4259014       15.0825310       13.9079275    
       28140   14.4295082       15.0761309       13.9076490    
       28200   14.4334431       15.0695295       13.9076347    
       28260   14.4367208       15.0627337       13.9082623    
       28320   14.4395084       15.0558405       13.9097614    
       28380   14.4424591       15.0490570       13.9121647    
       28440   14.4450817       15.0427284       13.9152031    
       28500   14.4477053       15.0371799       13.9184198    
       28560   14.4506559       15.0325346       13.9214020    
       28620   14.4537706       15.0286751       13.9238882    
       28680   14.4577045       15.0251923       13.9257746    
       28740   14.4621315       15.0216284       13.9270630    
       28800   14.4672127       15.0176477       14.4719448    
       28860   14.4727869       15.0131035       14.4715834    
       28920   14.4781971       15.0080061       14.4707909    
       28980   14.4822950       15.0024538       14.4696217    
       29040   14.4847546       14.9965382       14.4681501    
       29100   14.4855738       14.9903193       14.4664822    
       29160   14.4862299       14.9838514       14.4647503    
       29220   14.4860659       14.9772167       14.4631023    
       29280   14.4850817       14.9705276       14.4616709    
       29340   14.4854097       14.9639120       14.4605350    
       29400   14.4863930       14.9574900       14.4597054    
       29460   14.4870491       14.9513636       14.4591169    
       29520   14.4885244       14.9455910       14.4586401    
       29580   14.4903278       14.9401770       14.4581003    
       29640   14.4916391       14.9350672       14.4573231    
       29700   14.4926233       14.9301538       14.4561615    
       29760   14.4939346       14.9252815       14.4545221    
       29820   14.4957380       14.9202909       14.4523544    
       29880   14.4975414       14.9150515       14.4496756    
       29940   14.4988527       14.9094715       14.4465437    
       30000   14.4998360       14.9034929       14.4430265    
       30060   14.5008192       14.8971186       14.4391823    
       30120   14.5021315       14.8903828       14.4351063    
       30180   14.5036068       14.8833265       14.4309273    
       30240   14.5047541       14.8760147       14.4267654    
       30300   14.5059013       14.8685465       14.4227171    
       30360   14.5065575       14.8610392       14.4188709    
       30420   14.5070496       14.8536043       14.4153271    
       30480   14.5072126       14.8463240       14.4121962    
       30540   14.5065575       14.8392630       14.4095945    
       30600   14.5055742       14.8324957       14.4075594    
       30660   14.5034428       14.8261337       14.4060488    
       30720   14.5008192       14.8202887       14.4049759    
       30780   14.4965572       14.8150072       14.4042330    
       30840   14.4908199       14.8102884       14.4037113    
       30900   14.4837704       14.8060789       14.4033155    
       30960   14.4749184       14.8022890       14.4029732    
       31020   14.4645901       14.7988091       14.4026289    
       31080   14.4534426       14.7955370       14.4022436    
       31140   14.4424591       14.7923899       14.4017944    
       31200   14.4326229       14.7893009       14.4012899    
       31260   14.4231148       14.7862215       14.4007330    
       31320   14.4145899       14.7831392       14.4000874    
       31380   14.4062300       14.7800589       14.3992748    
       31440   14.3972130       14.7769899       14.3982048    
       31500   14.3881969       14.7739162       14.3967876    
       31560   14.3798361       14.7707853       14.3950949    
       31620   14.3721313       14.7675285       14.3934679    
       31680   14.3640985       14.7640619       14.3923817    
       31740   14.3559017       14.7603741       14.3922234    
       31800   14.3477049       14.7566662       14.3931847    
       31860   14.3391800       14.7533064       14.3949680    
       31920   14.3309832       14.7506552       14.3963737    
       31980   14.3227873       14.7488794       14.3961964    
       32040   14.3140984       14.7478237       14.3941069    
       32100   14.3047543       14.7467070       14.3904610    
       32160   14.2949181       14.7443876       14.3859291    
       32220   14.2844267       14.7403011       14.3812075    
       32280   14.2732782       14.7347670       14.3768167    
       32340   14.2621307       14.7283897       14.3730173    
       32400   14.2524586       14.7217703       14.5090160    
       32460   14.2434425       14.7153893       14.5070019    
       32520   14.2349176       14.7095442       14.5053883    
       32580   14.2278690       14.7043447       14.5041485    
       32640   14.2221308       14.6997614       14.5032883    
       32700   14.2175407       14.6957159       14.5028639    
       32760   14.2134428       14.6921349       14.5029325    
       32820   14.2093439       14.6889839       14.5035172    
       32880   14.2063932       14.6862621       14.5045929    
       32940   14.2039347       14.6839991       14.5060635    
       33000   14.2001638       14.6822023       14.5078049    
       33060   14.1962299       14.6808500       14.5096836    
       33120   14.1922951       14.6798820       14.5116138    
       33180   14.1877050       14.6792183       14.5135880    
       33240   14.1827869       14.6787844       14.5156269    
       33300   14.1778688       14.6785374       14.5177422    
       33360   14.1731148       14.6785002       14.5199289    
       33420   14.1686888       14.6787214       14.5221920    
       33480   14.1644258       14.6792269       14.5245314    
       33540   14.1606560       14.6800032       14.5269213    
       33600   14.1581964       14.6810226       14.5292978    
       33660   14.1563931       14.6822281       14.5315666    
       33720   14.1550817       14.6835527       14.5336418    
       33780   14.1537704       14.6849108       14.5354624    
       33840   14.1519670       14.6861839       14.5369720    
       33900   14.1496725       14.6872654       14.5381622    
       33960   14.1478691       14.6880703       14.5390491    
       34020   14.1470490       14.6885357       14.5396318    
       34080   14.1457376       14.6886425       14.5398808    
       34140   14.1444263       14.6884050       14.5397844    
       34200   14.1437702       14.6878147       14.5394278    
       34260   14.1439342       14.6868258       14.5390053    
       34320   14.1450815       14.6854038       14.5387783    
       34380   14.1468849       14.6836014       14.5390472    
       34440   14.1498365       14.6816092       14.5400314    
       34500   14.1534424       14.6797218       14.5417395    
       34560   14.1581964       14.6782742       14.5439816    
       34620   14.1644258       14.6775579       14.5465002    
       34680   14.1726227       14.6776829       14.5491438    
       34740   14.1818037       14.6785307       14.5519886    
       34800   14.1903276       14.6798534       14.5551405    
       34860   14.1970491       14.6814127       14.5586233    
       34920   14.2024593       14.6831770       14.5623302    
       34980   14.2065573       14.6852531       14.5660515    
       35040   14.2091799       14.6877108       14.5695953    
       35100   14.2113113       14.6905308       14.5729103    
       35160   14.2119675       14.6935911       14.5761118    
       35220   14.2118034       14.6967039       14.5792542    
       35280   14.2106562       14.6997652       14.5821419    
       35340   14.2081966       14.7027540       14.5843878    
       35400   14.2044258       14.7055559       14.5855484    
       35460   14.1996717       14.7078676       14.5852337    
       35520   14.1936064       14.7092924       14.5833454    
       35580   14.1860657       14.7094574       14.5806131    
       35640   14.1773767       14.7080975       14.5778561    
       35700   14.1680326       14.7055340       14.5750704    
       35760   14.1590166       14.7026529       14.5718918    
       35820   14.1499996       14.7000179       14.5681305    
       35880   14.1409836       14.6974583       14.5639086    
       35940   14.1321316       14.6944857       14.5600338    
       36000   14.1224594       14.6906977       14.1479168    
       36060   14.1111479       14.6859989       14.1469374    
       36120   14.0981970       14.6809406       14.1463394    
       36180   14.0847540       14.6765585       14.1455259    
       36240   14.0698357       14.6732788       14.1443405    
       36300   14.0534430       14.6707506       14.1427107    
       36360   14.0362291       14.6682587       14.1405334    
       36420   14.0188522       14.6653681       14.1377058    
       36480   14.0013113       14.6619377       14.1341581    
       36540   13.9832783       14.6578426       14.1298790    
       36600   13.9649181       14.6529779       14.1249523    
       36660   13.9465570       14.6472721       14.1195412    
       36720   13.9280329       14.6407270       14.1138830    
       36780   13.9098358       14.6334429       14.1083336    
       36840   13.8919668       14.6256084       14.1034193    
       36900   13.8752460       14.6174679       14.0995884    
       36960   13.8603277       14.6093159       14.0966396    
       37020   13.8472128       14.6016054       14.0942106    
       37080   13.8354101       14.5949154       14.0921173    
       37140   13.8245897       14.5893917       14.0902605    
       37200   13.8149176       14.5846786       14.0885229    
       37260   13.8052464       14.5804615       14.0867729    
       37320   13.7949181       14.5765791       14.0848970    
       37380   13.7837706       14.5729074       14.0828476    
       37440   13.7716389       14.5693207       14.0806875    
       37500   13.7595081       14.5656767       14.0785608    
       37560   13.7478685       14.5618601       14.0766048    
       37620   13.7357378       14.5578604       14.0748949    
       37680   13.7240982       14.5537663       14.0735445    
       37740   13.7134428       14.5497007       14.0728369    
       37800   13.7034426       14.5457649       14.0731182    
       37860   13.6939344       14.5420418       14.0744648    
       37920   13.6839342       14.5387192       14.0765638    
       37980   13.6736069       14.5360775       14.0788689    
       38040   13.6634426       14.5342636       14.0808287    
       38100   13.6526232       14.5331068       14.0821114    
       38160   13.6414757       14.5321550       14.0826864    
       38220   13.6304922       14.5308933       14.0827370    
       38280   13.6191807       14.5290356       14.0824718    
       38340   13.6073771       14.5266199       14.0819311    
       38400   13.5954094       14.5238590       14.0809174    
       38460   13.5837708       14.5209494       14.0792055    
       38520   13.5729504       14.5178280       14.0766373    
       38580   13.5614758       14.5142622       14.0731754    
       38640   13.5486889       14.5100536       14.0689840    
       38700   13.5345898       14.5051117       14.0643702    
       38760   13.5191803       14.4994764       14.0596228    
       38820   13.5036068       14.4933043       14.0548801    
       38880   13.4880323       14.4867983       14.0502157    
       38940   13.4729509       14.4801331       14.0457325    
       39000   13.4581966       14.4734001       14.0414896    
       39060   13.4444265       14.4666433       14.0375776    
       39120   13.4319668       14.4599600       14.0342064    
       39180   13.4211473       14.4534740       14.0318279    
       39240   13.4116392       14.4473076       14.0310774    
       39300   13.4037704       14.4416523       14.0323133    
       39360   13.3967209       14.4368458       14.0352631    
       39420   13.3900003       14.4334574       14.0394611    
       39480   13.3839340       14.4321709       14.0444479    
       39540   13.3788528       14.4330788       14.0496416    
       39600   13.3742619       14.4355831       13.6902075    
       39660   13.3701639       14.4388685       13.6917019    
       39720   13.3659019       14.4418964       13.6919022    
       39780   13.3618031       14.4434443       13.6918402    
       39840   13.3575411       14.4431286       13.6924591    
       39900   13.3537703       14.4415569       13.6940212    
       39960   13.3508196       14.4398355       13.6964722    
       40020   13.3485250       14.4387531       13.6995392    
       40080   13.3463936       14.4385757       13.7029285    
       40140   13.3444262       14.4393148       13.7062922    
       40200   13.3422947       14.4407654       13.7091560    
       40260   13.3403282       14.4426136       13.7110367    
       40320   13.3385248       14.4445210       13.7113867    
       40380   13.3368855       14.4460154       13.7097130    
       40440   13.3347540       14.4465523       13.7058563    
       40500   13.3318033       14.4455767       13.7001152    
       40560   13.3280325       14.4424772       13.6931057    
       40620   13.3231144       14.4367609       13.6857786    
       40680   13.3163939       14.4284134       13.6791954    
       40740   13.3078690       14.4183617       13.6740580    
       40800   13.2978687       14.4078875       13.6704350    
       40860   13.2867212       14.3980045       13.6679335    
       40920   13.2750816       14.3894606       13.6663208    
       40980   13.2639341       14.3826065       13.6658030    
       41040   13.2537708       14.3772373       13.6667280    
       41100   13.2450819       14.3729858       13.6692219    
       41160   13.2363930       14.3698006       13.6730719    
       41220   13.2277050       14.3678780       13.6779213    
       41280   13.2186890       14.3673449       13.6834192    
       41340   13.2085247       14.3680840       13.6891565    
       41400   13.1977053       14.3697929       13.6945934    
       41460   13.1867208       14.3721352       13.6991663    
       41520   13.1760654       14.3746223       13.7025118    
       41580   13.1659012       14.3766136       13.7046156    
       41640   13.1560659       14.3775768       13.7057419    
       41700   13.1465578       14.3772974       13.7062054    
       41760   13.1385250       14.3758755       13.7062445    
       41820   13.1308193       14.3735857       13.7059851    
       41880   13.1224594       14.3706865       13.7054501    
       41940   13.1144266       14.3673649       13.7045822    
       42000   13.1059017       14.3637495       13.7033062    
       42060   13.0972128       14.3599167       13.7016134    
       42120   13.0886889       14.3558884       13.6996002    
       42180   13.0798359       14.3516111       13.6974449    
       42240   13.0716391       14.3470297       13.6953754    
       42300   13.0640984       14.3421926       13.6936340    
       42360   13.0578690       14.3372679       13.6924601    
       42420   13.0526228       14.3324528       13.6921234    
       42480   13.0478687       14.3278999       13.6929760    
       42540   13.0432787       14.3237391       13.6953325    
       42600   13.0385246       14.3201799       13.6992455    
       42660   13.0347538       14.3175411       13.7045231    
       42720   13.0309839       14.3161335       13.7107239    
       42780   13.0268850       14.3161602       13.7172813    
       42840   13.0227871       14.3176041       13.7235241    
       42900   13.0186882       14.3201046       13.7286873    
       42960   13.0140982       14.3230066       13.7323895    
       43020   13.0098362       14.3254519       13.7350264    
       43080   13.0062294       14.3266993       13.7371883    
       43140   13.0031147       14.3267498       13.7392187    
       43200   12.9995079       14.3261461       13.2524815    
       43260   12.9960651       14.3253307       13.2555008    
       43320   12.9927874       14.3244581       13.2586308    
       43380   12.9890165       14.3235931       13.2616215    
       43440   12.9850817       14.3227530       13.2642307    
       43500   12.9813118       14.3218145       13.2664490    
       43560   12.9777050       14.3204889       13.2685947    
       43620   12.9736061       14.3185244       13.2711363    
       43680   12.9690161       14.3159456       13.2745123    
       43740   12.9650822       14.3131123       13.2788763    
       43800   12.9614754       14.3106279       13.2842045    
       43860   12.9580326       14.3090572       13.2904835    
       43920   12.9547539       14.3086958       13.2976789    
       43980   12.9518032       14.3096552       13.3059959    
       44040   12.9490166       14.3119373       13.3158693    
       44100   12.9463930       14.3154860       13.3273363    
       44160   12.9442625       14.3203707       13.3397141    
       44220   12.9419670       14.3267012       13.3520603    
       44280   12.9395084       14.3342104       13.3637838    
       44340   12.9370489       14.3420811       13.3743649    
       44400   12.9344263       14.3495560       13.3834629    
       44460   12.9314756       14.3560839       13.3912497    
       44520   12.9281969       14.3611975       13.3983307    
       44580   12.9245901       14.3647757       13.4051285    
       44640   12.9211473       14.3672686       13.4115286    
       44700   12.9173775       14.3692789       13.4170561    
       44760   12.9127865       14.3710127       13.4212151    
       44820   12.9088526       14.3722401       13.4237862    
       44880   12.9052458       14.3725615       13.4248285    
       44940   12.9026232       14.3716259       13.4245520    
       45000   12.9006557       14.3692484       13.4233303    
       45060   12.8995085       14.3654251       13.4216032    
       45120   12.8985243       14.3603334       13.4198990    
       45180   12.8968849       14.3542709       13.4189854    
       45240   12.8954096       14.3476019       13.4195118    
       45300   12.8936062       14.3407688       13.4210339    
       45360   12.8913116       14.3344078       13.4227877    
       45420   12.8883610       14.3292904       13.4248686    
       45480   12.8852463       14.3254824       13.4279995    
       45540   12.8826227       14.3222170       13.4327221    
       45600   12.8798361       14.3191185       13.4391079    
       45660   12.8777046       14.3167181       13.4470139    
       45720   12.8755741       14.3158178       13.4562531    
       45780   12.8731146       14.3168039       13.4665728    
       45840   12.8706560       14.3196163       13.4775801    
       45900   12.8688526       14.3239822       13.4888191    
       45960   12.8680325       14.3295956       13.4998198    
       46020   12.8673773       14.3360834       13.5101509    
       46080   12.8668852       14.3429632       13.5194740    
       46140   12.8662291       14.3496695       13.5274353    
       46200   12.8655739       14.3556194       13.5335827    
       46260   12.8649178       14.3603125       13.5376215    
       46320   12.8640985       14.3633652       13.5396376    
       46380   12.8636065       14.3644791       13.5401297    
       46440   12.8626232       14.3635111       13.5396852    
       46500   12.8618031       14.3606596       13.5387402    
       46560   12.8611479       14.3563967       13.5375967    
       46620   12.8604918       14.3512754       13.5364609    
       46680   12.8593445       14.3457003       13.5354338    
       46740   12.8577051       14.3399582       13.5344763    
       46800   12.8557377       14.3342857       13.1299629    
       46860   12.8536062       14.3288307       13.1295023    
       46920   12.8511477       14.3235693       13.1289787    
       46980   12.8485250       14.3183317       13.1286983    
       47040   12.8465576       14.3129492       13.1291151    
       47100   12.8454094       14.3073921       13.1307373    
       47160   12.8447542       14.3018560       13.1338844    
       47220   12.8444262       14.2966909       13.1383572    
       47280   12.8450823       14.2922649       13.1434975    
       47340   12.8459015       14.2888718       13.1486292    
       47400   12.8465576       14.2865429       13.1534071    
       47460   12.8470488       14.2849264       13.1578932    
       47520   12.8473768       14.2835779       13.1623592    
       47580   12.8477049       14.2822342       13.1670990    
       47640   12.8478689       14.2809095       13.1722450    
       47700   12.8473768       14.2798595       13.1776218    
       47760   12.8465576       14.2792835       13.1829977    
       47820   12.8452463       14.2791300       13.1883001    
       47880   12.8437700       14.2791767       13.1935425    
       47940   12.8421316       14.2792187       13.1987410    
       48000   12.8401642       14.2791758       13.2038746    
       48060   12.8380327       14.2790327       13.2089109    
       48120   12.8359013       14.2787943       13.2138577    
       48180   12.8337708       14.2784309       13.2187681    
       48240   12.8316393       14.2778997       13.2237997    
       48300   12.8299999       14.2772074       13.2292385    
       48360   12.8286886       14.2764139       13.2355309    
       48420   12.8277054       14.2756844       13.2431641    
       48480   12.8265572       14.2753496       13.2523346    
       48540   12.8254099       14.2759075       13.2629566    
       48600   12.8234425       14.2779055       13.2747297    
       48660   12.8211479       14.2815866       13.2872076    
       48720   12.8178692       14.2868576       13.2998638    
       48780   12.8145905       14.2933922       13.3121252    
       48840   12.8111477       14.3006735       13.3232307    
       48900   12.8072128       14.3080730       13.3325491    
       48960   12.8036070       14.3148251       13.3405294    
       49020   12.8003283       14.3200769       13.3479395    
       49080   12.7968855       14.3236742       13.3546524    
       49140   12.7934427       14.3263235       13.3599195    
       49200   12.7888527       14.3283978       13.3632288    
       49260   12.7834425       14.3294191       13.3646250    
       49320   12.7770491       14.3286943       13.3644171    
       49380   12.7704916       14.3260174       13.3629160    
       49440   12.7644262       14.3216200       13.3604145    
       49500   12.7581968       14.3158264       13.3572760    
       49560   12.7522955       14.3089018       13.3538303    
       49620   12.7467213       14.3011589       13.3502903    
       49680   12.7413111       14.2929907       13.3467741    
       49740   12.7365570       14.2847471       13.3433142    
       49800   12.7326231       14.2766008       13.3401785    
       49860   12.7286882       14.2685223       13.3382883    
       49920   12.7249184       14.2604189       13.3386364    
       49980   12.7211475       14.2524319       13.3413105    
       50040   12.7177048       14.2452793       13.3455706    
       50100   12.7159014       14.2400160       13.3505640    
       50160   12.7147541       14.2371235       13.3557806    
       50220   12.7142620       14.2361012       13.3611012    
       50280   12.7139349       14.2361069       13.3665781    
       50340   12.7139349       14.2364674       13.3724642    
       50400   12.7140980       14.2369041       13.0869350    
       50460   12.7144260       14.2374716       13.0960093    
       50520   12.7149181       14.2384338       13.1061802    
       50580   12.7160654       14.2401943       13.1170778    
       50640   12.7172127       14.2430601       13.1279573    
       50700   12.7185249       14.2470312       13.1381340    
       50760   12.7196722       14.2517328       13.1468611    
       50820   12.7203283       14.2564001       13.1533175    
       50880   12.7203283       14.2601614       13.1570024    
       50940   12.7201643       14.2622595       13.1579514    
       51000   12.7201643       14.2620831       13.1565666    
       51060   12.7196722       14.2594032       13.1533918    
       51120   12.7191801       14.2543497       13.1489210    
       51180   12.7186890       14.2472410       13.1437378    
       51240   12.7181969       14.2384443       13.1386509    
       51300   12.7177048       14.2283039       13.1342478    
       51360   12.7175407       14.2172699       13.1307955    
       51420   12.7175407       14.2060299       13.1283436    
       51480   12.7170496       14.1952820       13.1267529    
       51540   12.7165575       14.1854658       13.1258192    
       51600   12.7159014       14.1767015       13.1254063    
       51660   12.7154102       14.1688900       13.1255083    
       51720   12.7142620       14.1618271       13.1261673    
       51780   12.7129507       14.1553497       13.1274195    
       51840   12.7114754       14.1494026       13.1292734    
       51900   12.7101641       14.1439877       13.1316538    
       51960   12.7081966       14.1391239       13.1344194    
       52020   12.7057381       14.1347914       13.1373863    
       52080   12.7031145       14.1308889       13.1403418    
       52140   12.7004919       14.1272516       13.1431923    
       52200   12.6980324       14.1236992       13.1458807    
       52260   12.6955738       14.1201992       13.1484404    
       52320   12.6931143       14.1167860       13.1509848    
       52380   12.6914759       14.1134920       13.1537018    
       52440   12.6899996       14.1103601       13.1567383    
       52500   12.6888523       14.1074505       13.1601744    
       52560   12.6877050       14.1048536       13.1640396    
       52620   12.6862297       14.1026506       13.1683149    
       52680   12.6847544       14.1009035       13.1729431    
       52740   12.6839342       14.0996275       13.1778574    
       52800   12.6836061       14.0987940       13.1830072    
       52860   12.6845903       14.0983467       13.1883507    
       52920   12.6859016       14.0982389       13.1938667    
       52980   12.6875410       14.0984278       13.1995363    
       53040   12.6895084       14.0988884       13.2053070    
       53100   12.6913118       14.0996084       13.2110739    
       53160   12.6939344       14.1005697       13.2167730    
       53220   12.6962299       14.1017084       13.2224846    
       53280   12.6986885       14.1029253       13.2285070    
       53340   12.7016392       14.1041594       13.2356129    
       53400   12.7042627       14.1054878       13.2452612    
       53460   12.7065573       14.1071024       13.2579927    
       53520   12.7095079       14.1094208       13.2720308    
       53580   12.7122955       14.1134071       13.2849226    
       53640   12.7149181       14.1198463       13.2961807    
       53700   12.7175407       14.1277075       13.3065681    
       53760   12.7195082       14.1350145       13.3167934    
       53820   12.7206554       14.1410599       13.3271217    
       53880   12.7208195       14.1465044       13.3374195    
       53940   12.7206554       14.1520319       13.3474312    
       54000   12.7204914       14.1577816       12.8986015    
       54060   12.7203283       14.1635447       12.9084377    
       54120   12.7206554       14.1690140       12.9172964    
       54180   12.7218037       14.1738234       12.9252663    
       54240   12.7231150       14.1777077       12.9326744    
       54300   12.7250824       14.1806002       12.9400311    
       54360   12.7280331       14.1826763       12.9476738    
       54420   12.7316389       14.1843481       12.9558601    
       54480   12.7360659       14.1860323       12.9649363    
       54540   12.7413111       14.1879797       12.9753323    
       54600   12.7467213       14.1905031       12.9874210    
       54660   12.7521315       14.1940212       13.0014505    
       54720   12.7580328       14.1989470       13.0175142    
       54780   12.7640982       14.2056026       13.0353518    
       54840   12.7703276       14.2141361       13.0542946    
       54900   12.7757378       14.2245531       13.0733633    
       54960   12.7806559       14.2366343       13.0917559    
       55020   12.7857380       14.2496309       13.1091175    
       55080   12.7906561       14.2626295       13.1254005    
       55140   12.7955742       14.2749634       13.1407070    
       55200   12.8000002       14.2863331       13.1551657    
       55260   12.8045902       14.2967176       13.1688166    
       55320   12.8086882       14.3062334       13.1815815    
       55380   12.8131151       14.3149748       13.1933184    
       55440   12.8183603       14.3229370       13.2039261    
       55500   12.8239346       14.3300133       13.2134104    
       55560   12.8288527       14.3360357       13.2218361    
       55620   12.8334427       14.3408613       13.2292681    
       55680   12.8381968       14.3444481       13.2357302    
       55740   12.8440981       14.3468561       13.2412920    
       55800   12.8503275       14.3481665       13.2461023    
       55860   12.8563938       14.3484621       13.2503586    
       55920   12.8624592       14.3479013       13.2542381    
       55980   12.8685246       14.3467093       13.2578707    
       56040   12.8740988       14.3451166       13.2613115    
       56100   12.8796721       14.3432865       13.2645836    
       56160   12.8849182       14.3412886       13.2677450    
       56220   12.8904915       14.3391171       13.2709246    
       56280   12.8965578       14.3367720       13.2743301    
       56340   12.9022951       14.3342915       13.2782269    
       56400   12.9073772       14.3317862       13.2829237    
       56460   12.9116392       14.3294411       13.2886734    
       56520   12.9157381       14.3275156       13.2956457    
       56580   12.9200001       14.3263178       13.3037405    
       56640   12.9245901       14.3261480       13.3126402    
       56700   12.9288521       14.3272324       13.3220520    
       56760   12.9332790       14.3296299       13.3317938    
       56820   12.9372129       14.3331165       13.3418303    
       56880   12.9416389       14.3373861       13.3522167    
       56940   12.9459019       14.3421860       13.3629189    
       57000   12.9503279       14.3473463       13.3733501    
       57060   12.9552460       14.3527822       13.3820534    
       57120   12.9603281       14.3582134       13.3881121    
       57180   12.9650822       14.3626337       13.3923426    
       57240   12.9700003       14.3646927       13.3962078    
       57300   12.9747543       14.3643923       13.4000444    
       57360   12.9777050       14.3630905       13.4036636    
       57420   12.9798365       14.3617640       13.4070234    
       57480   12.9813118       14.3603868       13.4102812    
       57540   12.9831152       14.3587885       13.4136162    
       57600   12.9850817       14.3570004       12.9356470    
       57660   12.9865570       14.3551855       12.9389324    
       57720   12.9878693       14.3535261       12.9426823    
       57780   12.9893446       14.3521872       12.9469213    
       57840   12.9911480       14.3512573       12.9516239    
       57900   12.9934425       14.3507595       12.9567156    
       57960   12.9962292       14.3506641       12.9620924    
       58020   12.9988527       14.3509054       12.9676523    
       58080   13.0018034       14.3513956       12.9732857    
       58140   13.0047541       14.3520317       12.9788961    
       58200   13.0067215       14.3527012       12.9843426    
       58260   13.0077047       14.3533030       12.9894590    
       58320   13.0080328       14.3537359       12.9940767    
       58380   13.0081968       14.3538809       12.9980068    
       58440   13.0077047       14.3535938       13.0012980    
       58500   13.0068855       14.3526907       13.0042038    
       58560   13.0070496       14.3510523       13.0070572    
       58620   13.0077047       14.3488235       13.0101948    
       58680   13.0080328       14.3462934       13.0138330    
       58740   13.0088520       14.3437996       13.0180788    
       58800   13.0106554       14.3416214       13.0229712    
       58860   13.0131149       14.3399258       13.0285120    
       58920   13.0155735       14.3388109       13.0346880    
       58980   13.0190163       14.3383303       13.0414972    
       59040   13.0227871       14.3385086       13.0489550    
       59100   13.0255737       14.3393545       13.0570374    
       59160   13.0272131       14.3408766       13.0656586    
       59220   13.0288525       14.3430567       13.0747128    
       59280   13.0299997       14.3458090       13.0841112    
       59340   13.0301638       14.3489981       13.0937920    
       59400   13.0286884       14.3525076       13.1037149    
       59460   13.0267210       14.3562727       13.1138506    
       59520   13.0240984       14.3602695       13.1241884    
       59580   13.0222950       14.3645010       13.1346855    
       59640   13.0209837       14.3689737       13.1452265    
       59700   13.0196724       14.3736982       13.1556263    
       59760   13.0181971       14.3786488       13.1657219    
       59820   13.0165577       14.3837204       13.1754103    
       59880   13.0147543       14.3887253       13.1846094    
       59940   13.0122948       14.3934479       13.1932049    
       60000   13.0096722       14.3976994       13.2010574    
       60060   13.0059013       14.4013262       13.2080116    
       60120   13.0013113       14.4041758       13.2139721    
       60180   12.9967213       14.4060879       13.2189283    
       60240   12.9924593       14.4069319       13.2231102    
       60300   12.9878693       14.4066544       13.2269268    
       60360   12.9836063       14.4053640       13.2307529    
       60420   12.9790163       14.4034481       13.2348566    
       60480   12.9744263       14.4013538       13.2393227    
       60540   12.9691801       14.3994379       13.2440748    
       60600   12.9636068       14.3978910       13.2490206    
       60660   12.9577045       14.3967037       13.2541237    
       60720   12.9511471       14.3957472       13.2594118    
       60780   12.9447536       14.3949060       13.2649755    
       60840   12.9388523       14.3941517       13.2709217    
       60900   12.9332790       14.3935452       13.2773046    
       60960   12.9280329       14.3932114       13.2840757    
       61020   12.9247541       14.3932896       13.2911196    
       61080   12.9226227       14.3938694       13.2983236    
       61140   12.9213114       14.3949337       13.3056221    
       61200   12.9204922       14.3963671       13.3145409    
       61260   12.9203281       14.3980131       13.3216200    
       61320   12.9208193       14.3997574       13.3289433    
       61380   12.9224586       14.4015760       13.3365555    
       61440   12.9239340       14.4035006       13.3444691    
       61500   12.9257374       14.4056072       13.3526554    
       61560   12.9272127       14.4079790       13.3610506    
       61620   12.9277048       14.4106674       13.3695765    
       61680   12.9280329       14.4136705       13.3781004    
       61740   12.9280329       14.4169235       13.3865013    
       61800   12.9283609       14.4203424       13.3946877    
       61860   12.9290161       14.4238214       13.4026051    
       61920   12.9303274       14.4272480       13.4102106    
       61980   12.9324589       14.4305305       13.4174595    
       62040   12.9345903       14.4336061       13.4243269    
       62100   12.9368849       14.4364214       13.4308004    
       62160   12.9399996       14.4389210       13.4369049    
       62220   12.9436064       14.4410534       13.4426584    
       62280   12.9481964       14.4427776       13.4480600    
       62340   12.9527864       14.4440756       13.4530983    
       62400   12.9578686       14.4449501       13.4577951    
       62460   12.9632788       14.4454098       13.4622116    
       62520   12.9685249       14.4454670       13.4664392    
       62580   12.9737701       14.4451628       13.4705896    
       62640   12.9790163       14.4445791       13.4747534    
       62700   12.9857378       14.4438238       13.4789791    
       62760   12.9926233       14.4430199       13.4832163    
       62820   13.0001640       14.4422655       13.4872866    
       62880   13.0088520       14.4416046       13.4909248    
       62940   13.0190163       14.4410067       13.4941826    
       63000   13.0299997       14.4403191       13.4983177    
       63060   13.0411472       14.4392900       13.5022516    
       63120   13.0526228       14.4382858       13.5059996    
       63180   13.0647545       14.4375687       13.5096102    
       63240   13.0752459       14.4366693       13.5131922    
       63300   13.0868855       14.4356251       13.5169230    
       63360   13.0981970       14.4345160       13.5210285    
       63420   13.1091805       14.4334860       13.5256882    
       63480   13.1204920       14.4327374       13.5309753    
       63540   13.1311474       14.4324865       13.5368690    
       63600   13.1427870       14.4328690       13.5433073    
       63660   13.1547537       14.4339094       13.5501919    
       63720   13.1685247       14.4355631       13.5574055    
       63780   13.1826229       14.4377432       13.5648232    
       63840   13.1981964       14.4403372       13.5723257    
       63900   13.2134428       14.4432249       13.5798283    
       63960   13.2277050       14.4462833       13.5873003    
       64020   13.2421312       14.4494076       13.5947504    
       64080   13.2600002       14.4525356       13.6022024    
       64140   13.2806559       14.4556608       13.6096888    
       64200   13.2996721       14.4588013       13.6172218    
       64260   13.3165569       14.4619894       13.6247444    
       64320   13.3327866       14.4652548       13.6321211    
       64380   13.3491802       14.4685755       13.6391811    
       64440   13.3659019       14.4718533       13.6457529    
       64500   13.3814754       14.4749260       13.6516924    
       64560   13.3985243       14.4776163       13.6569662    
       64620   13.4195080       14.4797554       13.6617031    
       64680   13.4406557       14.4812412       13.6661234    
       64740   13.4593439       14.4821224       13.6704168    
