 20181219
 Seconds  Measures(TEMP-C°)  Meso-NH(TEMP-C°)  FORECAST_AR(TEMP-C°)
        7200   15.0049181       15.4842787       15.1024313    
        7260   15.0037708       15.4821014       15.1052694    
        7320   15.0019674       15.4794312       15.1086369    
        7380   15.0013113       15.4761906       15.1120405    
        7440   15.0000000       15.4733210       15.1140938    
        7500   14.9962292       15.4714079       15.1144133    
        7560   14.9903278       15.4697409       15.1141214    
        7620   14.9906559       15.4676809       15.1148949    
        7680   14.9944258       15.4645157       15.1165094    
        7740   14.9965572       15.4608002       15.1183529    
        7800   14.9967213       15.4570675       15.1202993    
        7860   14.9972134       15.4534025       15.1233130    
        7920   14.9959021       15.4490814       15.1295366    
        7980   14.9939346       15.4449043       15.1400614    
        8040   14.9921312       15.4421415       15.1546564    
        8100   14.9901638       15.4430971       15.1716652    
        8160   14.9872131       15.4487362       15.1874514    
        8220   14.9872131       15.4587593       15.1999559    
        8280   14.9909840       15.4713955       15.2101917    
        8340   14.9940987       15.4834261       15.2196178    
        8400   14.9977045       15.4924574       15.2296772    
        8460   15.0021315       15.4985352       15.2414188    
        8520   15.0055742       15.5033579       15.2547178    
        8580   15.0036068       15.5087690       15.2687912    
        8640   15.0008192       15.5161085       15.2824564    
        8700   14.9960651       15.5260296       15.2956533    
        8760   14.9932785       15.5378284       15.3085794    
        8820   14.9924593       15.5497160       15.3214617    
        8880   14.9898357       15.5606594       15.3335066    
        8940   14.9916391       15.5706444       15.3426056    
        9000   14.9950819       15.5798311       15.3480082    
        9060   14.9981966       15.5881577       15.3500633    
        9120   15.0016394       15.5944605       15.3502674    
        9180   15.0039349       15.5973320       15.3499422    
        9240   15.0042620       15.5966921       15.3501091    
        9300   15.0088520       15.5938807       15.3518515    
        9360   15.0113115       15.5904226       15.3556557    
        9420   15.0134430       15.5877275       15.3608770    
        9480   15.0144262       15.5871782       15.3665686    
        9540   15.0121307       15.5893841       15.3736286    
        9600   15.0077047       15.5933800       15.3822765    
        9660   15.0026226       15.5984077       15.3921337    
        9720   15.0004921       15.6045752       15.4013710    
        9780   14.9998360       15.6116838       15.4088726    
        9840   15.0021315       15.6192122       15.4125414    
        9900   15.0055742       15.6256666       15.4120646    
        9960   15.0044260       15.6300507       15.4077644    
       10020   15.0027866       15.6309166       15.4015150    
       10080   15.0019674       15.6282177       15.3948145    
       10140   15.0022955       15.6229544       15.3878498    
       10200   15.0040979       15.6160526       15.3804340    
       10260   15.0065575       15.6082096       15.3729572    
       10320   15.0078688       15.5995140       15.3669500    
       10380   15.0086889       15.5903177       15.3652945    
       10440   15.0055742       15.5820456       15.3681583    
       10500   14.9995079       15.5772133       15.3734341    
       10560   14.9955740       15.5776367       15.3790970    
       10620   14.9929504       15.5818911       15.3837156    
       10680   14.9899998       15.5876169       15.3873091    
       10740   14.9904919       15.5928450       15.3907166    
       10800   14.9932785       15.5967655       15.2153826    
       10860   14.9950819       15.5996046       15.2198925    
       10920   14.9957380       15.6023388       15.2239485    
       10980   14.9954100       15.6054173       15.2270308    
       11040   14.9957380       15.6084595       15.2286491    
       11100   14.9978685       15.6112118       15.2294922    
       11160   15.0027866       15.6136236       15.2310276    
       11220   15.0111475       15.6157246       15.2337084    
       11280   15.0183611       15.6178131       15.2366514    
       11340   15.0204916       15.6199884       15.2391882    
       11400   15.0229511       15.6223631       15.2403355    
       11460   15.0242624       15.6243267       15.2395916    
       11520   15.0237703       15.6255732       15.2366858    
       11580   15.0250816       15.6251402       15.2311010    
       11640   15.0288525       15.6224833       15.2231293    
       11700   15.0322952       15.6170273       15.2130346    
       11760   15.0357380       15.6087542       15.2019291    
       11820   15.0386887       15.5981178       15.1916323    
       11880   15.0411472       15.5859632       15.1828127    
       11940   15.0414753       15.5739880       15.1738787    
       12000   15.0413113       15.5637751       15.1633224    
       12060   15.0385246       15.5548506       15.1506500    
       12120   15.0350819       15.5451946       15.1363220    
       12180   15.0359020       15.5333443       15.1220608    
       12240   15.0372133       15.5186872       15.1097870    
       12300   15.0404921       15.5021200       15.1008415    
       12360   15.0465574       15.4858847       15.0949459    
       12420   15.0540981       15.4723434       15.0909872    
       12480   15.0621309       15.4621592       15.0872726    
       12540   15.0701637       15.4545393       15.0829391    
       12600   15.0763931       15.4486341       15.0795164    
       12660   15.0827866       15.4431524       15.0779781    
       12720   15.0908194       15.4381647       15.0777645    
       12780   15.0970488       15.4345722       15.0771189    
       12840   15.1036062       15.4327116       15.0747557    
       12900   15.1119671       15.4316988       15.0702791    
       12960   15.1172132       15.4300241       15.0636568    
       13020   15.1247540       15.4264460       15.0560474    
       13080   15.1327868       15.4204521       15.0484266    
       13140   15.1408195       15.4123144       15.0416059    
       13200   15.1522951       15.4033060       15.0352192    
       13260   15.1667213       15.3946686       15.0286493    
       13320   15.1801643       15.3865871       15.0212498    
       13380   15.1926231       15.3786411       15.0133705    
       13440   15.2047539       15.3701324       15.0051622    
       13500   15.2149181       15.3609972       14.9978580    
       13560   15.2234430       15.3512917       14.9915628    
       13620   15.2332783       15.3416977       14.9868946    
       13680   15.2436066       15.3330345       14.9832916    
       13740   15.2529507       15.3258390       14.9797564    
       13800   15.2614756       15.3204231       14.9756479    
       13860   15.2685242       15.3158779       14.9707098    
       13920   15.2736063       15.3111506       14.9652624    
       13980   15.2799997       15.3055582       14.9600315    
       14040   15.2881966       15.2989969       14.9555683    
       14100   15.2998362       15.2919827       14.9518824    
       14160   15.3132792       15.2852840       14.9487448    
       14220   15.3239346       15.2794819       14.9457731    
       14280   15.3303280       15.2746830       14.9425421    
       14340   15.3373766       15.2705402       14.9387207    
       14400   15.3449183       15.2666578       14.7248573    
       14460   15.3504915       15.2625036       14.7204838    
       14520   15.3555737       15.2574577       14.7154160    
       14580   15.3596725       15.2511749       14.7100277    
       14640   15.3624592       15.2436037       14.7051334    
       14700   15.3631144       15.2352018       14.7017670    
       14760   15.3626232       15.2267466       14.7005978    
       14820   15.3604918       15.2192497       14.7008953    
       14880   15.3570490       15.2137251       14.7017603    
       14940   15.3496723       15.2102451       14.7025986    
       15000   15.3436069       15.2077961       14.7033730    
       15060   15.3380327       15.2056885       14.7041836    
       15120   15.3332787       15.2035656       14.7045746    
       15180   15.3295078       15.2015190       14.7037344    
       15240   15.3275414       15.1996202       14.7010851    
       15300   15.3290167       15.1973925       14.6963358    
       15360   15.3314753       15.1940699       14.6900492    
       15420   15.3326225       15.1889772       14.6829939    
       15480   15.3334427       15.1818428       14.6758595    
       15540   15.3314753       15.1729898       14.6694660    
       15600   15.3280325       15.1633301       14.6641970    
       15660   15.3242626       15.1536951       14.6600609    
       15720   15.3262291       15.1448927       14.6565914    
       15780   15.3306561       15.1373816       14.6528721    
       15840   15.3281965       15.1308403       14.6480484    
       15900   15.3239346       15.1245413       14.6416960    
       15960   15.3195086       15.1175041       14.6337738    
       16020   15.3177052       15.1090908       14.6242170    
       16080   15.3196726       15.0991907       14.6130562    
       16140   15.3222952       15.0878038       14.6009588    
       16200   15.3267212       15.0748177       14.5885601    
       16260   15.3304920       15.0606785       14.5757847    
       16320   15.3326225       15.0461378       14.5624218    
       16380   15.3309832       15.0315170       14.5487146    
       16440   15.3277054       15.0164871       14.5355091    
       16500   15.3255739       15.0009079       14.5233526    
       16560   15.3244267       14.9851875       14.5121679    
       16620   15.3218031       14.9700546       14.5017128    
       16680   15.3183603       14.9559107       14.4912224    
       16740   15.3139343       14.9426889       14.4806366    
       16800   15.3072128       14.9299307       14.4698639    
       16860   15.3006554       14.9171638       14.4589472    
       16920   15.2922955       14.9042521       14.4481115    
       16980   15.2847538       14.8910942       14.4375935    
       17040   15.2788525       14.8777657       14.4275026    
       17100   15.2747545       14.8644905       14.4176702    
       17160   15.2726231       14.8514767       14.4077940    
       17220   15.2718029       14.8388004       14.3976412    
       17280   15.2708197       14.8263750       14.3875046    
       17340   15.2691803       14.8140326       14.3777466    
       17400   15.2673769       14.8016348       14.3685293    
       17460   15.2650824       14.7894144       14.3597555    
       17520   15.2629509       14.7777452       14.3510733    
       17580   15.2618036       14.7666988       14.3420296    
       17640   15.2614756       14.7560902       14.3322220    
       17700   15.2590160       14.7455645       14.3215742    
       17760   15.2539349       14.7346478       14.3105669    
       17820   15.2490168       14.7229490       14.2998915    
       17880   15.2463932       14.7105007       14.2903080    
       17940   15.2472134       14.6977444       14.2825403    
       18000   15.2470493       14.6852913       14.8221102    
       18060   15.2452459       14.6738958       14.8120432    
       18120   15.2440987       14.6641970       14.8026762    
       18180   15.2416391       14.6563787       14.7931204    
       18240   15.2403278       14.6501589       14.7832308    
       18300   15.2404919       14.6446886       14.7729979    
       18360   15.2408199       14.6391077       14.7620411    
       18420   15.2401638       14.6330814       14.7497663    
       18480   15.2403278       14.6266270       14.7358255    
       18540   15.2401638       14.6196604       14.7206163    
       18600   15.2426233       14.6116705       14.7050314    
       18660   15.2483606       14.6021605       14.6893654    
       18720   15.2570496       14.5911303       14.6739063    
       18780   15.2680330       14.5793285       14.6592121    
       18840   15.2806559       14.5672989       14.6458006    
       18900   15.2914753       14.5554876       14.6341524    
       18960   15.2981968       14.5445910       14.6246719    
       19020   15.3036070       14.5351372       14.6170464    
       19080   15.3103275       14.5274467       14.6110115    
       19140   15.3167210       14.5216188       14.6067867    
       19200   15.3237705       14.5172729       14.6039228    
       19260   15.3311472       14.5141706       14.6012926    
       19320   15.3378687       14.5123711       14.5982666    
       19380   15.3403282       14.5119877       14.5944452    
       19440   15.3396721       14.5124054       14.5892887    
       19500   15.3416395       14.5125685       14.5827436    
       19560   15.3468857       14.5120478       14.5754766    
       19620   15.3549185       14.5102959       14.5676861    
       19680   15.3601637       14.5069866       14.5595455    
       19740   15.3616390       14.5025892       14.5514193    
       19800   15.3614750       14.4975719       14.5435457    
       19860   15.3599997       14.4920998       14.5355711    
       19920   15.3590164       14.4864902       14.5271540    
       19980   15.3588524       14.4811544       14.5184326    
       20040   15.3601637       14.4760342       14.5098867    
       20100   15.3631144       14.4706182       14.5016718    
       20160   15.3665571       14.4646502       14.4934740    
       20220   15.3696718       14.4583273       14.4848766    
       20280   15.3742619       14.4519329       14.4759722    
       20340   15.3795080       14.4455357       14.4673758    
       20400   15.3860655       14.4388342       14.4601374    
       20460   15.3939342       14.4317160       14.4555664    
       20520   15.4008198       14.4245405       14.4541712    
       20580   15.4085245       14.4180775       14.4552107    
       20640   15.4163933       14.4135218       14.4581985    
       20700   15.4232788       14.4118147       14.4628782    
       20760   15.4285250       14.4127426       14.4681702    
       20820   15.4326229       14.4155684       14.4720068    
       20880   15.4350824       14.4201393       14.4726448    
       20940   15.4365578       14.4259825       14.4702234    
       21000   15.4383602       14.4316082       14.4654207    
       21060   15.4409838       14.4347258       14.4588356    
       21120   15.4440985       14.4344187       14.4513931    
       21180   15.4481964       14.4313231       14.4444122    
       21240   15.4532785       14.4261179       14.4385672    
       21300   15.4572134       14.4195833       14.4332695    
       21360   15.4616394       14.4129829       14.4278069    
       21420   15.4672127       14.4074106       14.4216461    
       21480   15.4709835       14.4027538       14.4141102    
       21540   15.4736061       14.3980694       14.4048901    
       21600   15.4763937       14.3925934       14.9243574    
       21660   15.4803276       14.3855639       14.9075899    
       21720   15.4842625       14.3764153       14.8902941    
       21780   15.4880323       14.3652306       14.8730764    
       21840   15.4922953       14.3526716       14.8559580    
       21900   15.4968853       14.3396749       14.8391962    
       21960   15.5026226       14.3270311       14.8235674    
       22020   15.5093441       14.3147602       14.8099890    
       22080   15.5167217       14.3026152       14.7991714    
       22140   15.5244265       14.2912951       14.7913761    
       22200   15.5316391       14.2821293       14.7860765    
       22260   15.5378685       14.2759743       14.7822924    
       22320   15.5421314       14.2728577       14.7796135    
       22380   15.5450821       14.2719135       14.7780876    
       22440   15.5467215       14.2724323       14.7778635    
       22500   15.5462294       14.2740231       14.7792578    
       22560   15.5452461       14.2765093       14.7821445    
       22620   15.5431147       14.2801037       14.7853374    
       22680   15.5414753       14.2850904       14.7872171    
       22740   15.5408201       14.2914639       14.7862463    
       22800   15.5403280       14.2985706       14.7813797    
       22860   15.5398359       14.3049183       14.7733774    
       22920   15.5390167       14.3086996       14.7644129    
       22980   15.5391808       14.3085585       14.7561378    
       23040   15.5401640       14.3053131       14.7495909    
       23100   15.5419674       14.3009310       14.7457256    
       23160   15.5442619       14.2968616       14.7448330    
       23220   15.5459013       14.2944469       14.7462454    
       23280   15.5457373       14.2945423       14.7492056    
       23340   15.5445900       14.2971601       14.7530975    
       23400   15.5426226       14.3020477       14.7576323    
       23460   15.5401640       14.3087521       14.7625256    
       23520   15.5373774       14.3164425       14.7676897    
       23580   15.5342627       14.3246202       14.7731314    
       23640   15.5314751       14.3334532       14.7788429    
       23700   15.5290165       14.3431168       14.7846975    
       23760   15.5267210       14.3531933       14.7906055    
       23820   15.5242624       14.3631039       14.7965717    
       23880   15.5219669       14.3725920       14.8027496    
       23940   15.5200005       14.3819132       14.8090630    
       24000   15.5178690       14.3915062       14.8151712    
       24060   15.5149183       14.4013634       14.8203487    
       24120   15.5122948       14.4110565       14.8234892    
       24180   15.5090160       14.4198904       14.8239717    
       24240   15.5059013       14.4268522       14.8221922    
       24300   15.5027866       14.4311447       14.8181610    
       24360   15.4996719       14.4328995       14.8116970    
       24420   15.4963932       14.4325933       14.8035412    
       24480   15.4934425       14.4300890       14.7955503    
       24540   15.4904919       14.4256372       14.7892618    
       24600   15.4875412       14.4206085       14.7845383    
       24660   15.4849176       14.4170256       14.7812443    
       24720   15.4824591       14.4153500       14.7792511    
       24780   15.4803276       14.4147539       14.7778969    
       24840   15.4783611       14.4149904       14.7761850    
       24900   15.4763937       14.4159441       14.7738962    
       24960   15.4749184       14.4168224       14.7721701    
       25020   15.4744263       14.4168491       14.7720547    
       25080   15.4742622       14.4163666       14.7739897    
       25140   15.4744263       14.4165668       14.7782001    
       25200   15.4744263       14.4183388       15.5623951    
       25260   15.4740982       14.4222689       15.5648584    
       25320   15.4729509       14.4284592       15.5673523    
       25380   15.4714756       14.4364729       15.5691109    
       25440   15.4700003       14.4455853       15.5699034    
       25500   15.4681969       14.4548769       15.5702200    
       25560   15.4670496       14.4636021       15.5706615    
       25620   15.4657373       14.4716892       15.5717564    
       25680   15.4637709       14.4792547       15.5733662    
       25740   15.4611473       14.4860916       15.5751019    
       25800   15.4577045       14.4926462       15.5766182    
       25860   15.4540987       14.4995804       15.5778561    
       25920   15.4501638       14.5069218       15.5793343    
       25980   15.4472132       14.5143890       15.5817251    
       26040   15.4444265       14.5217571       15.5849419    
       26100   15.4419670       14.5292673       15.5882940    
       26160   15.4396725       14.5373707       15.5907669    
       26220   15.4362297       14.5461311       15.5915642    
       26280   15.4344263       14.5550871       15.5909424    
       26340   15.4329510       14.5634270       15.5899382    
       26400   15.4314756       14.5707989       15.5895634    
       26460   15.4313116       14.5777540       15.5902233    
       26520   15.4319668       14.5851393       15.5910807    
       26580   15.4337702       14.5936384       15.5906725    
       26640   15.4355736       14.6029387       15.5876245    
       26700   15.4375410       14.6119928       15.5812407    
       26760   15.4390163       14.6194620       15.5715609    
       26820   15.4398365       14.6240044       15.5588608    
       26880   15.4399996       14.6248407       15.5438843    
       26940   15.4388523       14.6218443       15.5279655    
       27000   15.4372129       14.6154146       15.5122433    
       27060   15.4359016       14.6065512       15.4970360    
       27120   15.4360657       14.5966377       15.4825087    
       27180   15.4375410       14.5866270       15.4691219    
       27240   15.4385242       14.5770445       15.4572611    
       27300   15.4386883       14.5684052       15.4467220    
       27360   15.4386883       14.5612440       15.4369869    
       27420   15.4390163       14.5556002       15.4276733    
       27480   15.4398365       14.5510559       15.4188995    
       27540   15.4414759       14.5470686       15.4109440    
       27600   15.4431143       14.5434542       15.4039078    
       27660   15.4452457       14.5404196       15.3977365    
       27720   15.4481964       14.5381432       15.3922358    
       27780   15.4509840       14.5366058       15.3870945    
       27840   15.4550819       14.5356426       15.3820162    
       27900   15.4595079       14.5350780       15.3769140    
       27960   15.4640980       14.5348053       15.3721914    
       28020   15.4686890       14.5347443       15.3686457    
       28080   15.4734430       14.5348120       15.3669071    
       28140   15.4778690       14.5352230       15.3670483    
       28200   15.4821310       14.5366631       15.3688974    
       28260   15.4865570       14.5399504       15.3720331    
       28320   15.4913111       14.5455027       15.3757820    
       28380   15.4965572       14.5530424       15.3797026    
       28440   15.5022955       14.5616941       15.3837280    
       28500   15.5080328       14.5706978       15.3878498    
       28560   15.5132790       14.5797052       15.3919964    
       28620   15.5190163       14.5885868       15.3959665    
       28680   15.5249176       14.5972929       15.3996410    
       28740   15.5308199       14.6056328       15.4031248    
       28800   15.5368853       14.6134024       15.3741159    
       28860   15.5427866       14.6205759       15.3784447    
       28920   15.5485249       14.6274004       15.3833656    
       28980   15.5540981       14.6341743       15.3893738    
       29040   15.5595083       14.6412582       15.3965397    
       29100   15.5642624       14.6491432       15.4046040    
       29160   15.5688524       14.6583548       15.4130411    
       29220   15.5731144       14.6689825       15.4207563    
       29280   15.5777054       14.6806898       15.4261217    
       29340   15.5826225       14.6926241       15.4285574    
       29400   15.5878687       14.7031956       15.4283705    
       29460   15.5936069       14.7111444       15.4261503    
       29520   15.6000004       14.7162800       15.4224653    
       29580   15.6065578       14.7189627       15.4175329    
       29640   15.6126232       14.7196550       15.4114904    
       29700   15.6183605       14.7185411       15.4047422    
       29760   15.6237707       14.7155762       15.3979454    
       29820   15.6288528       14.7110090       15.3918200    
       29880   15.6344261       14.7055960       15.3870735    
       29940   15.6393442       14.7003298       15.3842421    
       30000   15.6434422       14.6961241       15.3834963    
       30060   15.6475410       14.6937132       15.3847752    
       30120   15.6519670       14.6935530       15.3879261    
       30180   15.6570492       14.6957922       15.3928938    
       30240   15.6624594       14.7003145       15.3999977    
       30300   15.6680326       14.7069168       15.4094973    
       30360   15.6726227       14.7156439       15.4212599    
       30420   15.6767216       14.7267971       15.4346142    
       30480   15.6814756       14.7404938       15.4487085    
       30540   15.6872129       14.7563438       15.4625921    
       30600   15.6936064       14.7736120       15.4752855    
       30660   15.6998358       14.7914295       15.4861565    
       30720   15.7055740       14.8087893       15.4952612    
       30780   15.7098360       14.8247280       15.5031052    
       30840   15.7127867       14.8385983       15.5102415    
       30900   15.7154102       14.8504686       15.5172281    
       30960   15.7180328       14.8608932       15.5245686    
       31020   15.7198362       14.8704634       15.5327063    
       31080   15.7208195       14.8796959       15.5420790    
       31140   15.7204914       14.8891048       15.5527964    
       31200   15.7186890       14.8991308       15.5644455    
       31260   15.7160654       14.9101810       15.5762701    
       31320   15.7137709       14.9225359       15.5876484    
       31380   15.7114754       14.9360075       15.5982399    
       31440   15.7096720       14.9499359       15.6080456    
       31500   15.7065573       14.9635458       15.6173534    
       31560   15.7029505       14.9764433       15.6263723    
       31620   15.6980324       14.9886656       15.6350231    
       31680   15.6916389       15.0005264       15.6429272    
       31740   15.6836061       15.0120840       15.6498880    
       31800   15.6747541       15.0229950       15.6562948    
       31860   15.6659012       15.0329008       15.6628065    
       31920   15.6570492       15.0419159       15.6697950    
       31980   15.6478691       15.0506372       15.6773586    
       32040   15.6385250       15.0596523       15.6855612    
       32100   15.6290159       15.0692129       15.6943216    
       32160   15.6190166       15.0793829       15.7035141    
       32220   15.6086884       15.0901318       15.7129622    
       32280   15.5980330       15.1013441       15.7224045    
       32340   15.5870495       15.1128874       15.7315388    
       32400   15.5762291       15.1245642       15.8726358    
       32460   15.5654097       15.1361303       15.8785210    
       32520   15.5550823       15.1472836       15.8835602    
       32580   15.5444260       15.1577711       15.8877029    
       32640   15.5342627       15.1674166       15.8909826    
       32700   15.5242624       15.1761799       15.8937559    
       32760   15.5144262       15.1840200       15.8965445    
       32820   15.5044260       15.1911087       15.8998241    
       32880   15.4942627       15.1978607       15.9038553    
       32940   15.4840984       15.2047958       15.9087391    
       33000   15.4740982       15.2123499       15.9143715    
       33060   15.4637709       15.2207804       15.9203787    
       33120   15.4529505       15.2302198       15.9262104    
       33180   15.4414759       15.2405481       15.9311991    
       33240   15.4291801       15.2513866       15.9346151    
       33300   15.4163933       15.2620935       15.9358387    
       33360   15.4036064       15.2718153       15.9345770    
       33420   15.3903275       15.2796526       15.9309034    
       33480   15.3770494       15.2848873       15.9250708    
       33540   15.3640985       15.2872505       15.9173698    
       33600   15.3509836       15.2869244       15.9082088    
       33660   15.3380327       15.2842607       15.8981733    
       33720   15.3249178       15.2796192       15.8878546    
       33780   15.3116398       15.2734365       15.8776855    
       33840   15.2983608       15.2663298       15.8679562    
       33900   15.2845898       15.2589235       15.8589373    
       33960   15.2706556       15.2516766       15.8509579    
       34020   15.2570496       15.2448559       15.8443594    
       34080   15.2439346       15.2386971       15.8393583    
       34140   15.2304916       15.2335148       15.8360558    
       34200   15.2167215       15.2296972       15.8344755    
       34260   15.2032785       15.2275934       15.8346653    
       34320   15.1901636       15.2274036       15.8364611    
       34380   15.1773767       15.2291861       15.8393917    
       34440   15.1647539       15.2328768       15.8429432    
       34500   15.1522951       15.2381105       15.8467293    
       34560   15.1404915       15.2442827       15.8502693    
       34620   15.1290159       15.2508707       15.8529758    
       34680   15.1180325       15.2574472       15.8543224    
       34740   15.1070490       15.2635651       15.8538275    
       34800   15.0965576       15.2687044       15.8513479    
       34860   15.0867214       15.2722807       15.8472538    
       34920   15.0777054       15.2738676       15.8422384    
       34980   15.0681963       15.2735481       15.8368063    
       35040   15.0585241       15.2718763       15.8311777    
       35100   15.0480328       15.2695036       15.8253956    
       35160   15.0385246       15.2667952       15.8194408    
       35220   15.0291805       15.2638884       15.8133307    
       35280   15.0213118       15.2607861       15.8069601    
       35340   15.0147543       15.2575140       15.8001566    
       35400   15.0098362       15.2540541       15.7928247    
       35460   15.0062294       15.2502756       15.7850351    
       35520   15.0037708       15.2460127       15.7771606    
       35580   15.0013113       15.2411499       15.7697830    
       35640   14.9988527       15.2356825       15.7631083    
       35700   14.9960651       15.2298565       15.7567196    
       35760   14.9932785       15.2242422       15.7498560    
       35820   14.9908199       15.2192497       15.7423525    
       35880   14.9883604       15.2147532       15.7344761    
       35940   14.9860659       15.2100706       15.7267151    
       36000   14.9837704       15.2047129       15.0828609    
       36060   14.9809837       15.1988001       15.0802641    
       36120   14.9778690       15.1927738       15.0780907    
       36180   14.9736061       15.1871309       15.0758009    
       36240   14.9695082       15.1821032       15.0728416    
       36300   14.9649181       15.1775179       15.0687599    
       36360   14.9601641       15.1729326       15.0632343    
       36420   14.9554100       15.1678009       15.0560694    
       36480   14.9506559       15.1615973       15.0471668    
       36540   14.9459019       15.1539011       15.0368061    
       36600   14.9409838       15.1444445       15.0259008    
       36660   14.9355736       15.1331482       15.0153990    
       36720   14.9304914       15.1201477       15.0065756    
       36780   14.9259014       15.1062212       15.0010090    
       36840   14.9213114       15.0924797       14.9992313    
       36900   14.9175406       15.0801096       15.0004101    
       36960   14.9139347       15.0706482       15.0031376    
       37020   14.9104919       15.0651197       15.0060139    
       37080   14.9078684       15.0631266       15.0081348    
       37140   14.9057379       15.0632277       15.0091743    
       37200   14.9034424       15.0637989       15.0092154    
       37260   14.9013119       15.0636425       15.0086489    
       37320   14.8988523       15.0622425       15.0080423    
       37380   14.8962297       15.0595179       15.0079050    
       37440   14.8936062       15.0556622       15.0084972    
       37500   14.8909836       15.0511837       15.0096722    
       37560   14.8885250       15.0467501       15.0110388    
       37620   14.8857374       15.0428753       15.0121365    
       37680   14.8826227       15.0396013       15.0125294    
       37740   14.8795080       15.0365791       15.0118904    
       37800   14.8763933       15.0333242       15.0100899    
       37860   14.8729506       15.0294847       15.0071592    
       37920   14.8695078       15.0248556       15.0032301    
       37980   14.8660660       15.0193520       14.9985008    
       38040   14.8626232       15.0129604       14.9932585    
       38100   14.8590164       15.0057325       14.9879141    
       38160   14.8554096       14.9978046       14.9829264    
       38220   14.8518028       14.9893494       14.9786348    
       38280   14.8480330       14.9806528       14.9751959    
       38340   14.8440981       14.9721708       14.9724417    
       38400   14.8403282       14.9644213       14.9700603    
       38460   14.8363934       14.9577293       14.9679108    
       38520   14.8321314       14.9520159       14.9659767    
       38580   14.8273773       14.9469414       14.9642677    
       38640   14.8224592       14.9422321       14.9628086    
       38700   14.8172131       14.9378119       14.9617109    
       38760   14.8118029       14.9336853       14.9611769    
       38820   14.8060656       14.9298735       14.9614067    
       38880   14.8001642       14.9264469       14.9624567    
       38940   14.7939348       14.9235802       14.9642496    
       39000   14.7878685       14.9215069       14.9666891    
       39060   14.7816391       14.9203825       14.9696045    
       39120   14.7749176       14.9202042       14.9727240    
       39180   14.7678690       14.9208632       14.9755650    
       39240   14.7608194       14.9221334       14.9775143    
       39300   14.7539349       14.9235830       14.9783316    
       39360   14.7473774       14.9245596       14.9783373    
       39420   14.7408199       14.9245920       14.9780941    
       39480   14.7339344       14.9237213       14.9774323    
       39540   14.7273769       14.9225292       14.9756994    
       39600   14.7206554       14.9213791       14.9334993    
       39660   14.7139349       14.9199305       14.9288902    
       39720   14.7072134       14.9174328       14.9223022    
       39780   14.7004919       14.9131432       14.9143486    
       39840   14.6940985       14.9067726       14.9059515    
       39900   14.6877050       14.8985672       14.8980312    
       39960   14.6813116       14.8891888       14.8912458    
       40020   14.6750822       14.8795443       14.8859501    
       40080   14.6688528       14.8705578       14.8821812    
       40140   14.6624594       14.8628941       14.8797941    
       40200   14.6560659       14.8568945       14.8784294    
       40260   14.6495085       14.8526192       14.8773832    
       40320   14.6431150       14.8498764       14.8760910    
       40380   14.6365576       14.8479280       14.8737688    
       40440   14.6301641       14.8459988       14.8693419    
       40500   14.6240988       14.8434601       14.8625727    
       40560   14.6178684       14.8393297       14.8543959    
       40620   14.6119671       14.8329315       14.8460922    
       40680   14.6059017       14.8247166       14.8387289    
       40740   14.5996723       14.8158817       14.8327789    
       40800   14.5934429       14.8076515       14.8282537    
       40860   14.5873766       14.8008337       14.8248758    
       40920   14.5814753       14.7956333       14.8220587    
       40980   14.5759020       14.7918510       14.8190479    
       41040   14.5703278       14.7890100       14.8153057    
       41100   14.5645905       14.7863503       14.8107166    
       41160   14.5590162       14.7830915       14.8054895    
       41220   14.5534430       14.7787943       14.7999287    
       41280   14.5481968       14.7735701       14.7942829    
       41340   14.5432787       14.7678165       14.7887020    
       41400   14.5380325       14.7618933       14.7833862    
       41460   14.5331144       14.7560692       14.7785540    
       41520   14.5285244       14.7505646       14.7743063    
       41580   14.5242624       14.7455807       14.7706051    
       41640   14.5200005       14.7412882       14.7673120    
       41700   14.5155735       14.7377501       14.7641850    
       41760   14.5113115       14.7348738       14.7608471    
       41820   14.5065575       14.7324495       14.7568884    
       41880   14.5016394       14.7301064       14.7520876    
       41940   14.4970493       14.7273483       14.7464981    
       42000   14.4927874       14.7237949       14.7404423    
       42060   14.4883604       14.7193546       14.7342749    
       42120   14.4845905       14.7142630       14.7280645    
       42180   14.4814758       14.7089100       14.7216940    
       42240   14.4790163       14.7035742       14.7149773    
       42300   14.4768848       14.6982670       14.7077093    
       42360   14.4755735       14.6928673       14.6996260    
       42420   14.4745903       14.6871996       14.6904364    
       42480   14.4739342       14.6810188       14.6800241    
       42540   14.4734430       14.6739969       14.6686087    
       42600   14.4729509       14.6657925       14.6567011    
       42660   14.4721308       14.6562757       14.6449480    
       42720   14.4709835       14.6456633       14.6340761    
       42780   14.4693441       14.6344366       14.6245594    
       42840   14.4660654       14.6232071       14.6162281    
       42900   14.4619675       14.6126785       14.6085453    
       42960   14.4570494       14.6034307       14.6010866    
       43020   14.4513111       14.5955658       14.5936317    
       43080   14.4447536       14.5886612       14.5862083    
       43140   14.4383602       14.5822239       14.5790815    
       43200   14.4314756       14.5759850       14.2903185    
       43260   14.4244261       14.5699587       14.2872391    
       43320   14.4170494       14.5644264       14.2851582    
       43380   14.4095078       14.5596771       14.2839680    
       43440   14.4018030       14.5558300       14.2833109    
       43500   14.3939342       14.5528698       14.2826900    
       43560   14.3860655       14.5506535       14.2816744    
       43620   14.3785248       14.5488071       14.2800503    
       43680   14.3708200       14.5468369       14.2777958    
       43740   14.3631144       14.5443516       14.2751017    
       43800   14.3557377       14.5411835       14.2723255    
       43860   14.3485250       14.5373669       14.2698193    
       43920   14.3413115       14.5331182       14.2677679    
       43980   14.3342619       14.5287571       14.2662086    
       44040   14.3272133       14.5244951       14.2649670    
       44100   14.3203278       14.5204897       14.2635622    
       44160   14.3131151       14.5168505       14.2616034    
       44220   14.3059015       14.5135365       14.2590361    
       44280   14.2986889       14.5103054       14.2560616    
       44340   14.2914753       14.5067463       14.2529325    
       44400   14.2842627       14.5026426       14.2498398    
       44460   14.2770491       14.4980774       14.2468529    
       44520   14.2696724       14.4933062       14.2438993    
       44580   14.2621307       14.4885406       14.2407656    
       44640   14.2547541       14.4838552       14.2370329    
       44700   14.2475414       14.4792051       14.2319994    
       44760   14.2396717       14.4743986       14.2251987    
       44820   14.2311478       14.4690399       14.2169056    
       44880   14.2218037       14.4624586       14.2077999    
       44940   14.2118034       14.4540434       14.1983376    
       45000   14.2016392       14.4438295       14.1887503    
       45060   14.1916389       14.4324322       14.1790133    
       45120   14.1811476       14.4205332       14.1689625    
       45180   14.1704922       14.4085302       14.1585445    
       45240   14.1599998       14.3965130       14.1478338    
       45300   14.1496725       14.3843679       14.1370173    
       45360   14.1385250       14.3720102       14.1263256    
       45420   14.1262293       14.3594570       14.1159401    
       45480   14.1139345       14.3468275       14.1058998    
       45540   14.1011477       14.3342848       14.0960970    
       45600   14.0868855       14.3219728       14.0863895    
       45660   14.0714750       14.3099670       14.0766582    
       45720   14.0552464       14.2982321       14.0668201    
       45780   14.0377045       14.2866678       14.0568676    
       45840   14.0191803       14.2751646       14.0468664    
       45900   13.9996719       14.2636642       14.0370197    
       45960   13.9798365       14.2521744       14.0276794    
       46020   13.9590168       14.2407627       14.0193367    
       46080   13.9381971       14.2295895       14.0124216    
       46140   13.9168854       14.2189274       14.0071440    
       46200   13.8957376       14.2091846       14.0034847    
       46260   13.8740988       14.2007351       14.0010977    
       46320   13.8529510       14.1937408       13.9992237    
       46380   13.8322954       14.1881323       13.9968081    
       46440   13.8121309       14.1836176       13.9930553    
       46500   13.7929506       14.1795444       13.9878922    
       46560   13.7745905       14.1750031       13.9817095    
       46620   13.7570496       14.1694059       13.9749632    
       46680   13.7399998       14.1628237       13.9681082    
       46740   13.7239342       14.1555529       13.9615145    
       46800   13.7077045       14.1478834       13.9738808    
       46860   13.6919670       14.1401138       13.9673605    
       46920   13.6763935       14.1325464       13.9612923    
       46980   13.6606560       14.1253738       13.9554329    
       47040   13.6449184       14.1186657       13.9495554    
       47100   13.6291800       14.1123848       13.9436226    
       47160   13.6136065       14.1063757       13.9378262    
       47220   13.5980330       14.1004610       13.9324207    
       47280   13.5822954       14.0945702       13.9277010    
       47340   13.5667210       14.0887928       13.9239283    
       47400   13.5508194       14.0833035       13.9211235    
       47460   13.5347538       14.0783243       13.9187965    
       47520   13.5185242       14.0741034       13.9159470    
       47580   13.5024586       14.0707417       13.9115992    
       47640   13.4863930       14.0679445       13.9056444    
       47700   13.4703283       14.0648708       13.8990097    
       47760   13.4540987       14.0604887       13.8931074    
       47820   13.4378691       14.0543661       13.8889141    
       47880   13.4216394       14.0472555       13.8864079    
       47940   13.4050817       14.0406475       13.8850393    
       48000   13.3886881       14.0356684       13.8843412    
       48060   13.3721313       14.0324726       13.8841925    
       48120   13.3554096       14.0305529       13.8847713    
       48180   13.3390160       14.0293636       13.8864899    
       48240   13.3226233       14.0286970       13.8892975    
       48300   13.3067217       14.0286407       13.8928928    
       48360   13.2908201       14.0296364       13.8975306    
       48420   13.2757378       14.0320206       13.9033928    
       48480   13.2613115       14.0357065       13.9096584    
       48540   13.2475414       14.0406466       13.9146996    
       48600   13.2342625       14.0466661       13.9173012    
       48660   13.2211475       14.0529690       13.9172487    
       48720   13.2080326       14.0582266       13.9149799    
       48780   13.1949177       14.0612307       13.9111271    
       48840   13.1816397       14.0615520       13.9062672    
       48900   13.1678686       14.0595589       13.9007807    
       48960   13.1544266       14.0558357       13.8947849    
       49020   13.1418037       14.0509148       13.8881645    
       49080   13.1300001       14.0451746       13.8807716    
       49140   13.1186886       14.0387678       13.8727798    
       49200   13.1078691       14.0316296       13.8650665    
       49260   13.0983610       14.0236235       13.8587341    
       49320   13.0895081       14.0148468       13.8542566    
       49380   13.0814753       14.0059299       13.8511477    
       49440   13.0739346       13.9979992       13.8483582    
       49500   13.0663939       13.9918985       13.8452215    
       49560   13.0591803       13.9876022       13.8415747    
       49620   13.0518036       13.9842339       13.8374109    
       49680   13.0442619       13.9807949       13.8328228    
       49740   13.0363932       13.9767914       13.8280420    
       49800   13.0280333       13.9719896       13.8232260    
       49860   13.0188522       13.9663486       13.8180676    
       49920   13.0095081       13.9600811       13.8121796    
       49980   12.9996719       13.9534740       13.8058729    
       50040   12.9896717       13.9465733       13.7997208    
       50100   12.9799995       13.9391947       13.7939854    
       50160   12.9708195       13.9315882       13.7886887    
       50220   12.9618034       13.9243727       13.7838078    
       50280   12.9531145       13.9178562       13.7792292    
       50340   12.9450817       13.9120274       13.7747250    
       50400   12.9370489       13.9067364       13.3515062    
       50460   12.9300003       13.9017429       13.3507595    
       50520   12.9237709       13.8967304       13.3507490    
       50580   12.9186888       13.8915739       13.3509541    
       50640   12.9145899       13.8866234       13.3505745    
       50700   12.9111471       13.8823175       13.3490000    
       50760   12.9083605       13.8785915       13.3460207    
       50820   12.9062300       13.8748283       13.3423328    
       50880   12.9044266       13.8702593       13.3389254    
       50940   12.9027872       13.8642960       13.3362236    
       51000   12.9013119       13.8570280       13.3340788    
       51060   12.9004917       13.8493271       13.3322334    
       51120   12.8998365       13.8418608       13.3306932    
       51180   12.8995085       13.8348198       13.3296261    
       51240   12.8991804       13.8282623       13.3292198    
       51300   12.8986883       13.8225374       13.3290730    
       51360   12.8985243       13.8179674       13.3281488    
       51420   12.8983603       13.8143616       13.3257170    
       51480   12.8986883       13.8107967       13.3216295    
       51540   12.8986883       13.8059902       13.3162832    
       51600   12.8988523       13.7991695       13.3100853    
       51660   12.8993444       13.7905331       13.3030987    
       51720   12.8998365       13.7807379       13.2952681    
       51780   12.9004917       13.7702961       13.2867737    
       51840   12.9013119       13.7592049       13.2780304    
       51900   12.9019670       13.7472000       13.2699976    
       51960   12.9019670       13.7341137       13.2632732    
       52020   12.9021311       13.7204199       13.2573013    
       52080   12.9019670       13.7074432       13.2512798    
       52140   12.9016390       13.6960535       13.2454214    
       52200   12.9011478       13.6858816       13.2410736    
       52260   12.9011478       13.6762085       13.2395649    
       52320   12.9009838       13.6671925       13.2414103    
       52380   12.9008198       13.6599264       13.2466545    
       52440   12.9004917       13.6554098       13.2548418    
       52500   12.9004917       13.6540155       13.2647543    
       52560   12.9004917       13.6557646       13.2751398    
       52620   12.9003277       13.6604605       13.2851543    
       52680   12.8999996       13.6672401       13.2946100    
       52740   12.9001637       13.6748981       13.3039379    
       52800   12.9001637       13.6825161       13.3133717    
       52860   12.9006557       13.6896496       13.3221483    
       52920   12.9011478       13.6963511       13.3292418    
       52980   12.9024591       13.7026443       13.3342342    
       53040   12.9049177       13.7077904       13.3374243    
       53100   12.9086885       13.7110462       13.3395739    
       53160   12.9136066       13.7124758       13.3414011    
       53220   12.9191799       13.7128658       13.3431492    
       53280   12.9257374       13.7128487       13.3447847    
       53340   12.9329510       13.7126360       13.3460045    
       53400   12.9403276       13.7122784       13.3463449    
       53460   12.9480324       13.7116003       13.3452930    
       53520   12.9563932       13.7102146       13.3427410    
       53580   12.9650822       13.7077093       13.3388004    
       53640   12.9737701       13.7038898       13.3333740    
       53700   12.9822950       13.6989002       13.3268185    
       53760   12.9899998       13.6926842       13.3198509    
       53820   12.9965572       13.6849651       13.3128576    
       53880   13.0026226       13.6759853       13.3058672    
       53940   13.0078688       13.6665516       13.2987270    
       54000   13.0122948       13.6572437       12.9373264    
       54060   13.0162296       13.6481543       12.9325066    
       54120   13.0190163       13.6391563       12.9267540    
       54180   13.0208197       13.6298609       12.9207382    
       54240   13.0216389       13.6195889       12.9163866    
       54300   13.0218029       13.6080332       12.9152813    
       54360   13.0211477       13.5960007       12.9168119    
       54420   13.0200005       13.5855064       12.9198942    
       54480   13.0185242       13.5786877       12.9234953    
       54540   13.0167217       13.5756645       12.9269171    
       54600   13.0149183       13.5746174       12.9293671    
       54660   13.0129509       13.5736113       12.9302483    
       54720   13.0106554       13.5718775       12.9293518    
       54780   13.0085249       13.5692282       12.9267797    
       54840   13.0063934       13.5653543       12.9230680    
       54900   13.0040979       13.5600605       12.9188023    
       54960   13.0019674       13.5535269       12.9144459    
       55020   12.9998360       13.5462065       12.9103384    
       55080   12.9977045       13.5385494       12.9063959    
       55140   12.9955740       13.5309525       12.9024029    
       55200   12.9936066       13.5235062       12.8982296    
       55260   12.9919672       13.5160284       12.8940096    
       55320   12.9899998       13.5083714       12.8901234    
       55380   12.9881964       13.5005474       12.8868170    
       55440   12.9865570       13.4927959       12.8840408    
       55500   12.9844265       13.4854393       12.8816862    
       55560   12.9826231       13.4784975       12.8793440    
       55620   12.9813118       13.4716110       12.8765211    
       55680   12.9801636       13.4644680       12.8729057    
       55740   12.9793444       13.4572144       12.8688250    
       55800   12.9786882       13.4502077       12.8644342    
       55860   12.9781971       13.4434214       12.8594675    
       55920   12.9773769       13.4365597       12.8537598    
       55980   12.9770489       13.4292555       12.8473253    
       56040   12.9767218       13.4210396       12.8401413    
       56100   12.9772129       13.4116907       12.8322067    
       56160   12.9777050       13.4012747       12.8235903    
       56220   12.9783611       13.3899746       12.8144484    
       56280   12.9791803       13.3784161       12.8055544    
       56340   12.9801636       13.3671207       12.7976713    
       56400   12.9809837       13.3560390       12.7907047    
       56460   12.9821310       13.3452740       12.7841291    
       56520   12.9829512       13.3351097       12.7777176    
       56580   12.9840984       13.3255091       12.7714424    
       56640   12.9850817       13.3163395       12.7655382    
       56700   12.9854097       13.3074808       12.7606077    
       56760   12.9849176       13.2988386       12.7571697    
       56820   12.9837704       13.2906332       12.7551117    
       56880   12.9822950       13.2835197       12.7541809    
       56940   12.9799995       13.2779551       12.7541609    
       57000   12.9773769       13.2738533       12.7548275    
       57060   12.9747543       13.2709303       12.7559156    
       57120   12.9724588       13.2689486       12.7573252    
       57180   12.9700003       13.2676916       12.7591133    
       57240   12.9673767       13.2670097       12.7613430    
       57300   12.9649181       13.2668648       12.7639036    
       57360   12.9626226       13.2673321       12.7662468    
       57420   12.9608192       13.2684278       12.7677212    
       57480   12.9598360       13.2698097       12.7681170    
       57540   12.9586887       13.2707815       12.7675858    
       57600   12.9578686       13.2708750       12.9826345    
       57660   12.9575405       13.2700281       12.9809895    
       57720   12.9572134       13.2683916       12.9800043    
       57780   12.9573774       13.2663355       12.9805498    
       57840   12.9577045       13.2642879       12.9835052    
       57900   12.9580326       13.2625160       12.9871006    
       57960   12.9583607       13.2612677       12.9879875    
       58020   12.9590168       13.2610273       12.9861498    
       58080   12.9600000       13.2615185       12.9828014    
       58140   12.9609833       13.2612934       12.9784861    
       58200   12.9621315       13.2596865       12.9733248    
       58260   12.9634428       13.2568607       12.9680119    
       58320   12.9652462       13.2526932       12.9634047    
       58380   12.9670496       13.2473774       12.9600668    
       58440   12.9683609       13.2418690       12.9582348    
       58500   12.9693441       13.2371073       12.9577351    
       58560   12.9704914       13.2337027       12.9581051    
       58620   12.9719667       13.2319164       12.9588480    
       58680   12.9736061       13.2316341       12.9596338    
       58740   12.9752455       13.2324257       12.9603863    
       58800   12.9765577       13.2337456       12.9612427    
       58860   12.9781971       13.2351198       12.9623785    
       58920   12.9796724       13.2363396       12.9638557    
       58980   12.9814758       13.2374907       12.9656544    
       59040   12.9844265       13.2387838       12.9677477    
       59100   12.9875412       13.2403030       12.9698429    
       59160   12.9904919       13.2420225       12.9711838    
       59220   12.9927874       13.2438526       12.9713707    
       59280   12.9944258       13.2453756       12.9708834    
       59340   12.9952459       13.2459631       12.9707985    
       59400   12.9957380       13.2455721       12.9716063    
       59460   12.9960651       13.2450562       12.9735622    
       59520   12.9965572       13.2452545       12.9769211    
       59580   12.9968853       13.2463846       12.9811773    
       59640   12.9967213       13.2484694       12.9850407    
       59700   12.9965572       13.2515831       12.9873381    
       59760   12.9959021       13.2555046       12.9874582    
       59820   12.9955740       13.2592869       12.9859610    
       59880   12.9952459       13.2618475       12.9840298    
       59940   12.9947538       13.2628136       12.9823313    
       60000   12.9945898       13.2625885       12.9807320    
       60060   12.9947538       13.2616787       12.9789600    
       60120   12.9949179       13.2603025       12.9773741    
       60180   12.9950819       13.2586126       12.9764318    
       60240   12.9954100       13.2566786       12.9759846    
       60300   12.9959021       13.2547913       12.9754152    
       60360   12.9965572       13.2534657       12.9742012    
       60420   12.9978685       13.2526875       12.9721584    
       60480   12.9998360       13.2518234       12.9693623    
       60540   13.0019674       13.2502556       12.9657803    
       60600   13.0044260       13.2478933       12.9612865    
       60660   13.0072126       13.2448311       12.9559450    
       60720   13.0101643       13.2410841       12.9499903    
       60780   13.0129509       13.2365112       12.9437618    
       60840   13.0159016       13.2311230       12.9377117    
       60900   13.0191803       13.2251329       12.9326038    
       60960   13.0231152       13.2188129       12.9293652    
       61020   13.0277052       13.2125587       12.9287081    
       61080   13.0324593       13.2070065       12.9307184    
       61140   13.0370493       13.2030144       12.9345989    
       61200   13.0416393       13.2014294       12.9194164    
       61260   13.0460653       13.2026787       12.9256449    
       61320   13.0495081       13.2063217       12.9328690    
       61380   13.0527868       13.2113867       12.9404249    
       61440   13.0557375       13.2174110       12.9469137    
       61500   13.0583611       13.2241306       12.9503431    
       61560   13.0604916       13.2306595       12.9508514    
       61620   13.0627871       13.2352285       12.9510193    
       61680   13.0649176       13.2366743       12.9522486    
       61740   13.0665569       13.2365799       12.9547758    
       61800   13.0678692       13.2370644       12.9584818    
       61860   13.0683603       13.2387686       12.9631071    
       61920   13.0683603       13.2416210       12.9681511    
       61980   13.0680332       13.2452755       12.9724331    
       62040   13.0683603       13.2493391       12.9753618    
       62100   13.0690165       13.2535944       12.9770403    
       62160   13.0696726       13.2573299       12.9777699    
       62220   13.0704918       13.2597532       12.9779243    
       62280   13.0716391       13.2608986       12.9775629    
       62340   13.0727873       13.2612095       12.9765301    
       62400   13.0736065       13.2611303       12.9748039    
       62460   13.0742626       13.2607889       12.9725389    
       62520   13.0755739       13.2598381       12.9700346    
       62580   13.0772133       13.2579327       12.9676695    
       62640   13.0783606       13.2550535       12.9656868    
       62700   13.0788527       13.2515240       12.9639359    
       62760   13.0791807       13.2477770       12.9618807    
       62820   13.0804920       13.2441454       12.9593029    
       62880   13.0827866       13.2407331       12.9562168    
       62940   13.0849180       13.2372742       12.9527378    
       63000   13.0872135       13.2334127       12.9530773    
       63060   13.0900002       13.2290192       12.9530430    
       63120   13.0929508       13.2262363       12.9523745    
       63180   13.0963936       13.2252617       12.9505711    
       63240   13.1003275       13.2237978       12.9476843    
       63300   13.1044264       13.2214251       12.9445858    
       63360   13.1088524       13.2178307       12.9422169    
       63420   13.1137705       13.2135153       12.9413977    
       63480   13.1185246       13.2094584       12.9424314    
       63540   13.1222954       13.2065620       12.9449348    
       63600   13.1268854       13.2054529       12.9480553    
       63660   13.1318035       13.2060938       12.9512482    
       63720   13.1375408       13.2078218       12.9544144    
       63780   13.1442623       13.2098503       12.9571199    
       63840   13.1519670       13.2119007       12.9589338    
       63900   13.1588526       13.2137489       12.9600716    
       63960   13.1639347       13.2148705       12.9610987    
       64020   13.1681967       13.2151365       12.9623060    
       64080   13.1716394       13.2149935       12.9637718    
       64140   13.1745901       13.2149258       12.9655838    
       64200   13.1763935       13.2150812       12.9680252    
       64260   13.1775408       13.2155514       12.9714594    
       64320   13.1783609       13.2164984       12.9760160    
       64380   13.1786880       13.2182951       12.9816637    
       64440   13.1785250       13.2212067       12.9882174    
       64500   13.1788521       13.2252760       12.9952116    
       64560   13.1796722       13.2304106       13.0016365    
       64620   13.1791801       13.2363005       13.0060415    
       64680   13.1778688       13.2422113       13.0071306    
       64740   13.1760654       13.2468538       13.0046778    
