 20190112
 Seconds  Measures(TEMP-C°)  Meso-NH(TEMP-C°)  FORECAST_AR(TEMP-C°)
        7200   10.2836065       11.9590864       11.6474514    
        7260   10.2626228       11.9559383       11.6542749    
        7320   10.2413111       11.9519424       11.6631346    
        7380   10.2221308       11.9488316       11.6727152    
        7440   10.2055740       11.9475298       11.6823120    
        7500   10.1877050       11.9475517       11.6919861    
        7560   10.1677046       11.9482679       11.7009859    
        7620   10.1488523       11.9498148       11.7077322    
        7680   10.1313114       11.9528503       11.7120085    
        7740   10.1170492       11.9563122       11.7146006    
        7800   10.1031151       11.9576597       11.7165775    
        7860   10.0872135       11.9556742       11.7183323    
        7920   10.0708199       11.9512997       11.7200766    
        7980   10.0570488       11.9459772       11.7215767    
        8040   10.0440979       11.9408531       11.7221498    
        8100   10.0340986       11.9365435       11.7223063    
        8160   10.0259018       11.9325438       11.7225876    
        8220   10.0172129       11.9284363       11.7229347    
        8280   10.0093441       11.9242258       11.7232571    
        8340   9.99704933       11.9200802       11.7234125    
        8400   9.98770523       11.9160500       11.7233267    
        8460   9.97999954       11.9117804       11.7244072    
        8520   9.97229481       11.9071007       11.7290726    
        8580   9.96442604       11.9027061       11.7393160    
        8640   9.95950794       11.9005022       11.7528667    
        8700   9.95049191       11.9028187       11.7660246    
        8760   9.94098377       11.9101858       11.7773008    
        8820   9.93459034       11.9201918       11.7865009    
        8880   9.93032742       11.9300270       11.7929401    
        8940   9.92573738       11.9380445       11.7963114    
        9000   9.92081928       11.9438238       11.7979040    
        9060   9.91885281       11.9472380       11.7981586    
        9120   9.92114735       11.9482002       11.7971783    
        9180   9.92491817       11.9471836       11.7951155    
        9240   9.92672157       11.9442539       11.7923355    
        9300   9.92180347       11.9396248       11.7898388    
        9360   9.91803265       11.9341841       11.7886972    
        9420   9.91426277       11.9288340       11.7878904    
        9480   9.90967178       11.9245529       11.7862282    
        9540   9.90311432       11.9214554       11.7849283    
        9600   9.89655781       11.9184933       11.7857208    
        9660   9.89295101       11.9151325       11.7886753    
        9720   9.89344215       11.9125929       11.7927542    
        9780   9.89655781       11.9119787       11.7960415    
        9840   9.89934444       11.9132824       11.7969456    
        9900   9.89983654       11.9155626       11.7949629    
        9960   9.89934444       11.9168053       11.7903738    
       10020   9.89639378       11.9153919       11.7840586    
       10080   9.89344215       11.9110813       11.7774076    
       10140   9.89163971       11.9044828       11.7712688    
       10200   9.89442635       11.8967924       11.7656116    
       10260   9.89590168       11.8890429       11.7604113    
       10320   9.89737701       11.8817244       11.7557688    
       10380   9.89770508       11.8748379       11.7515192    
       10440   9.89737701       11.8683977       11.7481604    
       10500   9.90032768       11.8624153       11.7462330    
       10560   9.90196705       11.8569708       11.7453766    
       10620   9.90278721       11.8525934       11.7450380    
       10680   9.90426254       11.8498087       11.7452717    
       10740   9.90475368       11.8483105       11.7472076    
       10800   9.90606594       11.8476076       9.83172512    
       10860   9.90721321       11.8481321       9.84126472    
       10920   9.90983582       11.8509007       9.84942436    
       10980   9.91426277       11.8551521       9.85573959    
       11040   9.91934395       11.8587294       9.86031246    
       11100   9.92344284       11.8601646       9.86346054    
       11160   9.92754078       11.8593159       9.86636925    
       11220   9.93065548       11.8565397       9.87100697    
       11280   9.93229485       11.8524561       9.87864399    
       11340   9.93524551       11.8486958       9.88896656    
       11400   9.93721294       11.8472261       9.90019703    
       11460   9.93967247       11.8481884       9.91025066    
       11520   9.94262314       11.8506851       9.91835403    
       11580   9.94590187       11.8534203       9.92507935    
       11640   9.94655704       11.8548765       9.93121910    
       11700   9.94901657       11.8545580       9.93766594    
       11760   9.95262337       11.8529501       9.94477463    
       11820   9.95377064       11.8509808       9.95281982    
       11880   9.95262337       11.8492193       9.96188736    
       11940   9.95180321       11.8476849       9.97119141    
       12000   9.95016384       11.8465796       9.97962761    
       12060   9.94606590       11.8463659       9.98654938    
       12120   9.94032764       11.8463974       9.99158096    
       12180   9.93573761       11.8456802       9.99477291    
       12240   9.93475437       11.8434162       9.99645901    
       12300   9.93475437       11.8390350       9.99781036    
       12360   9.93573761       11.8321409       10.0002871    
       12420   9.93245888       11.8234406       10.0039854    
       12480   9.92770481       11.8147602       10.0083055    
       12540   9.92327881       11.8074799       10.0135794    
       12600   9.91770458       11.8015175       10.0204811    
       12660   9.91163921       11.7963972       10.0285273    
       12720   9.90459061       11.7924957       10.0371485    
       12780   9.89262295       11.7898693       10.0453091    
       12840   9.87606525       11.7880182       10.0524492    
       12900   9.86180305       11.7862873       10.0588598    
       12960   9.85016346       11.7839394       10.0647287    
       13020   9.84163952       11.7807541       10.0702934    
       13080   9.83393478       11.7769032       10.0762682    
       13140   9.82885265       11.7724447       10.0830040    
       13200   9.82606602       11.7675457       10.0896521    
       13260   9.82278728       11.7630758       10.0953369    
       13320   9.81770515       11.7592611       10.0996675    
       13380   9.81131172       11.7552109       10.1029510    
       13440   9.80278683       11.7501087       10.1064119    
       13500   9.79459000       11.7438669       10.1107006    
       13560   9.78704929       11.7369394       10.1156759    
       13620   9.77950859       11.7301407       10.1211205    
       13680   9.77409840       11.7239714       10.1269608    
       13740   9.77163887       11.7184706       10.1330099    
       13800   9.76803303       11.7134600       10.1390877    
       13860   9.76016426       11.7088118       10.1450262    
       13920   9.75295067       11.7041883       10.1503830    
       13980   9.74524593       11.6995020       10.1545353    
       14040   9.73819637       11.6947269       10.1575308    
       14100   9.73147583       11.6894693       10.1595984    
       14160   9.72459030       11.6832399       10.1610937    
       14220   9.71770477       11.6756954       10.1624622    
       14280   9.71213150       11.6669149       10.1637926    
       14340   9.70688534       11.6575775       10.1646919    
       14400   9.70147514       11.6484060       10.0915709    
       14460   9.69655704       11.6395054       10.0902672    
       14520   9.69163895       11.6305151       10.0892220    
       14580   9.68704891       11.6212454       10.0884323    
       14640   9.68032742       11.6118383       10.0874929    
       14700   9.67262268       11.6025124       10.0862570    
       14760   9.66672134       11.5933228       10.0848980    
       14820   9.66163921       11.5840092       10.0833988    
       14880   9.65704918       11.5744381       10.0817337    
       14940   9.65196705       11.5646057       10.0797100    
       15000   9.64524555       11.5545053       10.0765638    
       15060   9.63622952       11.5442905       10.0723867    
       15120   9.62704945       11.5335121       10.0682602    
       15180   9.61704922       11.5217390       10.0649996    
       15240   9.60688496       11.5094118       10.0626059    
       15300   9.59967232       11.4972229       10.0606728    
       15360   9.59262276       11.4856853       10.0590544    
       15420   9.58573723       11.4750490       10.0573397    
       15480   9.58098316       11.4650116       10.0547438    
       15540   9.57999992       11.4552698       10.0513391    
       15600   9.57999992       11.4452944       10.0480957    
       15660   9.58229542       11.4343557       10.0458126    
       15720   9.58508205       11.4227400       10.0447054    
       15780   9.58819675       11.4115019       10.0444870    
       15840   9.59049225       11.4014969       10.0440817    
       15900   9.59032822       11.3929100       10.0425835    
       15960   9.58852482       11.3853788       10.0396376    
       16020   9.58721352       11.3776140       10.0352049    
       16080   9.58934402       11.3684578       10.0297146    
       16140   9.59278679       11.3576946       10.0236416    
       16200   9.59606552       11.3456135       10.0171652    
       16260   9.59950829       11.3327351       10.0104370    
       16320   9.60262299       11.3193054       10.0037746    
       16380   9.60704899       11.3053312       9.99751759    
       16440   9.61081982       11.2909174       9.99201012    
       16500   9.61573792       11.2763729       9.98746395    
       16560   9.62082005       11.2621918       9.98359871    
       16620   9.62622929       11.2488956       9.98001671    
       16680   9.63393402       11.2366657       9.97622204    
       16740   9.64721298       11.2253275       9.97199535    
       16800   9.66065598       11.2143936       9.96792316    
       16860   9.67508221       11.2031002       9.96524620    
       16920   9.69311428       11.1911936       9.96505737    
       16980   9.71180344       11.1793766       9.96782303    
       17040   9.72918034       11.1687145       9.97203541    
       17100   9.74557400       11.1602736       9.97525406    
       17160   9.76426220       11.1549225       9.97668743    
       17220   9.78655720       11.1518726       9.97644043    
       17280   9.81049156       11.1484976       9.97476768    
       17340   9.83114719       11.1434402       9.97237206    
       17400   9.84622955       11.1367302       9.96992970    
       17460   9.85770512       11.1284971       9.96752834    
       17520   9.86704922       11.1192036       9.96510029    
       17580   9.87524605       11.1095304       9.96272945    
       17640   9.88688564       11.0998850       9.96085072    
       17700   9.89868832       11.0905085       9.96001053    
       17760   9.90786839       11.0815849       9.96092510    
       17820   9.91573811       11.0732193       9.96275520    
       17880   9.92327881       11.0653772       9.96380711    
       17940   9.92868805       11.0585518       9.96386623    
       18000   9.93262291       11.0530729       9.49947548    
       18060   9.93508244       11.0477514       9.50120163    
       18120   9.93639374       11.0419159       9.50290298    
       18180   9.93770504       11.0357132       9.50356197    
       18240   9.93704891       11.0294390       9.50256634    
       18300   9.93573761       11.0231829       9.49999046    
       18360   9.93295097       11.0161982       9.49688530    
       18420   9.92803288       11.0078745       9.49400711    
       18480   9.92278671       10.9979362       9.49147511    
       18540   9.91770458       10.9868402       9.48937416    
       18600   9.91393471       10.9754457       9.48799038    
       18660   9.91147518       10.9642563       9.48799229    
       18720   9.91147518       10.9534950       9.49001026    
       18780   9.91163921       10.9434557       9.49382973    
       18840   9.91590118       10.9346428       9.49840069    
       18900   9.92475414       10.9275932       9.50321388    
       18960   9.93573761       10.9222584       9.50810051    
       19020   9.95032787       10.9179354       9.51278305    
       19080   9.96590137       10.9142838       9.51723576    
       19140   9.98180294       10.9110041       9.52123833    
       19200   9.99737740       10.9077387       9.52448082    
       19260   10.0159016       10.9045010       9.52704716    
       19320   10.0372133       10.9009390       9.52891922    
       19380   10.0614758       10.8964338       9.53012466    
       19440   10.0868855       10.8909693       9.53130531    
       19500   10.1137705       10.8849630       9.53425026    
       19560   10.1413116       10.8785944       9.54022217    
       19620   10.1701641       10.8724213       9.54851437    
       19680   10.1978693       10.8675652       9.55776501    
       19740   10.2260656       10.8652353       9.56728745    
       19800   10.2537708       10.8656702       9.57700825    
       19860   10.2819672       10.8677273       9.58701038    
       19920   10.3111477       10.8703394       9.59742165    
       19980   10.3416395       10.8730927       9.60861969    
       20040   10.3724594       10.8758831       9.62089252    
       20100   10.4037704       10.8786821       9.63287067    
       20160   10.4363937       10.8817072       9.64298820    
       20220   10.4686890       10.8855314       9.65112400    
       20280   10.5001640       10.8898859       9.65799904    
       20340   10.5278692       10.8932161       9.66412258    
       20400   10.5495081       10.8948860       9.66897774    
       20460   10.5680332       10.8952541       9.67226410    
       20520   10.5854101       10.8947144       9.67417812    
       20580   10.6000004       10.8928442       9.67453671    
       20640   10.6129513       10.8887825       9.67314816    
       20700   10.6265574       10.8824120       9.67166424    
       20760   10.6422949       10.8739786       9.67162895    
       20820   10.6563931       10.8643847       9.67235470    
       20880   10.6673775       10.8558331       9.67279053    
       20940   10.6762295       10.8493748       9.67284775    
       21000   10.6878691       10.8442822       9.67216587    
       21060   10.7049179       10.8392811       9.67052937    
       21120   10.7259016       10.8335390       9.66854477    
       21180   10.7503281       10.8265486       9.66665649    
       21240   10.7760658       10.8182287       9.66497040    
       21300   10.7993441       10.8092222       9.66456413    
       21360   10.8218031       10.8004465       9.66427517    
       21420   10.8459015       10.7919664       9.66205597    
       21480   10.8708200       10.7840443       9.65897274    
       21540   10.8959017       10.7761955       9.65758801    
       21600   10.9226227       10.7666864       10.0521746    
       21660   10.9499998       10.7568350       10.0562153    
       21720   10.9777050       10.7486362       10.0614662    
       21780   11.0055742       10.7435198       10.0655260    
       21840   11.0322952       10.7428198       10.0695429    
       21900   11.0590162       10.7451897       10.0750675    
       21960   11.0857372       10.7477798       10.0824127    
       22020   11.1118031       10.7503643       10.0903635    
       22080   11.1383610       10.7542419       10.0982904    
       22140   11.1649179       10.7595167       10.1068182    
       22200   11.1903276       10.7650442       10.1171083    
       22260   11.2149181       10.7702579       10.1289635    
       22320   11.2391806       10.7755442       10.1404657    
       22380   11.2631149       10.7819843       10.1497116    
       22440   11.2873774       10.7900324       10.1562757    
       22500   11.3085241       10.7982664       10.1609755    
       22560   11.3272133       10.8047638       10.1648607    
       22620   11.3436069       10.8089504       10.1689978    
       22680   11.3570490       10.8113670       10.1739616    
       22740   11.3688526       10.8129272       10.1798143    
       22800   11.3803282       10.8146944       10.1866713    
       22860   11.3896723       10.8173323       10.1943979    
       22920   11.3950815       10.8212061       10.2023649    
       22980   11.3959017       10.8263512       10.2101154    
       23040   11.3922949       10.8322897       10.2173719    
       23100   11.3845901       10.8384953       10.2236118    
       23160   11.3747540       10.8448286       10.2277498    
       23220   11.3636065       10.8508444       10.2293072    
       23280   11.3532791       10.8554897       10.2299385    
       23340   11.3477049       10.8572674       10.2320242    
       23400   11.3445902       10.8561401       10.2366190    
       23460   11.3414755       10.8541641       10.2430429    
       23520   11.3365574       10.8535709       10.2498016    
       23580   11.3314753       10.8554764       10.2554731    
       23640   11.3265572       10.8595848       10.2589407    
       23700   11.3209839       10.8644600       10.2597656    
       23760   11.3163939       10.8683023       10.2594013    
       23820   11.3119669       10.8695936       10.2595730    
       23880   11.3080330       10.8684940       10.2608938    
       23940   11.3040981       10.8669672       10.2634172    
       24000   11.2983608       10.8662081       10.2674170    
       24060   11.2901640       10.8663645       10.2739096    
       24120   11.2844267       10.8673449       10.2831116    
       24180   11.2798357       10.8696079       10.2938242    
       24240   11.2759018       10.8740196       10.3048744    
       24300   11.2711477       10.8804779       10.3154335    
       24360   11.2649183       10.8882160       10.3249550    
       24420   11.2590160       10.8964701       10.3335838    
       24480   11.2539349       10.9045563       10.3423138    
       24540   11.2519674       10.9119606       10.3520432    
       24600   11.2511473       10.9190741       10.3626966    
       24660   11.2495079       10.9268932       10.3739147    
       24720   11.2477045       10.9357653       10.3852539    
       24780   11.2460651       10.9454107       10.3959599    
       24840   11.2429504       10.9554243       10.4057608    
       24900   11.2396717       10.9651480       10.4148521    
       24960   11.2355738       10.9739323       10.4229183    
       25020   11.2308197       10.9819307       10.4322538    
       25080   11.2259016       10.9886665       10.4448919    
       25140   11.2224588       10.9939518       10.4590626    
       25200   11.2193441       11.0002022       12.2021341    
       25260   11.2170496       11.0091105       12.2121124    
       25320   11.2162294       11.0198507       12.2175083    
       25380   11.2162294       11.0296936       12.2211714    
       25440   11.2165575       11.0360727       12.2254591    
       25500   11.2175407       11.0395393       12.2299728    
       25560   11.2195082       11.0431614       12.2337246    
       25620   11.2234430       11.0477114       12.2365503    
       25680   11.2291803       11.0522318       12.2387705    
       25740   11.2349176       11.0560799       12.2403126    
       25800   11.2414751       11.0593967       12.2405691    
       25860   11.2501640       11.0622282       12.2387295    
       25920   11.2570496       11.0641775       12.2355175    
       25980   11.2639341       11.0642929       12.2332964    
       26040   11.2704916       11.0621634       12.2338715    
       26100   11.2762299       11.0591755       12.2363997    
       26160   11.2804918       11.0577335       12.2388659    
       26220   11.2809839       11.0595646       12.2400856    
       26280   11.2780333       11.0643272       12.2396269    
       26340   11.2729511       11.0698004       12.2375956    
       26400   11.2685242       11.0741444       12.2346373    
       26460   11.2663937       11.0767422       12.2315540    
       26520   11.2650824       11.0778236       12.2289639    
       26580   11.2647543       11.0780783       12.2272043    
       26640   11.2665577       11.0782881       12.2260637    
       26700   11.2713118       11.0790911       12.2253332    
       26760   11.2781963       11.0810528       12.2252827    
       26820   11.2867212       11.0844250       12.2265234    
       26880   11.2962294       11.0888853       12.2290897    
       26940   11.3050823       11.0942078       12.2319345    
       27000   11.3093443       11.1003790       12.2333355    
       27060   11.3090162       11.1071968       12.2323294    
       27120   11.3068857       11.1139450       12.2294474    
       27180   11.3044262       11.1194668       12.2259817    
       27240   11.3011475       11.1231899       12.2229586    
       27300   11.2970495       11.1258163       12.2208309    
       27360   11.2932787       11.1284819       12.2196569    
       27420   11.2883606       11.1319227       12.2195444    
       27480   11.2829504       11.1362429       12.2206945    
       27540   11.2778692       11.1413813       12.2231140    
       27600   11.2726231       11.1474876       12.2264051    
       27660   11.2706556       11.1547327       12.2297153    
       27720   11.2724590       11.1630945       12.2319155    
       27780   11.2737703       11.1721916       12.2321568    
       27840   11.2742624       11.1811724       12.2303476    
       27900   11.2742624       11.1890001       12.2268381    
       27960   11.2767210       11.1951036       12.2222166    
       28020   11.2809839       11.1995382       12.2170668    
       28080   11.2849178       11.2027130       12.2119999    
       28140   11.2872133       11.2051554       12.2077751    
       28200   11.2862291       11.2072153       12.2050276    
       28260   11.2837706       11.2092810       12.2039557    
       28320   11.2826233       11.2119474       12.2043104    
       28380   11.2814751       11.2158871       12.2055244    
       28440   11.2798357       11.2215223       12.2070665    
       28500   11.2790165       11.2287941       12.2087851    
       28560   11.2777052       11.2372074       12.2107325    
       28620   11.2763939       11.2461710       12.2122087    
       28680   11.2754097       11.2553701       12.2111874    
       28740   11.2739344       11.2644958       12.2060642    
       28800   11.2714758       11.2723455       11.0115099    
       28860   11.2685242       11.2771206       11.0058231    
       28920   11.2652454       11.2783327       10.9988146    
       28980   11.2619677       11.2771626       10.9908400    
       29040   11.2590160       11.2743511       10.9822283    
       29100   11.2568855       11.2702160       10.9731388    
       29160   11.2550821       11.2650824       10.9636831    
       29220   11.2534428       11.2592258       10.9540739    
       29280   11.2513113       11.2527695       10.9448233    
       29340   11.2490168       11.2457619       10.9374237    
       29400   11.2478685       11.2383137       10.9354992    
       29460   11.2462292       11.2307062       10.9378223    
       29520   11.2427874       11.2237825       10.9387865    
       29580   11.2406559       11.2201691       10.9362068    
       29640   11.2370491       11.2217264       10.9301329    
       29700   11.2327871       11.2238951       10.9218082    
       29760   11.2281971       11.2223434       10.9135942    
       29820   11.2231150       11.2162504       10.9079800    
       29880   11.2186890       11.2074118       10.9057302    
       29940   11.2159014       11.1990490       10.9061794    
       30000   11.2139349       11.1932993       10.9081030    
       30060   11.2108192       11.1908169       10.9097195    
       30120   11.2052460       11.1910858       10.9101315    
       30180   11.1995087       11.1929760       10.9093437    
       30240   11.1934423       11.1948109       10.9075785    
       30300   11.1865578       11.1951990       10.9056053    
       30360   11.1783609       11.1939373       10.9042206    
       30420   11.1701641       11.1916800       10.9034758    
       30480   11.1618032       11.1894245       10.9027472    
       30540   11.1532784       11.1877289       10.9012108    
       30600   11.1439342       11.1863289       10.8982821    
       30660   11.1347542       11.1844826       10.8942547    
       30720   11.1270494       11.1816816       10.8898830    
       30780   11.1203279       11.1779575       10.8858633    
       30840   11.1140985       11.1735029       10.8829060    
       30900   11.1091805       11.1686344       10.8815603    
       30960   11.1044264       11.1637659       10.8817291    
       31020   11.1004915       11.1595125       10.8827734    
       31080   11.0973768       11.1565208       10.8839169    
       31140   11.0957375       11.1549263       10.8841381    
       31200   11.0945902       11.1541958       10.8822231    
       31260   11.0932789       11.1535778       10.8775101    
       31320   11.0908194       11.1522322       10.8701754    
       31380   11.0880327       11.1491632       10.8608618    
       31440   11.0849180       11.1435966       10.8504009    
       31500   11.0821314       11.1355257       10.8397655    
       31560   11.0809832       11.1254482       10.8299408    
       31620   11.0777054       11.1140490       10.8216944    
       31680   11.0737705       11.1021376       10.8153067    
       31740   11.0688524       11.0906630       10.8103008    
       31800   11.0642624       11.0804539       10.8051186    
       31860   11.0588522       11.0718193       10.7979946    
       31920   11.0532789       11.0643835       10.7886734    
       31980   11.0473766       11.0569582       10.7785969    
       32040   11.0404921       11.0479422       10.7708664    
       32100   11.0327873       11.0366821       10.7676506    
       32160   11.0249176       11.0242224       10.7670841    
       32220   11.0177050       11.0129824       10.7665720    
       32280   11.0106554       11.0058632       10.7642775    
       32340   11.0037708       11.0025711       10.7591467    
       32400   10.9983606       11.0004406       10.8087187    
       32460   10.9936066       10.9974785       10.7993631    
       32520   10.9899998       10.9924164       10.7921820    
       32580   10.9860659       10.9851141       10.7880020    
       32640   10.9834423       10.9770498       10.7863359    
       32700   10.9808197       10.9703379       10.7864504    
       32760   10.9772129       10.9663515       10.7879057    
       32820   10.9731150       10.9650745       10.7904243    
       32880   10.9681969       10.9658241       10.7936382    
       32940   10.9626226       10.9679956       10.7967415    
       33000   10.9563932       10.9711390       10.7980471    
       33060   10.9493446       10.9747601       10.7941046    
       33120   10.9422951       10.9776936       10.7864180    
       33180   10.9362297       10.9769363       10.7804146    
       33240   10.9313116       10.9702921       10.7775087    
       33300   10.9275408       10.9621878       10.7764263    
       33360   10.9242620       10.9567184       10.7751694    
       33420   10.9214754       10.9540548       10.7723255    
       33480   10.9204922       10.9525232       10.7666979    
       33540   10.9204922       10.9503365       10.7575645    
       33600   10.9204922       10.9462929       10.7450018    
       33660   10.9203281       10.9394951       10.7297525    
       33720   10.9195080       10.9296150       10.7134514    
       33780   10.9188528       10.9167967       10.6974239    
       33840   10.9186888       10.9018898       10.6827316    
       33900   10.9193439       10.8859634       10.6700869    
       33960   10.9206562       10.8695860       10.6593466    
       34020   10.9226227       10.8535805       10.6501760    
       34080   10.9250822       10.8390818       10.6426907    
       34140   10.9272127       10.8264990       10.6370764    
       34200   10.9291801       10.8155708       10.6331205    
       34260   10.9313116       10.8062334       10.6305714    
       34320   10.9327869       10.7987309       10.6289997    
       34380   10.9345903       10.7933149       10.6277847    
       34440   10.9363937       10.7899218       10.6263895    
       34500   10.9380331       10.7878151       10.6242371    
       34560   10.9406557       10.7859898       10.6204443    
       34620   10.9431143       10.7835627       10.6138515    
       34680   10.9449177       10.7799406       10.6034660    
       34740   10.9460659       10.7747707       10.5900421    
       34800   10.9465570       10.7675562       10.5752554    
       34860   10.9465570       10.7572765       10.5607662    
       34920   10.9477053       10.7439327       10.5474653    
       34980   10.9501638       10.7291946       10.5355349    
       35040   10.9522953       10.7148609       10.5249987    
       35100   10.9534426       10.7017260       10.5156031    
       35160   10.9531145       10.6898212       10.5068188    
       35220   10.9524593       10.6789532       10.4987555    
       35280   10.9531145       10.6688213       10.4917850    
       35340   10.9552460       10.6587629       10.4853754    
       35400   10.9590168       10.6485472       10.4782991    
       35460   10.9632788       10.6387930       10.4703636    
       35520   10.9686890       10.6298428       10.4623146    
       35580   10.9747543       10.6213150       10.4538670    
       35640   10.9798365       10.6130190       10.4436483    
       35700   10.9844265       10.6049423       10.4290142    
       35760   10.9895086       10.5961342       10.4083614    
       35820   10.9957380       10.5844574       10.3840628    
       35880   11.0009832       10.5671682       10.3591185    
       35940   11.0068855       10.5444679       10.3358746    
       36000   11.0124588       10.5191669       10.6181717    
       36060   11.0177050       10.4938650       10.6027699    
       36120   11.0224590       10.4707737       10.5899534    
       36180   11.0262299       10.4511595       10.5772438    
       36240   11.0296717       10.4346838       10.5630369    
       36300   11.0309839       10.4198914       10.5468044    
       36360   11.0322952       10.4051085       10.5288143    
       36420   11.0340986       10.3894596       10.5096035    
       36480   11.0367212       10.3725910       10.4896250    
       36540   11.0396719       10.3543119       10.4691792    
       36600   11.0426226       10.3348522       10.4486303    
       36660   11.0460653       10.3145685       10.4284801    
       36720   11.0493441       10.2939138       10.4089575    
       36780   11.0529509       10.2732372       10.3898087    
       36840   11.0563936       10.2526484       10.3707285    
       36900   11.0596724       10.2321711       10.3517218    
       36960   11.0631151       10.2118025       10.3332500    
       37020   11.0665569       10.1915865       10.3159199    
       37080   11.0695086       10.1716633       10.3001633    
       37140   11.0713120       10.1523771       10.2862682    
       37200   11.0734425       10.1343136       10.2745638    
       37260   11.0754099       10.1181135       10.2647095    
       37320   11.0778685       10.1042604       10.2557240    
       37380   11.0808201       10.0930719       10.2462635    
       37440   11.0829506       10.0843601       10.2352381    
       37500   11.0836067       10.0769749       10.2220364    
       37560   11.0837708       10.0692072       10.2064266    
       37620   11.0845900       10.0591097       10.1892099    
       37680   11.0859013       10.0457592       10.1708250    
       37740   11.0865574       10.0294800       10.1508913    
       37800   11.0877047       10.0113506       10.1293125    
       37860   11.0888529       9.99200439       10.1065845    
       37920   11.0901642       9.97113323       10.0833855    
       37980   11.0916395       9.94865799       10.0606756    
       38040   11.0927868       9.92532349       10.0393066    
       38100   11.0949183       9.90198994       10.0186930    
       38160   11.0977049       9.87929153       9.99728584    
       38220   11.0988522       9.85785770       9.97482014    
       38280   11.1004915       9.83750629       9.95281792    
       38340   11.1019669       9.81713295       9.93251228    
       38400   11.1018028       9.79634476       9.91320229    
       38460   11.1003275       9.77660847       9.89425850    
       38520   11.0996723       9.75874329       9.87607098    
       38580   11.0981970       9.74158955       9.86017323    
       38640   11.0936069       9.72422600       9.84757328    
       38700   11.0888529       9.70694065       9.83616161    
       38760   11.0854101       9.69104767       9.82344151    
       38820   11.0827866       9.67804813       9.80981064    
       38880   11.0786886       9.66728210       9.79611492    
       38940   11.0754099       9.65610886       9.78181553    
       39000   11.0719671       9.64309406       9.76567364    
       39060   11.0677052       9.62863350       9.74742413    
       39120   11.0631151       9.61341763       9.72928429    
       39180   11.0583611       9.59788609       9.71275711    
       39240   11.0536070       9.58142281       9.69891071    
       39300   11.0500002       9.56466198       9.68837547    
       39360   11.0472136       9.54924774       9.68143177    
       39420   11.0434427       9.53634357       9.67809582    
       39480   11.0383606       9.52668095       9.67747879    
       39540   11.0340986       9.52054596       9.67800426    
       39600   11.0293446       9.51789284       10.8093300    
       39660   11.0259018       9.51807022       10.8076258    
       39720   11.0218029       9.51975346       10.8030663    
       39780   11.0177050       9.52068043       10.7960987    
       39840   11.0137701       9.51854610       10.7879381    
       39900   11.0103283       9.51316357       10.7801867    
       39960   11.0070496       9.50553036       10.7748995    
       40020   11.0032787       9.49707031       10.7722654    
       40080   10.9993439       9.48941898       10.7706804    
       40140   10.9945898       9.48427296       10.7690115    
       40200   10.9895086       9.48235989       10.7670183    
       40260   10.9847546       9.48237228       10.7651529    
       40320   10.9796724       9.48280907       10.7632246    
       40380   10.9749184       9.48304176       10.7603359    
       40440   10.9696722       9.48314857       10.7557516    
       40500   10.9640980       9.48303986       10.7494936    
       40560   10.9586887       9.48218441       10.7419682    
       40620   10.9532785       9.48002911       10.7330856    
       40680   10.9475412       9.47642040       10.7222986    
       40740   10.9422951       9.47154427       10.7092876    
       40800   10.9375410       9.46535492       10.6942883    
       40860   10.9322948       9.45749378       10.6778851    
       40920   10.9272127       9.44774151       10.6612368    
       40980   10.9216394       9.43621826       10.6456985    
       41040   10.9160652       9.42360783       10.6322737    
       41100   10.9109840       9.41131496       10.6209421    
       41160   10.9063931       9.40073776       10.6107998    
       41220   10.9014750       9.39271832       10.6013107    
       41280   10.8950815       9.38669205       10.5920849    
       41340   10.8868856       9.38161850       10.5831528    
       41400   10.8785248       9.37673950       10.5749512    
       41460   10.8708200       9.37190056       10.5675526    
       41520   10.8632784       9.36751461       10.5595732    
       41580   10.8557377       9.36389256       10.5501156    
       41640   10.8495083       9.36106396       10.5399361    
       41700   10.8424587       9.35854721       10.5290213    
       41760   10.8344259       9.35493279       10.5174503    
       41820   10.8260660       9.34995079       10.5062675    
       41880   10.8170490       9.34444809       10.4957895    
       41940   10.8081970       9.33934975       10.4854736    
       42000   10.8000002       9.33526516       10.4756384    
       42060   10.7934427       9.33192921       10.4670086    
       42120   10.7881966       9.32888508       10.4591742    
       42180   10.7829504       9.32651901       10.4506302    
       42240   10.7781963       9.32519436       10.4398823    
       42300   10.7755737       9.32437897       10.4272728    
       42360   10.7742624       9.32231045       10.4158716    
       42420   10.7711477       9.31711006       10.4070807    
       42480   10.7683611       9.30995941       10.3986645    
       42540   10.7657375       9.30489731       10.3890162    
       42600   10.7613115       9.30309391       10.3792744    
       42660   10.7562294       9.30152416       10.3716230    
       42720   10.7514753       9.29808807       10.3671627    
       42780   10.7463932       9.29426575       10.3657656    
       42840   10.7401638       9.29343224       10.3671265    
       42900   10.7336063       9.29568100       10.3694553    
       42960   10.7267218       9.29986477       10.3709660    
       43020   10.7188520       9.30629635       10.3700838    
       43080   10.7129507       9.31410694       10.3661623    
       43140   10.7075405       9.32166576       10.3604946    
       43200   10.7014751       9.32739258       10.3384085    
       43260   10.6954098       9.33035851       10.3329659    
       43320   10.6881971       9.33158875       10.3304996    
       43380   10.6818037       9.33358097       10.3297119    
       43440   10.6755733       9.33865738       10.3298120    
       43500   10.6698360       9.34654522       10.3301897    
       43560   10.6634426       9.35600567       10.3299341    
       43620   10.6573772       9.36608028       10.3276005    
       43680   10.6518030       9.37607098       10.3231287    
       43740   10.6468849       9.38495922       10.3177910    
       43800   10.6432791       9.39175034       10.3123569    
       43860   10.6396723       9.39716721       10.3069649    
       43920   10.6355734       9.40222359       10.3013468    
       43980   10.6313114       9.40725994       10.2958431    
       44040   10.6270494       9.41193008       10.2913866    
       44100   10.6226225       9.41594219       10.2885714    
       44160   10.6178684       9.41976166       10.2872200    
       44220   10.6142626       9.42446041       10.2868404    
       44280   10.6114750       9.43073940       10.2872505    
       44340   10.6080332       9.43834686       10.2888317    
       44400   10.6022949       9.44685936       10.2921076    
       44460   10.5963936       9.45624161       10.2968950    
       44520   10.5908194       9.46677876       10.3024302    
       44580   10.5857372       9.47881699       10.3080320    
       44640   10.5806561       9.49225998       10.3131723    
       44700   10.5755739       9.50639248       10.3177996    
       44760   10.5704918       9.52048779       10.3222275    
       44820   10.5662298       9.53409958       10.3266020    
       44880   10.5631151       9.54714775       10.3307276    
       44940   10.5613117       9.55985355       10.3342743    
       45000   10.5614758       9.57222557       10.3369989    
       45060   10.5626230       9.58394432       10.3387451    
       45120   10.5626230       9.59481525       10.3394575    
       45180   10.5627871       9.60468388       10.3403368    
       45240   10.5622950       9.61331940       10.3421249    
       45300   10.5591803       9.62119484       10.3435469    
       45360   10.5562296       9.62982368       10.3439207    
       45420   10.5542622       9.63900471       10.3436670    
       45480   10.5529509       9.64757633       10.3431644    
       45540   10.5521307       9.65533161       10.3428240    
       45600   10.5501642       9.66256332       10.3432236    
       45660   10.5472136       9.66951370       10.3445330    
       45720   10.5439348       9.67651939       10.3466206    
       45780   10.5391808       9.68389320       10.3498383    
       45840   10.5334425       9.69176388       10.3547478    
       45900   10.5278692       9.70020866       10.3609238    
       45960   10.5229511       9.70979595       10.3665915    
       46020   10.5163937       9.72096252       10.3703642    
       46080   10.5101643       9.73279476       10.3732014    
       46140   10.5044260       9.74344540       10.3768463    
       46200   10.5001640       9.75238800       10.3810225    
       46260   10.4963932       9.76112175       10.3836508    
       46320   10.4922953       9.77066231       10.3834505    
       46380   10.4867210       9.77994823       10.3807344    
       46440   10.4816389       9.78729439       10.3745499    
       46500   10.4775410       9.79220486       10.3646393    
       46560   10.4722948       9.79421616       10.3525572    
       46620   10.4668856       9.79202938       10.3397923    
       46680   10.4611473       9.78612614       10.3275585    
       46740   10.4562292       9.77840805       10.3161612    
       46800   10.4521313       9.77055073       10.5906029    
       46860   10.4486885       9.76364994       10.5758429    
       46920   10.4468851       9.75727940       10.5600548    
       46980   10.4452457       9.75037003       10.5436831    
       47040   10.4440985       9.74220848       10.5270357    
       47100   10.4427872       9.73295879       10.5102072    
       47160   10.4398365       9.72325516       10.4933596    
       47220   10.4367208       9.71334076       10.4768887    
       47280   10.4332790       9.70314407       10.4612236    
       47340   10.4296722       9.69282818       10.4465256    
       47400   10.4244261       9.68290043       10.4326916    
       47460   10.4190168       9.67383480       10.4191694    
       47520   10.4159012       9.66586685       10.4053555    
       47580   10.4142628       9.65893650       10.3909740    
       47640   10.4126234       9.65256310       10.3756771    
       47700   10.4095078       9.64591599       10.3593493    
       47760   10.4045906       9.63831711       10.3425207    
       47820   10.4019670       9.62924290       10.3260050    
       47880   10.3988523       9.61861610       10.3107023    
       47940   10.3957376       9.60716724       10.2973089    
       48000   10.3934422       9.59575653       10.2850885    
       48060   10.3900003       9.58519840       10.2730637    
       48120   10.3850822       9.57624245       10.2607946    
       48180   10.3800001       9.56863403       10.2478809    
       48240   10.3732786       9.56148434       10.2342033    
       48300   10.3668852       9.55454445       10.2201471    
       48360   10.3618031       9.54746056       10.2060184    
       48420   10.3559017       9.53982449       10.1920223    
       48480   10.3475409       9.53171539       10.1786041    
       48540   10.3403282       9.52326679       10.1661568    
       48600   10.3332787       9.51465034       10.1547203    
       48660   10.3257380       9.50620842       10.1440783    
       48720   10.3168850       9.49838257       10.1335640    
       48780   10.3063936       9.49146652       10.1220274    
       48840   10.2963934       9.48542976       10.1090021    
       48900   10.2863932       9.47975349       10.0951967    
       48960   10.2775412       9.47348213       10.0818157    
       49020   10.2673769       9.46585846       10.0698223    
       49080   10.2554102       9.45728111       10.0596590    
       49140   10.2437706       9.44879818       10.0511856    
       49200   10.2332783       9.44143677       10.0433769    
       49260   10.2232790       9.43571186       10.0349379    
       49320   10.2129507       9.43167877       10.0255013    
       49380   10.2031145       9.42853546       10.0156689    
       49440   10.1937704       9.42488289       10.0058146    
       49500   10.1826229       9.41999054       9.99569607    
       49560   10.1713114       9.41407013       9.98505497    
       49620   10.1591806       9.40773392       9.97399521    
       49680   10.1481972       9.40126896       9.96273899    
       49740   10.1363935       9.39460850       9.95141602    
       49800   10.1229506       9.38765812       9.94024944    
       49860   10.1096725       9.38037300       9.92954350    
       49920   10.0970488       9.37279797       9.91965580    
       49980   10.0847540       9.36519909       9.91113758    
       50040   10.0734425       9.35812569       9.90440083    
       50100   10.0611477       9.35218334       9.89945126    
       50160   10.0488529       9.34768009       9.89557457    
       50220   10.0378685       9.34485245       9.89235306    
       50280   10.0267210       9.34360409       9.88971233    
       50340   10.0175409       9.34322834       9.88753223    
       50400   10.0068855       9.34332657       10.1015253    
       50460   9.99606514       9.34402370       10.1032982    
       50520   9.98426247       9.34543037       10.1055889    
       50580   9.97049141       9.34733391       10.1082783    
       50640   9.95590210       9.34953499       10.1112499    
       50700   9.93983650       9.35202217       10.1143990    
       50760   9.92409801       9.35485744       10.1176043    
       50820   9.91049194       9.35815907       10.1203699    
       50880   9.89852428       9.36190701       10.1220913    
       50940   9.88688564       9.36579895       10.1227903    
       51000   9.87475395       9.36941051       10.1228342    
       51060   9.86295128       9.37216854       10.1225901    
       51120   9.85032749       9.37389374       10.1226301    
       51180   9.83541012       9.37503529       10.1238317    
       51240   9.81934452       9.37627029       10.1269646    
       51300   9.80491829       9.37819672       10.1320238    
       51360   9.79131126       9.38118458       10.1383038    
       51420   9.77950859       9.38572693       10.1447659    
       51480   9.76622963       9.39202213       10.1505594    
       51540   9.75311470       9.39937305       10.1549740    
       51600   9.73918056       9.40683079       10.1574354    
       51660   9.72491837       9.41341591       10.1584120    
       51720   9.71327877       9.41829395       10.1583719    
       51780   9.70245934       9.42147732       10.1576214    
       51840   9.69147587       9.42366505       10.1567240    
       51900   9.68180370       9.42526245       10.1559944    
       51960   9.67147541       9.42677498       10.1553831    
       52020   9.65983582       9.42862892       10.1549435    
       52080   9.64950848       9.43073368       10.1546717    
       52140   9.64131165       9.43284702       10.1542063    
       52200   9.63180351       9.43487358       10.1530828    
       52260   9.62196732       9.43671799       10.1511221    
       52320   9.61196709       9.43806839       10.1485033    
       52380   9.60278702       9.43868351       10.1457777    
       52440   9.59590149       9.43861294       10.1437473    
       52500   9.58819675       9.43825436       10.1424866    
       52560   9.57983589       9.43840218       10.1416140    
       52620   9.57229519       9.43979549       10.1408052    
       52680   9.56803322       9.44202805       10.1397171    
       52740   9.56393433       9.44420910       10.1378880    
       52800   9.55819702       9.44586372       10.1351547    
       52860   9.55278683       9.44696808       10.1319628    
       52920   9.54803276       9.44742966       10.1288013    
       52980   9.54344273       9.44752216       10.1258993    
       53040   9.53754139       9.44787788       10.1228838    
       53100   9.53180313       9.44855499       10.1190748    
       53160   9.52655697       9.44901180       10.1144838    
       53220   9.52065563       9.44881630       10.1096506    
       53280   9.51688480       9.44790268       10.1050959    
       53340   9.51213074       9.44648838       10.1011009    
       53400   9.50819683       9.44493008       10.0976696    
       53460   9.50721264       9.44351101       10.0946980    
       53520   9.50508213       9.44242191       10.0920992    
       53580   9.50295067       9.44168186       10.0898600    
       53640   9.50065613       9.44120502       10.0877199    
       53700   9.49819660       9.44112492       10.0851212    
       53760   9.49836063       9.44151688       10.0817270    
       53820   9.49786854       9.44207764       10.0777998    
       53880   9.49573803       9.44232464       10.0736561    
       53940   9.49360657       9.44203758       10.0694809    
       54000   9.48983574       9.44115067       9.54512691    
       54060   9.48573780       9.43981743       9.53999710    
       54120   9.48245907       9.43848324       9.53471661    
       54180   9.48032761       9.43760395       9.52884579    
       54240   9.47885227       9.43713474       9.52225399    
       54300   9.47639370       9.43646145       9.51514149    
       54360   9.47573757       9.43503094       9.50799084    
       54420   9.47557354       9.43273926       9.50103283    
       54480   9.47409821       9.42982006       9.49458408    
       54540   9.47180367       9.42670345       9.48913479    
       54600   9.46934414       9.42378426       9.48490334    
       54660   9.46737671       9.42148018       9.48196983    
       54720   9.46836090       9.42001724       9.48032570    
       54780   9.46967220       9.41935062       9.47955036    
       54840   9.47163963       9.41966152       9.47883224    
       54900   9.47409821       9.42123699       9.47733593    
       54960   9.47590160       9.42374516       9.47481441    
       55020   9.47852421       9.42600822       9.47133255    
       55080   9.48245907       9.42718029       9.46723080    
       55140   9.48459053       9.42727184       9.46280003    
       55200   9.48590183       9.42649937       9.45804501    
       55260   9.48737717       9.42510700       9.45288944    
       55320   9.48754120       9.42323494       9.44738579    
       55380   9.48803234       9.42092800       9.44151306    
       55440   9.48803234       9.41822433       9.43499279    
       55500   9.48704910       9.41521263       9.42792320    
       55560   9.48688507       9.41199589       9.42098713    
       55620   9.48852444       9.40845108       9.41511631    
       55680   9.48983574       9.40436268       9.41083622    
       55740   9.48754120       9.39996719       9.40830803    
       55800   9.48639297       9.39591217       9.40739250    
       55860   9.48672104       9.39283180       9.40738487    
       55920   9.48475456       9.39111805       9.40748692    
       55980   9.48245907       9.39095879       9.40777206    
       56040   9.48229504       9.39202690       9.40860176    
       56100   9.48278713       9.39352036       9.41020584    
       56160   9.48278713       9.39507961       9.41298676    
       56220   9.48278713       9.39710522       9.41660023    
       56280   9.48459053       9.40005016       9.42009449    
       56340   9.48590183       9.40412617       9.42308044    
       56400   9.48836040       9.40888786       9.42611980    
       56460   9.49098396       9.41345787       9.42994595    
       56520   9.49081993       9.41746140       9.43518066    
       56580   9.48918056       9.42132092       9.44232750    
       56640   9.48606586       9.42588711       9.45110703    
       56700   9.48278713       9.43194771       9.46066380    
       56760   9.48065567       9.43978977       9.47038460    
       56820   9.47950840       9.44905663       9.47978115    
       56880   9.48032761       9.45927715       9.48892498    
       56940   9.48032761       9.47001553       9.49806213    
       57000   9.47934437       9.48061562       9.50711727    
       57060   9.47786903       9.49062252       9.51598740    
       57120   9.47491837       9.50014591       9.52445602    
       57180   9.47131157       9.50930882       9.53220654    
       57240   9.46590137       9.51809025       9.53906918    
       57300   9.46131134       9.52635956       9.54531670    
       57360   9.45934391       9.53401184       9.55142879    
       57420   9.45721340       9.54095268       9.55769348    
       57480   9.45557404       9.54736900       9.56396484    
       57540   9.45573807       9.55371952       9.56992817    
       57600   9.45786858       9.56023598       9.65041637    
       57660   9.45934391       9.56658363       9.65689278    
       57720   9.45983601       9.57239437       9.66376209    
       57780   9.45803261       9.57770348       9.67156601    
       57840   9.45606518       9.58292484       9.68040466    
       57900   9.45442581       9.58870125       9.69023132    
       57960   9.45409870       9.59551716       9.70088005    
       58020   9.45196724       9.60343552       9.71203041    
       58080   9.44852448       9.61232948       9.72337532    
       58140   9.44557381       9.62198639       9.73444557    
       58200   9.44344234       9.63218784       9.74460030    
       58260   9.44278717       9.64276028       9.75312519    
       58320   9.44475365       9.65328503       9.76000309    
       58380   9.44524574       9.66306305       9.76559448    
       58440   9.44377041       9.67117310       9.77038002    
       58500   9.44295120       9.67735958       9.77452469    
       58560   9.44114780       9.68230343       9.77771568    
       58620   9.43754101       9.68674850       9.77974415    
       58680   9.43508244       9.69078636       9.78081226    
       58740   9.43327904       9.69405079       9.78146648    
       58800   9.43245888       9.69630146       9.78214073    
       58860   9.43311501       9.69752312       9.78327274    
       58920   9.43278694       9.69802666       9.78530693    
       58980   9.43393421       9.69830990       9.78834724    
       59040   9.43491840       9.69888401       9.79249859    
       59100   9.43557358       9.70029354       9.79812050    
       59160   9.43885231       9.70285225       9.80520153    
       59220   9.44262314       9.70689964       9.81288338    
       59280   9.44524574       9.71271610       9.81982422    
       59340   9.44885254       9.71993065       9.82495594    
       59400   9.45639324       9.72744846       9.82793999    
       59460   9.46245861       9.73395443       9.82915497    
       59520   9.46770477       9.73846626       9.82956123    
       59580   9.47491837       9.74062634       9.83003616    
       59640   9.48163891       9.74105930       9.83050632    
       59700   9.48737717       9.74100971       9.83064842    
       59760   9.49213123       9.74110794       9.83050346    
       59820   9.49672127       9.74109364       9.83012104    
       59880   9.50245857       9.74078846       9.82984638    
       59940   9.50639343       9.74017715       9.83020592    
       60000   9.50983620       9.73940945       9.83138371    
       60060   9.51426220       9.73894310       9.83305264    
       60120   9.51967239       9.73916721       9.83482361    
       60180   9.52590179       9.73998737       9.83662605    
       60240   9.53180313       9.74100971       9.83860493    
       60300   9.53868866       9.74198627       9.84081745    
       60360   9.54786873       9.74286079       9.84327984    
       60420   9.55606556       9.74380493       9.84614182    
       60480   9.56475449       9.74523735       9.84972095    
       60540   9.57229519       9.74747181       9.85379028    
       60600   9.57786846       9.75070000       9.85790348    
       60660   9.58541012       9.75479031       9.86180210    
       60720   9.59442616       9.75912476       9.86520004    
       60780   9.60180283       9.76331711       9.86795044    
       60840   9.60967255       9.76724911       9.87025642    
       60900   9.61737728       9.77077484       9.87247086    
       60960   9.62524605       9.77379799       9.87454510    
       61020   9.63229465       9.77651978       9.87625504    
       61080   9.64000034       9.77913761       9.87758732    
       61140   9.64868832       9.78158379       9.87864590    
       61200   9.65786839       9.78371239       9.44187355    
       61260   9.66344261       9.78553963       9.44214630    
       61320   9.67065620       9.78707218       9.44196415    
       61380   9.67819691       9.78821945       9.44109440    
       61440   9.68704891       9.78883743       9.43940735    
       61500   9.69688511       9.78874874       9.43692493    
       61560   9.70655727       9.78781891       9.43372059    
       61620   9.71770477       9.78601456       9.42996883    
       61680   9.72983646       9.78333950       9.42594624    
       61740   9.74098396       9.77982235       9.42200470    
       61800   9.75114727       9.77561092       9.41862011    
       61860   9.76311493       9.77104950       9.41633224    
       61920   9.77311516       9.76666069       9.41553497    
       61980   9.78131104       9.76302338       9.41592026    
       62040   9.78786850       9.76068211       9.41724014    
       62100   9.79688549       9.75966263       9.41963863    
       62160   9.80393410       9.75952244       9.42346859    
       62220   9.81196690       9.76017284       9.42924309    
       62280   9.82049179       9.76192093       9.43737793    
       62340   9.82737732       9.76521492       9.44772053    
       62400   9.83147526       9.77045727       9.45919514    
       62460   9.83770466       9.77792168       9.47075272    
       62520   9.84295082       9.78736496       9.48169708    
       62580   9.84918022       9.79792023       9.49161720    
       62640   9.85377026       9.80852699       9.50061989    
       62700   9.85819626       9.81834126       9.50920868    
       62760   9.86475372       9.82705021       9.51795483    
       62820   9.87245941       9.83475494       9.52728271    
       62880   9.87967205       9.84189415       9.53752041    
       62940   9.88475418       9.84906006       9.54863167    
       63000   9.88786888       9.85681438       9.55500984    
       63060   9.89278698       9.86561108       9.56217384    
       63120   9.89983654       9.87284374       9.56970119    
       63180   9.90655708       9.87807178       9.57728386    
       63240   9.91573811       9.88386917       9.58486080    
       63300   9.92622948       9.88983631       9.59249878    
       63360   9.93409824       9.89578342       9.60025501    
       63420   9.93999958       9.90173054       9.60810566    
       63480   9.94590187       9.90775013       9.61597729    
       63540   9.95311451       9.91385841       9.62376308    
       63600   9.96081924       9.92000198       9.63132477    
       63660   9.97016430       9.92609310       9.63850021    
       63720   9.97803307       9.93200779       9.64510536    
       63780   9.98508167       9.93759537       9.65098286    
       63840   9.99360657       9.94267845       9.65588379    
       63900   10.0029507       9.94707680       9.65938187    
       63960   10.0136070       9.95060921       9.66138268    
       64020   10.0239344       9.95291138       9.66236687    
       64080   10.0357380       9.95365620       9.66296577    
       64140   10.0481968       9.95305252       9.66358566    
       64200   10.0614758       9.95170879       9.66430759    
       64260   10.0762291       9.95017624       9.66499424    
       64320   10.0904922       9.94871426       9.66561890    
       64380   10.1037703       9.94727612       9.66645336    
       64440   10.1185246       9.94574356       9.66777420    
       64500   10.1340981       9.94424629       9.66960907    
       64560   10.1524591       9.94310093       9.67185593    
       64620   10.1708193       9.94247150       9.67460632    
       64680   10.1875410       9.94229794       9.67807579    
       64740   10.2026234       9.94255352       9.68241405    
