 20190129
 Seconds  Measures(TEMP-C°)  Meso-NH(TEMP-C°)  FORECAST_AR(TEMP-C°)
        7260   13.7198362       13.6067657       13.5275545    
        7320   13.7172127       13.5937490       13.5226355    
        7380   13.7096720       13.5818567       13.5226154    
        7440   13.7004919       13.5719805       13.5275736    
        7500   13.6924591       13.5653849       13.5350151    
        7560   13.6863937       13.5636759       13.5435162    
        7620   13.6798363       13.5668802       13.5519609    
        7680   13.6747541       13.5728102       13.5604153    
        7740   13.6690168       13.5793409       13.5681877    
        7800   13.6632786       13.5860500       13.5734863    
        7860   13.6559019       13.5922613       13.5756903    
        7920   13.6527872       13.5974979       13.5742331    
        7980   13.6485243       13.6005154       13.5699778    
        8040   13.6439342       13.6014194       13.5646362    
        8100   13.6340981       13.6001959       13.5598555    
        8160   13.6204920       13.5964203       13.5570688    
        8220   13.6073771       13.5904865       13.5570354    
        8280   13.5977049       13.5835190       13.5587263    
        8340   13.5909834       13.5775318       13.5611105    
        8400   13.5855742       13.5735807       13.5628538    
        8460   13.5773773       13.5712004       13.5619612    
        8520   13.5670490       13.5699282       13.5575151    
        8580   13.5572128       13.5697651       13.5493183    
        8640   13.5455742       13.5688190       13.5385008    
        8700   13.5322952       13.5650883       13.5253286    
        8760   13.5178690       13.5567732       13.5091047    
        8820   13.5044260       13.5442066       13.4895887    
        8880   13.4916391       13.5284605       13.4672146    
        8940   13.4791803       13.5094833       13.4436884    
        9000   13.4713116       13.4872398       13.4213152    
        9060   13.4650822       13.4621983       13.4019089    
        9120   13.4578686       13.4361877       13.3861055    
        9180   13.4503279       13.4115534       13.3728762    
        9240   13.4422951       13.3903503       13.3606043    
        9300   13.4363937       13.3733120       13.3478088    
        9360   13.4326229       13.3594160       13.3334007    
        9420   13.4291801       13.3470001       13.3170471    
        9480   13.4237709       13.3346310       13.3006296    
        9540   13.4188528       13.3215084       13.2851543    
        9600   13.4150820       13.3069544       13.2700682    
        9660   13.4132786       13.2914982       13.2542486    
        9720   13.4111471       13.2763929       13.2366781    
        9780   13.4065571       13.2608271       13.2171516    
        9840   13.4067211       13.2434750       13.1962099    
        9900   13.4099998       13.2241659       13.1754904    
        9960   13.4095078       13.2033291       13.1564503    
       10020   13.4054098       13.1819210       13.1402435    
       10080   13.4050817       13.1611156       13.1268902    
       10140   13.4072132       13.1419954       13.1151552    
       10200   13.4095078       13.1252918       13.1044846    
       10260   13.4103279       13.1106958       13.0941200    
       10320   13.4118032       13.0974560       13.0836134    
       10380   13.4168854       13.0855608       13.0734482    
       10440   13.4249182       13.0743122       13.0646744    
       10500   13.4370489       13.0633411       13.0582657    
       10560   13.4511471       13.0529976       13.0532684    
       10620   13.4618034       13.0442448       13.0479889    
       10680   13.4688520       13.0377264       13.0411949    
       10740   13.4744263       13.0324602       13.0324764    
       10800   13.4801636       13.0268974       13.0224838    
       10860   13.4868851       13.0195637       13.1555090    
       10920   13.4931145       13.0100794       13.1444359    
       10980   13.4995079       12.9989758       13.1331720    
       11040   13.5091801       12.9874277       13.1205750    
       11100   13.5190163       12.9759789       13.1064053    
       11160   13.5304918       12.9639339       13.0912161    
       11220   13.5436068       12.9507227       13.0746698    
       11280   13.5552464       12.9368668       13.0572157    
       11340   13.5637703       12.9227800       13.0390768    
       11400   13.5737705       12.9076309       13.0210810    
       11460   13.5855742       12.8915195       13.0046453    
       11520   13.6004915       12.8743887       12.9913177    
       11580   13.6126232       12.8574867       12.9832134    
       11640   13.6272135       12.8422050       12.9796362    
       11700   13.6432791       12.8305616       12.9777584    
       11760   13.6595078       12.8245068       12.9750280    
       11820   13.6767216       12.8231211       12.9693184    
       11880   13.6939344       12.8231506       12.9601984    
       11940   13.7091799       12.8211336       12.9486856    
       12000   13.7214756       12.8154888       12.9355917    
       12060   13.7301636       12.8060646       12.9227266    
       12120   13.7355738       12.7939901       12.9120483    
       12180   13.7396717       12.7807961       12.9041138    
       12240   13.7440987       12.7695560       12.8983421    
       12300   13.7486887       12.7620525       12.8930941    
       12360   13.7547541       12.7581215       12.8880358    
       12420   13.7609835       12.7555637       12.8836308    
       12480   13.7663937       12.7523813       12.8800316    
       12540   13.7704916       12.7490301       12.8770838    
       12600   13.7754097       12.7460871       12.8740759    
       12660   13.7777052       12.7438622       12.8703861    
       12720   13.7808199       12.7417622       12.8657923    
       12780   13.7859020       12.7389326       12.8605814    
       12840   13.7929506       12.7348948       12.8555822    
       12900   13.8016396       12.7298861       12.8511066    
       12960   13.8109837       12.7248831       12.8474903    
       13020   13.8178692       12.7209454       12.8455334    
       13080   13.8211479       12.7186470       12.8455524    
       13140   13.8224592       12.7180347       12.8468084    
       13200   13.8208199       12.7198687       12.8491993    
       13260   13.8157377       12.7232304       12.8532257    
       13320   13.8106556       12.7267199       12.8576946    
       13380   13.8075409       12.7307634       12.8614149    
       13440   13.8055735       12.7359009       12.8640862    
       13500   13.8060656       12.7416382       12.8659487    
       13560   13.8070488       12.7470770       12.8668356    
       13620   13.8118029       12.7517366       12.8662615    
       13680   13.8178692       12.7555008       12.8635445    
       13740   13.8245897       12.7579985       12.8586712    
       13800   13.8313112       12.7585249       12.8517799    
       13860   13.8380327       12.7565222       12.8435001    
       13920   13.8465576       12.7520208       12.8350124    
       13980   13.8536062       12.7453823       12.8273325    
       14040   13.8580332       12.7374992       12.8211727    
       14100   13.8575411       12.7293825       12.8160915    
       14160   13.8545904       12.7218027       12.8111353    
       14220   13.8495083       12.7152100       12.8058538    
       14280   13.8445902       12.7096052       12.8004618    
       14340   13.8418036       12.7046785       12.7955284    
       14400   13.8398361       12.7001963       12.7913589    
       14460   13.8381968       12.6960602       13.4728603    
       14520   13.8342619       12.6921158       13.4650526    
       14580   13.8301640       12.6882725       13.4575806    
       14640   13.8277054       12.6845474       13.4501677    
       14700   13.8247538       12.6810131       13.4418983    
       14760   13.8224592       12.6779823       13.4325047    
       14820   13.8181963       12.6755543       13.4221897    
       14880   13.8134422       12.6732244       13.4111738    
       14940   13.8116398       12.6706314       13.3993969    
       15000   13.8122950       12.6678123       13.3867588    
       15060   13.8136063       12.6645279       13.3731194    
       15120   13.8129511       12.6602554       13.3585157    
       15180   13.8042622       12.6546850       13.3434362    
       15240   13.7903280       12.6475706       13.3286400    
       15300   13.7736063       12.6387835       13.3156910    
       15360   13.7562294       12.6286421       13.3060293    
       15420   13.7404919       12.6186676       13.2993784    
       15480   13.7250824       12.6110477       13.2951746    
       15540   13.7113113       12.6071186       13.2924643    
       15600   13.7016392       12.6064901       13.2902527    
       15660   13.6947536       12.6083593       13.2877722    
       15720   13.6926231       12.6115398       13.2851019    
       15780   13.6950817       12.6150637       13.2832813    
       15840   13.6993446       12.6184645       13.2835045    
       15900   13.7040987       12.6221371       13.2863455    
       15960   13.7060652       12.6272764       13.2911758    
       16020   13.7054100       12.6347609       13.2968416    
       16080   13.7068853       12.6446886       13.3022985    
       16140   13.7090168       12.6561050       13.3068323    
       16200   13.7088528       12.6682491       13.3101959    
       16260   13.7057381       12.6802998       13.3121815    
       16320   13.7008200       12.6915321       13.3125534    
       16380   13.6931143       12.7014723       13.3112764    
       16440   13.6819668       12.7097073       13.3085670    
       16500   13.6665573       12.7160063       13.3049774    
       16560   13.6495085       12.7204313       13.3014650    
       16620   13.6326227       12.7233982       13.2987318    
       16680   13.6168852       12.7257280       13.2970858    
       16740   13.6034422       12.7285891       13.2968607    
       16800   13.5913115       12.7323027       13.2973089    
       16860   13.5791807       12.7373962       13.2974272    
       16920   13.5686884       12.7436247       13.2967100    
       16980   13.5604916       12.7499914       13.2958374    
       17040   13.5544262       12.7555256       13.2959423    
       17100   13.5514755       12.7601976       13.2976551    
       17160   13.5472136       12.7650051       13.3012133    
       17220   13.5427866       12.7708569       13.3065586    
       17280   13.5388527       12.7781382       13.3136778    
       17340   13.5309839       12.7870798       13.3222589    
       17400   13.5198364       12.7977190       13.3313894    
       17460   13.5081968       12.8099566       13.3410149    
       17520   13.4960651       12.8235378       13.3516598    
       17580   13.4813118       12.8376503       13.3629780    
       17640   13.4659014       12.8517752       13.3743477    
       17700   13.4509840       12.8662119       13.3849468    
       17760   13.4372129       12.8809013       13.3945065    
       17820   13.4232788       12.8952141       13.4034624    
       17880   13.4111471       12.9085722       13.4122868    
       17940   13.4027872       12.9212379       13.4207983    
       18000   13.3960657       12.9337845       13.4279480    
       18060   13.3896723       12.9466200       13.8006458    
       18120   13.3852463       12.9594221       13.8016195    
       18180   13.3829508       12.9708042       13.8005886    
       18240   13.3800001       12.9797878       13.7970648    
       18300   13.3744259       12.9864588       13.7913275    
       18360   13.3683605       12.9909058       13.7849617    
       18420   13.3619671       12.9929924       13.7793646    
       18480   13.3567209       12.9933300       13.7757740    
       18540   13.3516397       12.9932013       13.7748575    
       18600   13.3455734       12.9938488       13.7766800    
       18660   13.3373766       12.9964523       13.7797461    
       18720   13.3257380       13.0016098       13.7823515    
       18780   13.3104916       13.0092659       13.7846088    
       18840   13.2980328       13.0185061       13.7874765    
       18900   13.2878685       13.0273008       13.7898645    
       18960   13.2781963       13.0344315       13.7896843    
       19020   13.2696724       13.0404825       13.7872181    
       19080   13.2624588       13.0458698       13.7834463    
       19140   13.2568855       13.0491543       13.7785368    
       19200   13.2519674       13.0500259       13.7717514    
       19260   13.2454100       13.0495310       13.7623854    
       19320   13.2375412       13.0482674       13.7507668    
       19380   13.2278690       13.0457001       13.7382526    
       19440   13.2160654       13.0410185       13.7256002    
       19500   13.2039347       13.0338593       13.7129908    
       19560   13.1913118       13.0250931       13.6999550    
       19620   13.1796722       13.0157967       13.6859379    
       19680   13.1691799       13.0064383       13.6710176    
       19740   13.1591806       12.9968414       13.6559896    
       19800   13.1501637       12.9865751       13.6415682    
       19860   13.1440983       12.9756613       13.6280508    
       19920   13.1406555       12.9646921       13.6155548    
       19980   13.1395082       12.9542599       13.6043272    
       20040   13.1391802       12.9445810       13.5944319    
       20100   13.1409836       12.9356747       13.5851994    
       20160   13.1452456       12.9276552       13.5754623    
       20220   13.1521311       12.9207220       13.5645027    
       20280   13.1593447       12.9146280       13.5528116    
       20340   13.1649179       12.9084778       13.5411320    
       20400   13.1698360       12.9013405       13.5293617    
       20460   13.1750822       12.8931570       13.5171537    
       20520   13.1813116       12.8846951       13.5046196    
       20580   13.1870489       12.8762493       13.4921064    
       20640   13.1913118       12.8674974       13.4797001    
       20700   13.1937704       12.8581762       13.4674635    
       20760   13.1934423       12.8485031       13.4555330    
       20820   13.1903276       12.8386765       13.4440508    
       20880   13.1850824       12.8287334       13.4327431    
       20940   13.1785250       12.8187284       13.4208813    
       21000   13.1744261       12.8089819       13.4079714    
       21060   13.1722946       12.7995310       13.3948898    
       21120   13.1706562       12.7898531       13.3822298    
       21180   13.1686888       12.7796431       13.3694973    
       21240   13.1672134       12.7688990       13.3563595    
       21300   13.1662292       12.7576952       13.3420515    
       21360   13.1655741       12.7461433       13.3263426    
       21420   13.1655741       12.7342815       13.3097591    
       21480   13.1657381       12.7216778       13.2929497    
       21540   13.1637707       12.7078047       13.2763481    
       21600   13.1583605       12.6929865       13.2604265    
       21660   13.1501637       12.6779375       12.7894611    
       21720   13.1395082       12.6633759       12.7794371    
       21780   13.1265574       12.6501207       12.7693892    
       21840   13.1139345       12.6382198       12.7594862    
       21900   13.1040983       12.6268358       12.7504559    
       21960   13.0957375       12.6153059       12.7428713    
       22020   13.0883608       12.6038475       12.7362652    
       22080   13.0814753       12.5930834       12.7299299    
       22140   13.0742626       12.5833263       12.7233200    
       22200   13.0660658       12.5743046       12.7160950    
       22260   13.0583611       12.5652380       12.7080393    
       22320   13.0519676       12.5556660       12.7001429    
       22380   13.0481968       12.5453835       12.6935110    
       22440   13.0480328       12.5346966       12.6873913    
       22500   13.0495081       12.5249233       12.6800442    
       22560   13.0524588       12.5162611       12.6717281    
       22620   13.0559015       12.5069227       12.6638365    
       22680   13.0585241       12.4958725       12.6561308    
       22740   13.0581970       12.4845629       12.6480198    
       22800   13.0547543       12.4737339       12.6398411    
       22860   13.0495081       12.4628334       12.6324930    
       22920   13.0429506       12.4516621       12.6267080    
       22980   13.0362291       12.4410086       12.6224766    
       23040   13.0285244       12.4318304       12.6189013    
       23100   13.0209837       12.4244947       12.6148968    
       23160   13.0134430       12.4180975       12.6098843    
       23220   13.0049181       12.4117889       12.6041193    
       23280   12.9959021       12.4051485       12.5979195    
       23340   12.9886885       12.3978653       12.5913467    
       23400   12.9859018       12.3902435       12.5842848    
       23460   12.9865570       12.3825111       12.5768013    
       23520   12.9885244       12.3744373       12.5690928    
       23580   12.9911480       12.3657284       12.5611792    
       23640   12.9962292       12.3564425       12.5527678    
       23700   13.0029507       12.3467798       12.5436220    
       23760   13.0106554       12.3367128       12.5341740    
       23820   13.0181971       12.3259954       12.5253763    
       23880   13.0234423       12.3147726       12.5178814    
       23940   13.0281963       12.3038588       12.5114489    
       24000   13.0336065       12.2941685       12.5055428    
       24060   13.0391808       12.2858028       12.5003443    
       24120   13.0452461       12.2781439       12.4962053    
       24180   13.0514755       12.2710924       12.4929733    
       24240   13.0572128       12.2650766       12.4901333    
       24300   13.0603275       12.2602520       12.4873619    
       24360   13.0609837       12.2562075       12.4842310    
       24420   13.0621309       12.2524986       12.4800558    
       24480   13.0659018       12.2488585       12.4743776    
       24540   13.0713120       12.2448587       12.4674940    
       24600   13.0773773       12.2398148       12.4601574    
       24660   13.0834427       12.2334423       12.4530020    
       24720   13.0885248       12.2262049       12.4456339    
       24780   13.0937700       12.2189083       12.4372234    
       24840   13.0993443       12.2118340       12.4275551    
       24900   13.1047544       12.2041836       12.4169588    
       24960   13.1086884       12.1953030       12.4061794    
       25020   13.1114750       12.1851749       12.3953981    
       25080   13.1137705       12.1744871       12.3841839    
       25140   13.1170492       12.1639709       12.3722382    
       25200   13.1213112       12.1534834       12.3597317    
       25260   13.1265574       12.1425009       12.5078230    
       25320   13.1337709       12.1307659       12.4922190    
       25380   13.1431150       12.1185093       12.4772720    
       25440   13.1539345       12.1063261       12.4631996    
       25500   13.1657381       12.0947351       12.4500895    
       25560   13.1765575       12.0839586       12.4378662    
       25620   13.1863937       12.0739260       12.4264498    
       25680   13.1955738       12.0644855       12.4158573    
       25740   13.2047539       12.0555210       12.4059429    
       25800   13.2139349       12.0472097       12.3962889    
       25860   13.2227869       12.0398493       12.3865738    
       25920   13.2316389       12.0332975       12.3765593    
       25980   13.2404919       12.0271692       12.3660707    
       26040   13.2495079       12.0211782       12.3553219    
       26100   13.2581968       12.0150604       12.3446178    
       26160   13.2663937       12.0085955       12.3341599    
       26220   13.2742624       12.0017214       12.3241863    
       26280   13.2822952       11.9944181       12.3145990    
       26340   13.2904921       11.9868612       12.3049507    
       26400   13.2986889       11.9795580       12.2947779    
       26460   13.3072128       11.9727039       12.2839279    
       26520   13.3155737       11.9659977       12.2726507    
       26580   13.3237705       11.9589109       12.2613287    
       26640   13.3316393       11.9512062       12.2500429    
       26700   13.3401642       11.9430685       12.2385120    
       26760   13.3478689       11.9347382       12.2270422    
       26820   13.3550816       11.9261475       12.2160406    
       26880   13.3632784       11.9173155       12.2057171    
       26940   13.3719673       11.9087257       12.1963978    
       27000   13.3786888       11.9006510       12.1882935    
       27060   13.3798361       11.8933191       12.1811495    
       27120   13.3760653       11.8870029       12.1744785    
       27180   13.3698359       11.8818283       12.1678743    
       27240   13.3624592       11.8775091       12.1612787    
       27300   13.3522949       11.8735323       12.1549778    
       27360   13.3401642       11.8694792       12.1494074    
       27420   13.3262291       11.8652163       12.1447058    
       27480   13.3114758       11.8609428       12.1406450    
       27540   13.2968855       11.8571339       12.1371155    
       27600   13.2813110       11.8541822       12.1337643    
       27660   13.2655735       11.8520145       12.1302948    
       27720   13.2503281       11.8503170       12.1266260    
       27780   13.2357378       11.8487835       12.1228104    
       27840   13.2209835       11.8471384       12.1189966    
       27900   13.2070494       11.8453064       12.1154890    
       27960   13.1959019       11.8432999       12.1127176    
       28020   13.1867208       11.8412027       12.1110086    
       28080   13.1770496       11.8392467       12.1102715    
       28140   13.1645899       11.8378754       12.1101456    
       28200   13.1499996       11.8376627       12.1102657    
       28260   13.1344261       11.8386850       12.1104269    
       28320   13.1185246       11.8404970       12.1106472    
       28380   13.1029510       11.8426142       12.1111565    
       28440   13.0867214       11.8447771       12.1121569    
       28500   13.0695086       11.8469696       12.1138325    
       28560   13.0524588       11.8493109       12.1162395    
       28620   13.0377045       11.8519154       12.1194305    
       28680   13.0242624       11.8549261       12.1234837    
       28740   13.0111475       11.8585606       12.1283941    
       28800   12.9978685       11.8630352       12.1340284    
       28860   12.9845905       11.8684626       13.1676006    
       28920   12.9714756       11.8747921       13.1679049    
       28980   12.9580326       11.8817701       13.1681461    
       29040   12.9437704       11.8890705       13.1683741    
       29100   12.9290161       11.8965406       13.1684885    
       29160   12.9131145       11.9041996       13.1682520    
       29220   12.8963938       11.9120102       13.1674576    
       29280   12.8793440       11.9197302       13.1660633    
       29340   12.8619671       11.9269981       13.1644688    
       29400   12.8437700       11.9335546       13.1632719    
       29460   12.8247538       11.9394655       13.1627789    
       29520   12.8050823       11.9452438       13.1631851    
       29580   12.7849178       11.9516048       13.1646900    
       29640   12.7647543       11.9590206       13.1674757    
       29700   12.7447538       11.9676723       13.1713085    
       29760   12.7252455       11.9777079       13.1756392    
       29820   12.7063932       11.9891024       13.1796312    
       29880   12.6880331       12.0014572       13.1826420    
       29940   12.6698360       12.0141153       13.1846066    
       30000   12.6518030       12.0263033       13.1859331    
       30060   12.6337709       12.0376291       13.1870537    
       30120   12.6150818       12.0482235       13.1881676    
       30180   12.5959015       12.0584888       13.1893101    
       30240   12.5768852       12.0686865       13.1904354    
       30300   12.5568857       12.0788240       13.1915340    
       30360   12.5359020       12.0888376       13.1926527    
       30420   12.5145903       12.0986729       13.1938334    
       30480   12.4924593       12.1083546       13.1951036    
       30540   12.4696722       12.1179790       13.1965141    
       30600   12.4463930       12.1276226       13.1979876    
       30660   12.4218035       12.1372910       13.1994133    
       30720   12.3967209       12.1469975       13.2008686    
       30780   12.3711472       12.1566830       13.2024736    
       30840   12.3449183       12.1663618       13.2042885    
       30900   12.3183603       12.1761332       13.2061539    
       30960   12.2911472       12.1860743       13.2076559    
       31020   12.2631149       12.1961203       13.2082634    
       31080   12.2347546       12.2059755       13.2078018    
       31140   12.2060652       12.2151527       13.2065115    
       31200   12.1762295       12.2232752       13.2045307    
       31260   12.1442623       12.2304239       13.2021379    
       31320   12.1113119       12.2367687       13.1996155    
       31380   12.0773773       12.2424059       13.1970978    
       31440   12.0424595       12.2475796       13.1946001    
       31500   12.0083609       12.2525082       13.1919250    
       31560   11.9745903       12.2573166       13.1885929    
       31620   11.9421310       12.2619991       13.1838608    
       31680   11.9109840       12.2663193       13.1772451    
       31740   11.8801641       12.2697945       13.1689262    
       31800   11.8498363       12.2718029       13.1594334    
       31860   11.8201637       12.2721081       13.1493168    
       31920   11.7904921       12.2708969       13.1389971    
       31980   11.7616396       12.2685089       13.1287098    
       32040   11.7337704       12.2653265       13.1185522    
       32100   11.7065573       12.2616892       13.1087036    
       32160   11.6796722       12.2577810       13.0995140    
       32220   11.6532784       12.2536373       13.0914116    
       32280   11.6270494       12.2493114       13.0843134    
       32340   11.6013117       12.2450666       13.0780478    
       32400   11.5750818       12.2415257       13.0721970    
       32460   11.5478687       12.2390184       12.5666046    
       32520   11.5211477       12.2374067       12.5612650    
       32580   11.4955740       12.2365274       12.5546560    
       32640   11.4703283       12.2353868       12.5473671    
       32700   11.4463930       12.2329645       12.5400200    
       32760   11.4221315       12.2290068       12.5327396    
       32820   11.3988523       12.2238789       12.5250349    
       32880   11.3767214       12.2182007       12.5165033    
       32940   11.3555737       12.2123194       12.5071020    
       33000   11.3354101       12.2059021       12.4969521    
       33060   11.3157377       12.1983337       12.4864416    
       33120   11.2973766       12.1893139       12.4759331    
       33180   11.2799997       12.1788960       12.4651537    
       33240   11.2627869       12.1675892       12.4536982    
       33300   11.2459021       12.1561260       12.4416780    
       33360   11.2286882       12.1445837       12.4292889    
       33420   11.2119675       12.1324911       12.4163704    
       33480   11.1952457       12.1196871       12.4029417    
       33540   11.1785250       12.1064148       12.3891392    
       33600   11.1614752       12.0927181       12.3751736    
       33660   11.1432791       12.0785532       12.3612709    
       33720   11.1245899       12.0640125       12.3476143    
       33780   11.1075411       12.0492287       12.3342228    
       33840   11.0918036       12.0343943       12.3209620    
       33900   11.0765572       12.0196733       12.3076706    
       33960   11.0626230       12.0050821       12.2942429    
       34020   11.0490160       11.9905043       12.2807827    
       34080   11.0359020       11.9757671       12.2676115    
       34140   11.0232782       11.9607401       12.2550650    
       34200   11.0106554       11.9454603       12.2432556    
       34260   10.9983606       11.9302187       12.2320185    
       34320   10.9875412       11.9153595       12.2211657    
       34380   10.9783611       11.9011431       12.2108803    
       34440   10.9709835       11.8876324       12.2001867    
       34500   10.9660654       11.8746300       12.1873598    
       34560   10.9631147       11.8621626       12.1725721    
       34620   10.9627867       11.8499861       12.1564550    
       34680   10.9647541       11.8363752       12.1396103    
       34740   10.9685249       11.8205824       12.1226149    
       34800   10.9734430       11.8031683       12.1060028    
       34860   10.9799995       11.7847948       12.0900450    
       34920   10.9895086       11.7660875       12.0742416    
       34980   11.0006561       11.7475882       12.0581684    
       35040   11.0131149       11.7296667       12.0418634    
       35100   11.0265570       11.7121372       12.0255690    
       35160   11.0395079       11.6944504       12.0095272    
       35220   11.0518036       11.6764870       11.9937420    
       35280   11.0631151       11.6584873       11.9781580    
       35340   11.0739346       11.6408243       11.9630470    
       35400   11.0844259       11.6237812       11.9488621    
       35460   11.0947542       11.6073761       11.9359560    
       35520   11.1049185       11.5916224       11.9244766    
       35580   11.1155739       11.5767221       11.9141645    
       35640   11.1259012       11.5628719       11.9041777    
       35700   11.1359015       11.5502110       11.8936768    
       35760   11.1457376       11.5387077       11.8821344    
       35820   11.1550817       11.5278091       11.8691235    
       35880   11.1639347       11.5165043       11.8546638    
       35940   11.1729507       11.5039196       11.8398590    
       36000   11.1819668       11.4894056       11.8260965    
       36060   11.1909838       11.4731216       10.6334419    
       36120   11.1996717       11.4561567       10.6303263    
       36180   11.2065573       11.4400024       10.6267128    
       36240   11.2127867       11.4260130       10.6229467    
       36300   11.2181969       11.4134655       10.6191349    
       36360   11.2221308       11.4008093       10.6152678    
       36420   11.2262297       11.3875256       10.6115351    
       36480   11.2301636       11.3736029       10.6083403    
       36540   11.2319670       11.3592682       10.6061153    
       36600   11.2314758       11.3451624       10.6049833    
       36660   11.2295084       11.3317804       10.6047077    
       36720   11.2268848       11.3191957       10.6047192    
       36780   11.2222948       11.3073454       10.6043682    
       36840   11.2167215       11.2959785       10.6037550    
       36900   11.2114754       11.2847404       10.6033592    
       36960   11.2063932       11.2736073       10.6029739    
       37020   11.2021313       11.2627516       10.6023235    
       37080   11.1981964       11.2522850       10.6010971    
       37140   11.1949177       11.2419519       10.5990524    
       37200   11.1914759       11.2316999       10.5959625    
       37260   11.1885242       11.2213879       10.5918427    
       37320   11.1867208       11.2105818       10.5875444    
       37380   11.1860657       11.1989841       10.5843945    
       37440   11.1850824       11.1863279       10.5835476    
       37500   11.1840982       11.1730223       10.5851784    
       37560   11.1837702       11.1603079       10.5887527    
       37620   11.1836061       11.1495733       10.5929623    
       37680   11.1844263       11.1415787       10.5956364    
       37740   11.1857376       11.1360464       10.5958548    
       37800   11.1873770       11.1319761       10.5940475    
       37860   11.1899996       11.1272879       10.5913916    
       37920   11.1929512       11.1202126       10.5887260    
       37980   11.1959019       11.1106596       10.5855427    
       38040   11.1980324       11.0998144       10.5801115    
       38100   11.1998358       11.0890503       10.5731926    
       38160   11.2004919       11.0784187       10.5670433    
       38220   11.2001638       11.0667667       10.5620689    
       38280   11.1985245       11.0547876       10.5580072    
       38340   11.1962299       11.0435333       10.5539646    
       38400   11.1934423       11.0330639       10.5492678    
       38460   11.1899996       11.0232992       10.5439358    
       38520   11.1857376       11.0137081       10.5381174    
       38580   11.1813116       11.0034389       10.5318699    
       38640   11.1773767       10.9922838       10.5246477    
       38700   11.1736069       10.9808378       10.5160542    
       38760   11.1696720       10.9696093       10.5064421    
       38820   11.1663933       10.9579878       10.4961729    
       38880   11.1634426       10.9450932       10.4861565    
       38940   11.1604919       10.9309301       10.4773693    
       39000   11.1583605       10.9161062       10.4700279    
       39060   11.1572132       10.9015522       10.4638834    
       39120   11.1567211       10.8882761       10.4585209    
       39180   11.1567211       10.8764830       10.4535522    
       39240   11.1570492       10.8658924       10.4485703    
       39300   11.1570492       10.8560772       10.4423389    
       39360   11.1560659       10.8467598       10.4347744    
       39420   11.1544266       10.8381405       10.4267826    
       39480   11.1531143       10.8296947       10.4189491    
       39540   11.1518030       10.8202715       10.4109831    
       39600   11.1490164       10.8100290       10.4018078    
       39660   11.1450815       10.7994328       10.9630270    
       39720   11.1414757       10.7882366       10.9425163    
       39780   11.1383610       10.7753897       10.9222116    
       39840   11.1359015       10.7602234       10.9038105    
       39900   11.1314754       10.7438793       10.8870945    
       39960   11.1265574       10.7283125       10.8712835    
       40020   11.1222954       10.7144442       10.8560972    
       40080   11.1190166       10.7020893       10.8420610    
       40140   11.1160660       10.6906090       10.8296261    
       40200   11.1147537       10.6795340       10.8184500    
       40260   11.1154099       10.6693373       10.8077421    
       40320   11.1165571       10.6606293       10.7968426    
       40380   11.1183605       10.6531973       10.7853670    
       40440   11.1219673       10.6463814       10.7735090    
       40500   11.1270494       10.6395264       10.7615242    
       40560   11.1336069       10.6323996       10.7493782    
       40620   11.1413116       10.6252041       10.7370539    
       40680   11.1486883       10.6180220       10.7244511    
       40740   11.1559019       10.6108885       10.7118740    
       40800   11.1631145       10.6038141       10.6995935    
       40860   11.1709833       10.5969124       10.6879873    
       40920   11.1788521       10.5904016       10.6771936    
       40980   11.1870489       10.5843649       10.6663542    
       41040   11.1949177       10.5789480       10.6540804    
       41100   11.2018032       10.5738144       10.6393061    
       41160   11.2078686       10.5678272       10.6220207    
       41220   11.2127867       10.5596647       10.6027822    
       41280   11.2163935       10.5486746       10.5827188    
       41340   11.2186890       10.5352659       10.5635052    
       41400   11.2198362       10.5203753       10.5453558    
       41460   11.2201643       10.5056705       10.5272961    
       41520   11.2190161       10.4923334       10.5080099    
       41580   11.2170496       10.4798517       10.4870243    
       41640   11.2145901       10.4667597       10.4655552    
       41700   11.2122955       10.4518747       10.4459095    
       41760   11.2098360       10.4352970       10.4283972    
       41820   11.2078686       10.4187403       10.4117737    
       41880   11.2060652       10.4038792       10.3956814    
       41940   11.2036066       10.3909550       10.3803673    
       42000   11.2004919       10.3788986       10.3662100    
       42060   11.1962299       10.3668766       10.3528595    
       42120   11.1921310       10.3553762       10.3397026    
       42180   11.1886883       10.3451529       10.3264008    
       42240   11.1849184       10.3356934       10.3133698    
       42300   11.1813116       10.3261127       10.3015060    
       42360   11.1767216       10.3163471       10.2911596    
       42420   11.1721315       10.3071613       10.2818127    
       42480   11.1698360       10.2992907       10.2730808    
       42540   11.1703281       10.2925577       10.2645998    
       42600   11.1724586       10.2864237       10.2560444    
       42660   11.1737709       10.2804117       10.2458487    
       42720   11.1757374       10.2740211       10.2335672    
       42780   11.1785250       10.2673082       10.2196398    
       42840   11.1816397       10.2596350       10.2042751    
       42900   11.1832790       10.2497606       10.1880226    
       42960   11.1837702       10.2379293       10.1728220    
       43020   11.1852455       10.2245159       10.1593504    
       43080   11.1875410       10.2108612       10.1468945    
       43140   11.1904917       10.1986351       10.1348143    
       43200   11.1942625       10.1876984       10.1229372    
       43260   11.1998358       10.1771822       10.5702686    
       43320   11.2078686       10.1666260       10.5572853    
       43380   11.2173767       10.1560688       10.5455809    
       43440   11.2272129       10.1459579       10.5343733    
       43500   11.2373772       10.1370010       10.5226727    
       43560   11.2486887       10.1292086       10.5105724    
       43620   11.2598362       10.1218233       10.4986200    
       43680   11.2704916       10.1140203       10.4868097    
       43740   11.2818031       10.1057539       10.4744320    
       43800   11.2939348       10.0974159       10.4611921    
       43860   11.3065577       10.0887537       10.4474993    
       43920   11.3191805       10.0792046       10.4339542    
       43980   11.3327866       10.0687332       10.4208660    
       44040   11.3460655       10.0578499       10.4087172    
       44100   11.3573771       10.0472412       10.3977280    
       44160   11.3675413       10.0372753       10.3874350    
       44220   11.3739347       10.0281992       10.3775768    
       44280   11.3773775       10.0203352       10.3682709    
       44340   11.3785248       10.0135050       10.3596754    
       44400   11.3773775       10.0073252       10.3517179    
       44460   11.3750820       10.0018682       10.3441610    
       44520   11.3721313       9.99736595       10.3366518    
       44580   11.3680325       9.99377155       10.3288689    
       44640   11.3611479       9.99071598       10.3207874    
       44700   11.3542624       9.98769283       10.3126478    
       44760   11.3467216       9.98433018       10.3046370    
       44820   11.3380327       9.98053932       10.2968493    
       44880   11.3298359       9.97643471       10.2895708    
       44940   11.3218031       9.97219944       10.2832251    
       45000   11.3139343       9.96802998       10.2784395    
       45060   11.3057375       9.96424770       10.2759113    
       45120   11.2991800       9.96135712       10.2762384    
       45180   11.2929506       9.95999146       10.2799196    
       45240   11.2877045       9.96078682       10.2867565    
       45300   11.2832785       9.96419907       10.2953138    
       45360   11.2795086       9.97060394       10.3039770    
       45420   11.2755737       9.98004627       10.3124542    
       45480   11.2706556       9.99137974       10.3215199    
       45540   11.2652454       10.0030499       10.3308668    
       45600   11.2596722       10.0149393       10.3395452    
       45660   11.2536068       10.0273323       10.3470736    
       45720   11.2477045       10.0397062       10.3538227    
       45780   11.2418032       10.0514469       10.3600016    
       45840   11.2360659       10.0624256       10.3659039    
       45900   11.2329512       10.0727081       10.3721790    
       45960   11.2334423       10.0822687       10.3795500    
       46020   11.2352457       10.0912428       10.3885775    
       46080   11.2372131       10.1001530       10.3993645    
       46140   11.2357378       10.1097288       10.4111576    
       46200   11.2345905       10.1206055       10.4223013    
       46260   11.2339344       10.1331139       10.4317360    
       46320   11.2334423       10.1468410       10.4407568    
       46380   11.2316389       10.1603107       10.4502335    
       46440   11.2272129       10.1729164       10.4605312    
       46500   11.2216396       10.1854677       10.4720869    
       46560   11.2172127       10.1979351       10.4848080    
       46620   11.2129507       10.2106752       10.4983768    
       46680   11.2073774       10.2242689       10.5124760    
       46740   11.2029505       10.2389336       10.5267229    
       46800   11.1993446       10.2545109       10.5406542    
       46860   11.1967211       10.2706852       11.5360546    
       46920   11.1939344       10.2870102       11.5426197    
       46980   11.1886883       10.3029957       11.5480795    
       47040   11.1813116       10.3182545       11.5526133    
       47100   11.1716394       10.3325577       11.5567331    
       47160   11.1606560       10.3458357       11.5609055    
       47220   11.1490164       10.3583117       11.5647697    
       47280   11.1373768       10.3706169       11.5678148    
       47340   11.1260653       10.3829861       11.5698376    
       47400   11.1136065       10.3950014       11.5708733    
       47460   11.0998363       10.4061718       11.5710220    
       47520   11.0852461       10.4163055       11.5704050    
       47580   11.0704918       10.4253836       11.5693159    
       47640   11.0554094       10.4333696       11.5682173    
       47700   11.0413113       10.4403286       11.5670452    
       47760   11.0290165       10.4466562       11.5653868    
       47820   11.0177050       10.4527578       11.5636845    
       47880   11.0093441       10.4586897       11.5628967    
       47940   11.0031147       10.4645748       11.5623789    
       48000   10.9996719       10.4706373       11.5598307    
       48060   10.9981966       10.4773855       11.5553293    
       48120   10.9977045       10.4851112       11.5498905    
       48180   10.9986887       10.4920740       11.5443897    
       48240   11.0006561       10.4972458       11.5391998    
       48300   11.0045900       10.5012617       11.5342178    
       48360   11.0080328       10.5049906       11.5290060    
       48420   11.0127869       10.5088873       11.5230742    
       48480   11.0196724       10.5128498       11.5161343    
       48540   11.0263939       10.5164642       11.5081453    
       48600   11.0344267       10.5192804       11.4991817    
       48660   11.0434427       10.5209169       11.4892120    
       48720   11.0540981       10.5211782       11.4781532    
       48780   11.0640984       10.5200720       11.4658060    
       48840   11.0752459       10.5175724       11.4514542    
       48900   11.0865574       10.5135698       11.4348488    
       48960   11.0977049       10.5078335       11.4168844    
       49020   11.1081963       10.5000162       11.3985262    
       49080   11.1188526       10.4903736       11.3801270    
       49140   11.1300001       10.4798174       11.3616734    
       49200   11.1409836       10.4689322       11.3432503    
       49260   11.1522951       10.4578609       11.3253174    
       49320   11.1637707       10.4466753       11.3086109    
       49380   11.1752462       10.4355803       11.2935591    
       49440   11.1867208       10.4250546       11.2802238    
       49500   11.1986885       10.4156170       11.2682161    
       49560   11.2083607       10.4076128       11.2566442    
       49620   11.2140980       10.4010477       11.2445211    
       49680   11.2191801       10.3954172       11.2310476    
       49740   11.2239342       10.3898516       11.2160778    
       49800   11.2301636       10.3834085       11.2003365    
       49860   11.2340984       10.3754358       11.1849508    
       49920   11.2362299       10.3660107       11.1704473    
       49980   11.2385244       10.3563175       11.1568546    
       50040   11.2413111       10.3474627       11.1438465    
       50100   11.2475414       10.3396540       11.1308575    
       50160   11.2562294       10.3325205       11.1174068    
       50220   11.2662296       10.3254271       11.1035299    
       50280   11.2783604       10.3177853       11.0894623    
       50340   11.2922955       10.3094130       11.0753584    
       50400   11.3050823       10.3005400       11.0612688    
       50460   11.3167210       10.2915144       10.4806471    
       50520   11.3273773       10.2825775       10.4708672    
       50580   11.3370495       10.2738075       10.4616823    
       50640   11.3463936       10.2652340       10.4532032    
       50700   11.3555737       10.2569504       10.4453144    
       50760   11.3659019       10.2490559       10.4379854    
       50820   11.3762293       10.2415266       10.4312172    
       50880   11.3870487       10.2342520       10.4248810    
       50940   11.3993444       10.2272196       10.4189014    
       51000   11.4126234       10.2206135       10.4132166    
       51060   11.4259014       10.2144861       10.4076672    
       51120   11.4381971       10.2086115       10.4018793    
       51180   11.4519672       10.2028074       10.3955259    
       51240   11.4663935       10.1969128       10.3884430    
       51300   11.4804916       10.1905060       10.3804893    
       51360   11.4945898       10.1830816       10.3716497    
       51420   11.5073767       10.1744328       10.3623886    
       51480   11.5190163       10.1645584       10.3527880    
       51540   11.5301638       10.1537542       10.3420105    
       51600   11.5404921       10.1424932       10.3305511    
       51660   11.5490160       10.1305475       10.3207254    
       51720   11.5577049       10.1175556       10.3127737    
       51780   11.5660658       10.1052284       10.3061514    
       51840   11.5727873       10.0948429       10.3003445    
       51900   11.5793438       10.0860472       10.2951841    
       51960   11.5865574       10.0781670       10.2907038    
       52020   11.5942621       10.0708523       10.2870226    
       52080   11.6013117       10.0641031       10.2843952    
       52140   11.6063938       10.0580454       10.2830172    
       52200   11.6095085       10.0528517       10.2826862    
       52260   11.6118031       10.0487013       10.2829590    
       52320   11.6139345       10.0456285       10.2833862    
       52380   11.6140985       10.0434294       10.2837076    
       52440   11.6127872       10.0417328       10.2838802    
       52500   11.6096725       10.0401106       10.2840509    
       52560   11.6059017       10.0382242       10.2842245    
       52620   11.6013117       10.0361462       10.2844658    
       52680   11.5962296       10.0342464       10.2849874    
       52740   11.5901642       10.0325336       10.2857151    
       52800   11.5837708       10.0308762       10.2861938    
       52860   11.5775414       10.0293446       10.2862225    
       52920   11.5711479       10.0280704       10.2859230    
       52980   11.5659018       10.0268116       10.2852850    
       53040   11.5618029       10.0251560       10.2841921    
       53100   11.5577049       10.0229425       10.2824888    
       53160   11.5527868       10.0201454       10.2799301    
       53220   11.5481968       10.0167913       10.2764301    
       53280   11.5427866       10.0129032       10.2721891    
       53340   11.5378685       10.0084324       10.2675314    
       53400   11.5332785       10.0033073       10.2627935    
       53460   11.5277052       9.99758720       10.2583017    
       53520   11.5211477       9.99143314       10.2543650    
       53580   11.5145903       9.98498726       10.2511263    
       53640   11.5077047       9.97873116       10.2484159    
       53700   11.5006561       9.97323036       10.2456503    
       53760   11.4914751       9.96866417       10.2426548    
       53820   11.4806557       9.96481895       10.2397795    
       53880   11.4690161       9.96110821       10.2372437    
       53940   11.4562292       9.95706367       10.2346458    
       54000   11.4418030       9.95288754       10.2316599    
       54060   11.4262295       9.94898605       11.2183447    
       54120   11.4104919       9.94539261       11.2066870    
       54180   11.3944263       9.94179249       11.1951094    
       54240   11.3796721       9.93821239       11.1836252    
       54300   11.3655739       9.93483639       11.1722097    
       54360   11.3518028       9.93166828       11.1609697    
       54420   11.3391800       9.92865276       11.1498537    
       54480   11.3286886       9.92578602       11.1388273    
       54540   11.3196726       9.92307377       11.1281338    
       54600   11.3106556       9.92052078       11.1178589    
       54660   11.3011475       9.91827488       11.1079435    
       54720   11.2918034       9.91659546       11.0983686    
       54780   11.2840986       9.91551018       11.0892658    
       54840   11.2755737       9.91490269       11.0805798    
       54900   11.2665577       9.91479588       11.0720491    
       54960   11.2581968       9.91524410       11.0635109    
       55020   11.2498360       9.91601276       11.0549326    
       55080   11.2436066       9.91682816       11.0462799    
       55140   11.2383604       9.91757488       11.0376682    
       55200   11.2326231       9.91817284       11.0293722    
       55260   11.2283611       9.91864777       11.0215683    
       55320   11.2257376       9.91921711       11.0142946    
       55380   11.2237701       9.92019463       11.0074205    
       55440   11.2222948       9.92176533       11.0006981    
       55500   11.2203283       9.92391872       10.9939337    
       55560   11.2181969       9.92650032       10.9870634    
       55620   11.2152462       9.92922878       10.9801226    
       55680   11.2126226       9.93184948       10.9731798    
       55740   11.2106562       9.93427944       10.9662304    
       55800   11.2101641       9.93657684       10.9591312    
       55860   11.2116394       9.93875027       10.9518423    
       55920   11.2126226       9.94075584       10.9444723    
       55980   11.2131147       9.94252872       10.9370108    
       56040   11.2144260       9.94406605       10.9293804    
       56100   11.2173767       9.94553375       10.9215565    
       56160   11.2214756       9.94691849       10.9137268    
       56220   11.2267218       9.94797039       10.9062767    
       56280   11.2326231       9.94863319       10.8993063    
       56340   11.2395086       9.94922447       10.8925285    
       56400   11.2481966       9.95006561       10.8859253    
       56460   11.2575407       9.95113659       10.8799477    
       56520   11.2667217       9.95224571       10.8746948    
       56580   11.2750816       9.95360661       10.8698483    
       56640   11.2821312       9.95562840       10.8650789    
       56700   11.2875414       9.95823002       10.8602571    
       56760   11.2919674       9.96101761       10.8555679    
       56820   11.2957373       9.96368313       10.8514500    
       56880   11.2995081       9.96613407       10.8483295    
       56940   11.3047543       9.96862125       10.8463182    
       57000   11.3098364       9.97162247       10.8452902    
       57060   11.3152456       9.97547245       10.8448009    
       57120   11.3211479       9.98022938       10.8443356    
       57180   11.3288527       9.98568439       10.8436623    
       57240   11.3372135       9.99137497       10.8428659    
       57300   11.3450823       9.99690247       10.8421640    
       57360   11.3522949       10.0022106       10.8418665    
       57420   11.3591805       10.0073967       10.8420286    
       57480   11.3652458       10.0128241       10.8422918    
       57540   11.3699999       10.0186472       10.8424072    
       57600   11.3745899       10.0244913       10.8428879    
       57660   11.3785248       10.0300274       10.8435001    
       57720   11.3821316       10.0353737       10.8451700    
       57780   11.3867216       10.0411539       10.8474026    
       57840   11.3919668       10.0477705       10.8493366    
       57900   11.3962297       10.0553102       10.8507910    
       57960   11.4014750       10.0635233       10.8519583    
       58020   11.4077053       10.0715885       10.8529224    
       58080   11.4154100       10.0789251       10.8537188    
       58140   11.4231148       10.0855265       10.8543453    
       58200   11.4293442       10.0915594       10.8548250    
       58260   11.4344263       10.0971622       10.8553934    
       58320   11.4396725       10.1024151       10.8562603    
       58380   11.4450817       10.1073942       10.8573952    
       58440   11.4513111       10.1122627       10.8586102    
       58500   11.4580326       10.1172428       10.8596821    
       58560   11.4647541       10.1223907       10.8603697    
       58620   11.4708195       10.1275606       10.8604517    
       58680   11.4772129       10.1325254       10.8598404    
       58740   11.4824591       10.1370163       10.8585815    
       58800   11.4870491       10.1407671       10.8567905    
       58860   11.4918032       10.1436300       10.8545952    
       58920   11.4939346       10.1455822       10.8521347    
       58980   11.4942627       10.1467476       10.8494043    
       59040   11.4931145       10.1473446       10.8464394    
       59100   11.4918032       10.1475744       10.8434782    
       59160   11.4916391       10.1475801       10.8407583    
       59220   11.4916391       10.1473827       10.8383932    
       59280   11.4926233       10.1470919       10.8365355    
       59340   11.4942627       10.1468687       10.8354502    
       59400   11.4972134       10.1468086       10.8350534    
       59460   11.5018034       10.1470308       10.8347521    
       59520   11.5090160       10.1477451       10.8342524    
       59580   11.5167217       10.1491270       10.8336906    
       59640   11.5236063       10.1508417       10.8335428    
       59700   11.5295086       10.1523542       10.8342714    
       59760   11.5331144       10.1536865       10.8359966    
       59820   11.5363932       10.1552477       10.8382063    
       59880   11.5378685       10.1573544       10.8402653    
       59940   11.5365572       10.1602297       10.8418665    
       60000   11.5326233       10.1636820       10.8429861    
       60060   11.5260658       10.1671047       10.8435669    
       60120   11.5177050       10.1701212       10.8435001    
       60180   11.5095081       10.1726332       10.8428583    
       60240   11.5022955       10.1745739       10.8417778    
       60300   11.4949179       10.1759167       10.8404112    
       60360   11.4881964       10.1767025       10.8388710    
       60420   11.4839344       10.1770163       10.8371840    
       60480   11.4799995       10.1769524       10.8353539    
       60540   11.4760656       10.1765432       10.8333960    
       60600   11.4711475       10.1757860       10.8313932    
       60660   11.4659014       10.1747055       10.8294086    
       60720   11.4606562       10.1733532       10.8275442    
       60780   11.4554100       10.1718607       10.8258705    
       60840   11.4491806       10.1703739       10.8244438    
       60900   11.4422951       10.1690416       10.8232441    
       60960   11.4365578       10.1679621       10.8222046    
       61020   11.4318037       10.1672115       10.8213425    
       61080   11.4283609       10.1667528       10.8204632    
       61140   11.4247541       10.1666164       10.8194094    
       61200   11.4209833       10.1667137       10.8181906    
       61260   11.4173775       10.1667604       11.2948179    
       61320   11.4155741       10.1665888       11.2880993    
       61380   11.4159012       10.1661577       11.2810402    
       61440   11.4196720       10.1653633       11.2742634    
       61500   11.4234428       10.1640987       11.2686901    
       61560   11.4281969       10.1626425       11.2645035    
       61620   11.4313116       10.1618767       11.2614155    
       61680   11.4337702       10.1624136       11.2590885    
       61740   11.4362297       10.1642046       11.2572632    
       61800   11.4377050       10.1669664       11.2557812    
       61860   11.4422951       10.1704578       11.2544937    
       61920   11.4496717       10.1744995       11.2531557    
       61980   11.4590168       10.1789494       11.2516003    
       62040   11.4688520       10.1836147       11.2499285    
       62100   11.4796724       10.1881990       11.2484312    
       62160   11.4904919       10.1925755       11.2475090    
       62220   11.5018034       10.1968880       11.2475491    
       62280   11.5136070       10.2014036       11.2488871    
       62340   11.5214758       10.2064667       11.2516651    
       62400   11.5267210       10.2124567       11.2558308    
       62460   11.5299997       10.2196445       11.2611971    
       62520   11.5329504       10.2281208       11.2675285    
       62580   11.5359020       10.2378273       11.2746096    
       62640   11.5391808       10.2486219       11.2823801    
       62700   11.5436068       10.2603493       11.2908154    
       62760   11.5504913       10.2729015       11.2996979    
       62820   11.5573769       10.2862778       11.3088055    
       62880   11.5650816       10.3003502       11.3180008    
       62940   11.5708199       10.3148279       11.3270550    
       63000   11.5747538       10.3294497       11.3263111    
       63060   11.5778685       10.3440113       11.3252010    
       63120   11.5818033       10.3535547       11.3243418    
       63180   11.5840988       10.3576479       11.3240681    
       63240   11.5852461       10.3616018       11.3242512    
       63300   11.5865574       10.3659668       11.3245573    
       63360   11.5895081       10.3708315       11.3245268    
       63420   11.5942621       10.3759460       11.3238344    
       63480   11.5990162       10.3809042       11.3228350    
       63540   11.6072130       10.3852568       11.3220930    
       63600   11.6191807       10.3889961       11.3218994    
       63660   11.6359015       10.3926601       11.3223581    
       63720   11.6547537       10.3966990       11.3235760    
       63780   11.6755733       10.4012985       11.3257208    
       63840   11.6960659       10.4065533       11.3288984    
       63900   11.7132788       10.4126081       11.3331137    
       63960   11.7286882       10.4196138       11.3382931    
       64020   11.7427874       10.4276237       11.3442907    
       64080   11.7540979       10.4366064       11.3508940    
       64140   11.7640982       10.4464493       11.3578835    
       64200   11.7734423       10.4569721       11.3650284    
       64260   11.7822952       10.4679461       11.3720942    
       64320   11.7921314       10.4791517       11.3789387    
       64380   11.8022947       10.4903412       11.3854980    
       64440   11.8114758       10.5013161       11.3917694    
       64500   11.8190165       10.5119743       11.3978205    
       64560   11.8267212       10.5222807       11.4037809    
       64620   11.8336067       10.5322666       11.4098644    
       64680   11.8388529       10.5420341       11.4163523    
       64740   11.8439341       10.5517530       11.4234724    
       61260   9999.00000       9999.00000       11.4155226    
