 20181002
 Seconds  Measures(TEMP-C°)  Meso-NH(TEMP-C°)  FORECAST_AR(TEMP-C°)
        7260   16.2477055       17.7348537       17.1736450    
        7320   16.2260647       17.7308197       17.1731586    
        7380   16.2054100       17.7243938       17.1726322    
        7440   16.1850815       17.7165432       17.1724281    
        7500   16.1585255       17.7083664       17.1723003    
        7560   16.1259022       17.7006397       17.1720409    
        7620   16.0996723       17.6934433       17.1715870    
        7680   16.0798359       17.6864815       17.1710854    
        7740   16.0595074       17.6796761       17.1706944    
        7800   16.0404911       17.6729183       17.1703835    
        7860   16.0231152       17.6660995       17.1707916    
        7920   16.0077057       17.6593342       17.1722603    
        7980   15.9865570       17.6531525       17.1752071    
        8040   15.9634428       17.6481247       17.1792946    
        8100   15.9491806       17.6443424       17.1840572    
        8160   15.9378691       17.6418610       17.1891212    
        8220   15.9226227       17.6403904       17.1943054    
        8280   15.9057379       17.6392899       17.1989212    
        8340   15.8849182       17.6383381       17.2020493    
        8400   15.8660660       17.6376247       17.2038898    
        8460   15.8529510       17.6365795       17.2058811    
        8520   15.8347540       17.6345310       17.2088203    
        8580   15.8180332       17.6318626       17.2125149    
        8640   15.8009834       17.6296406       17.2168522    
        8700   15.7847538       17.6281147       17.2213688    
        8760   15.7631149       17.6270714       17.2255955    
        8820   15.7385244       17.6263771       17.2283630    
        8880   15.7183609       17.6257820       17.2273064    
        8940   15.6957378       17.6250114       17.2227650    
        9000   15.6793442       17.6236305       17.2173920    
        9060   15.6647539       17.6198826       17.2122498    
        9120   15.6465578       17.6124153       17.2066631    
        9180   15.6249180       17.6034031       17.2008476    
        9240   15.6068850       17.5943565       17.1948490    
        9300   15.5824594       17.5850487       17.1893635    
        9360   15.5624590       17.5752583       17.1846886    
        9420   15.5503283       17.5655308       17.1805668    
        9480   15.5352459       17.5564995       17.1767635    
        9540   15.5196724       17.5479927       17.1729755    
        9600   15.5036068       17.5398693       17.1688080    
        9660   15.4911480       17.5321674       17.1639900    
        9720   15.4814758       17.5246124       17.1583557    
        9780   15.4740982       17.5166225       17.1519318    
        9840   15.4629507       17.5080929       17.1447430    
        9900   15.4527864       17.4989910       17.1363735    
        9960   15.4422951       17.4893646       17.1266499    
       10020   15.4321308       17.4791546       17.1156178    
       10080   15.4252462       17.4679451       17.1038685    
       10140   15.4222946       17.4555035       17.0919762    
       10200   15.4201641       17.4421253       17.0798435    
       10260   15.4185247       17.4284592       17.0670013    
       10320   15.4188528       17.4145641       17.0531158    
       10380   15.4203281       17.4000282       17.0381470    
       10440   15.4204922       17.3844872       17.0223942    
       10500   15.4211473       17.3677483       17.0062561    
       10560   15.4244261       17.3499947       16.9898472    
       10620   15.4275408       17.3315792       16.9733047    
       10680   15.4281969       17.3128319       16.9573421    
       10740   15.4250822       17.2940445       16.9423351    
       10800   15.4227867       17.2757015       16.9284039    
       10860   15.4231148       17.2584267       15.6085062    
       10920   15.4259014       17.2420235       15.6021700    
       10980   15.4296722       17.2264767       15.5948420    
       11040   15.4329510       17.2115288       15.5864410    
       11100   15.4350824       17.1963120       15.5772085    
       11160   15.4372129       17.1801815       15.5673981    
       11220   15.4388523       17.1628609       15.5570011    
       11280   15.4411478       17.1445999       15.5457134    
       11340   15.4424591       17.1257572       15.5333624    
       11400   15.4424591       17.1063519       15.5199270    
       11460   15.4424591       17.0859604       15.5056849    
       11520   15.4396725       17.0641842       15.4910355    
       11580   15.4357376       17.0410156       15.4761019    
       11640   15.4342623       17.0167274       15.4603510    
       11700   15.4345903       16.9918575       15.4436436    
       11760   15.4352455       16.9664917       15.4259338    
       11820   15.4354095       16.9403019       15.4072657    
       11880   15.4354095       16.9130878       15.3878155    
       11940   15.4365578       16.8846588       15.3678999    
       12000   15.4396725       16.8549900       15.3480310    
       12060   15.4418030       16.8246059       15.3284159    
       12120   15.4396725       16.7940807       15.3089314    
       12180   15.4377050       16.7637749       15.2895737    
       12240   15.4367208       16.7334404       15.2699661    
       12300   15.4357376       16.7029514       15.2496443    
       12360   15.4354095       16.6722984       15.2282677    
       12420   15.4350824       16.6412182       15.2063007    
       12480   15.4355736       16.6095047       15.1850348    
       12540   15.4362297       16.5769196       15.1668053    
       12600   15.4378691       16.5438900       15.1511087    
       12660   15.4393444       16.5127583       15.1354189    
       12720   15.4403276       16.4852333       15.1193419    
       12780   15.4411478       16.4592609       15.1037188    
       12840   15.4418030       16.4329033       15.0883446    
       12900   15.4413118       16.4061222       15.0729046    
       12960   15.4404917       16.3794479       15.0571604    
       13020   15.4391804       16.3529015       15.0407820    
       13080   15.4363937       16.3263035       15.0232239    
       13140   15.4334431       16.2994270       15.0043058    
       13200   15.4309835       16.2718735       14.9845190    
       13260   15.4278688       16.2432976       14.9640255    
       13320   15.4227867       16.2135811       14.9427433    
       13380   15.4190168       16.1829910       14.9209032    
       13440   15.4152460       16.1517162       14.8986855    
       13500   15.4104919       16.1198788       14.8763895    
       13560   15.4052458       16.0875797       14.8543549    
       13620   15.3995085       16.0550308       14.8326445    
       13680   15.3929510       16.0226040       14.8110952    
       13740   15.3860655       15.9906235       14.7900953    
       13800   15.3783607       15.9591208       14.7697992    
       13860   15.3698359       15.9279757       14.7500200    
       13920   15.3616390       15.8973284       14.7305861    
       13980   15.3524590       15.8672686       14.7112141    
       14040   15.3436069       15.8376894       14.6916142    
       14100   15.3339348       15.8084679       14.6718454    
       14160   15.3250818       15.7794037       14.6518660    
       14220   15.3175411       15.7502012       14.6315737    
       14280   15.3100004       15.7207270       14.6111126    
       14340   15.3022947       15.6911135       14.5906649    
       14400   15.2939348       15.6614294       14.5702448    
       14460   15.2850819       15.6318035       14.8164644    
       14520   15.2752457       15.6023846       14.7980309    
       14580   15.2639341       15.5729208       14.7792702    
       14640   15.2524586       15.5431232       14.7608223    
       14700   15.2413111       15.5130014       14.7429104    
       14760   15.2298365       15.4830198       14.7254686    
       14820   15.2172127       15.4536963       14.7085342    
       14880   15.2013111       15.4251013       14.6922855    
       14940   15.1831150       15.3971167       14.6769800    
       15000   15.1652460       15.3699436       14.6625166    
       15060   15.1477051       15.3440142       14.6489363    
       15120   15.1309834       15.3193579       14.6358223    
       15180   15.1127872       15.2957001       14.6223660    
       15240   15.0944262       15.2729549       14.6087465    
       15300   15.0760660       15.2508574       14.5956297    
       15360   15.0559015       15.2288113       14.5833006    
       15420   15.0327873       15.2067871       14.5716047    
       15480   15.0088520       15.1854343       14.5599985    
       15540   14.9855738       15.1650190       14.5483923    
       15600   14.9619675       15.1454754       14.5369349    
       15660   14.9365578       15.1262789       14.5256319    
       15720   14.9114752       15.1073103       14.5140858    
       15780   14.8870487       15.0887871       14.5018797    
       15840   14.8614750       15.0707598       14.4889660    
       15900   14.8362293       15.0527945       14.4755793    
       15960   14.8116398       15.0342712       14.4621735    
       16020   14.7854099       15.0151558       14.4493008    
       16080   14.7577047       14.9957094       14.4363928    
       16140   14.7286882       14.9764824       14.4234800    
       16200   14.6990166       14.9578133       14.4111214    
       16260   14.6698360       14.9393053       14.3990593    
       16320   14.6401644       14.9208574       14.3871212    
       16380   14.6108198       14.9032507       14.3754959    
       16440   14.5839348       14.8867054       14.3638344    
       16500   14.5585241       14.8704224       14.3519087    
       16560   14.5321312       14.8540859       14.3395967    
       16620   14.5054102       14.8377085       14.3261003    
       16680   14.4813118       14.8213072       14.3110895    
       16740   14.4583607       14.8048410       14.2953730    
       16800   14.4352455       14.7878962       14.2796612    
       16860   14.4103279       14.7697792       14.2641964    
       16920   14.3842621       14.7509270       14.2493629    
       16980   14.3585243       14.7318687       14.2355652    
       17040   14.3345900       14.7129288       14.2225285    
       17100   14.3104916       14.6945562       14.2096510    
       17160   14.2880325       14.6772556       14.1970806    
       17220   14.2654095       14.6610126       14.1854906    
       17280   14.2418032       14.6452389       14.1756115    
       17340   14.2201643       14.6296968       14.1675444    
       17400   14.1981964       14.6149340       14.1603975    
       17460   14.1740980       14.6018600       14.1535082    
       17520   14.1527872       14.5907145       14.1465912    
       17580   14.1344261       14.5808134       14.1394234    
       17640   14.1175413       14.5714264       14.1318502    
       17700   14.1032791       14.5621834       14.1238852    
       17760   14.0909834       14.5529156       14.1157951    
       17820   14.0786886       14.5435715       14.1079426    
       17880   14.0650816       14.5338764       14.1000938    
       17940   14.0516396       14.5237761       14.0915308    
       18000   14.0404921       14.5138817       14.0825043    
       18060   14.0316391       14.5043612       14.5099144    
       18120   14.0232782       14.4945402       14.4979811    
       18180   14.0142622       14.4841585       14.4861450    
       18240   14.0057373       14.4736338       14.4740324    
       18300   13.9967213       14.4632950       14.4615755    
       18360   13.9886885       14.4531736       14.4489985    
       18420   13.9819670       14.4429455       14.4361715    
       18480   13.9767218       14.4323235       14.4227228    
       18540   13.9745903       14.4215393       14.4087467    
       18600   13.9754095       14.4105949       14.3946915    
       18660   13.9755735       14.3992281       14.3803978    
       18720   13.9765577       14.3874283       14.3655872    
       18780   13.9770489       14.3755369       14.3503590    
       18840   13.9777050       14.3634443       14.3351297    
       18900   13.9780331       14.3508968       14.3200531    
       18960   13.9768848       14.3382196       14.3052759    
       19020   13.9760656       14.3255386       14.2907724    
       19080   13.9790163       14.3125792       14.2767630    
       19140   13.9814758       14.2995949       14.2635946    
       19200   13.9842625       14.2868538       14.2512865    
       19260   13.9844265       14.2747545       14.2397699    
       19320   13.9860659       14.2634907       14.2284098    
       19380   13.9877052       14.2530508       14.2171583    
       19440   13.9891806       14.2435627       14.2061129    
       19500   13.9891806       14.2348423       14.1960354    
       19560   13.9867210       14.2265387       14.1881409    
       19620   13.9829512       14.2183275       14.1826572    
       19680   13.9831152       14.2104492       14.1781940    
       19740   13.9860659       14.2039404       14.1741228    
       19800   13.9895086       14.1996136       14.1703415    
       19860   13.9922953       14.1970873       14.1670589    
       19920   13.9931145       14.1952400       14.1651564    
       19980   13.9962292       14.1933041       14.1640263    
       20040   14.0024586       14.1918325       14.1622849    
       20100   14.0075407       14.1920786       14.1599865    
       20160   14.0070496       14.1933947       14.1577978    
       20220   14.0081968       14.1943054       14.1559134    
       20280   14.0126667       14.1944408       14.1543064    
       20340   14.0152540       14.1944723       14.1515341    
       20400   14.0184746       14.1952353       14.1468239    
       20460   14.0235596       14.1971617       14.1419735    
       20520   14.0305080       14.1985760       14.1382437    
       20580   14.0398302       14.1975870       14.1353951    
       20640   14.0506783       14.1949329       14.1324663    
       20700   14.0593224       14.1924915       14.1289244    
       20760   14.0679665       14.1906929       14.1246662    
       20820   14.0750847       14.1892233       14.1194038    
       20880   14.0844069       14.1877956       14.1128349    
       20940   14.0944071       14.1858273       14.1046448    
       21000   14.0996609       14.1824570       14.0940399    
       21060   14.1071186       14.1771450       14.0811644    
       21120   14.1166105       14.1700277       14.0673847    
       21180   14.1249151       14.1612091       14.0538034    
       21240   14.1311865       14.1504030       14.0414476    
       21300   14.1345758       14.1382580       14.0310316    
       21360   14.1344070       14.1259451       14.0226603    
       21420   14.1310167       14.1145639       14.0157042    
       21480   14.1262712       14.1050615       14.0095930    
       21540   14.1216946       14.0974684       14.0039816    
       21600   14.1199999       14.0910721       13.9979496    
       21660   14.1203394       14.0856571       13.7706175    
       21720   14.1179657       14.0815926       13.7704363    
       21780   14.1138983       14.0778303       13.7716455    
       21840   14.1108475       14.0732565       13.7743521    
       21900   14.1076269       14.0688553       13.7786827    
       21960   14.1077967       14.0656261       13.7838068    
       22020   14.1081352       14.0640869       13.7887735    
       22080   14.1086445       14.0643606       13.7940092    
       22140   14.1069489       14.0657282       13.8001337    
       22200   14.1047459       14.0672131       13.8072281    
       22260   14.1023731       14.0689573       13.8152800    
       22320   14.1010170       14.0715389       13.8245335    
       22380   14.0993223       14.0749617       13.8344507    
       22440   14.0986443       14.0793476       13.8434420    
       22500   14.0984745       14.0850449       13.8515644    
       22560   14.0964403       14.0918522       13.8596411    
       22620   14.0974579       14.0985832       13.8680668    
       22680   14.1015253       14.1041241       13.8766766    
       22740   14.1040678       14.1087809       13.8847466    
       22800   14.1081352       14.1132946       13.8925009    
       22860   14.1120338       14.1181049       13.9006624    
       22920   14.1196613       14.1226606       13.9098949    
       22980   14.1272879       14.1266823       13.9205351    
       23040   14.1352539       14.1307344       13.9325790    
       23100   14.1445761       14.1360683       13.9453096    
       23160   14.1554241       14.1434011       13.9573193    
       23220   14.1696606       14.1525335       13.9668951    
       23280   14.1844072       14.1624355       13.9736071    
       23340   14.1949148       14.1711359       13.9790516    
       23400   14.2028818       14.1771431       13.9841900    
       23460   14.2100000       14.1807137       13.9877520    
       23520   14.2172880       14.1833620       13.9878626    
       23580   14.2254238       14.1858063       13.9848509    
       23640   14.2328815       14.1871004       13.9810009    
       23700   14.2361021       14.1853247       13.9780741    
       23760   14.2391529       14.1804647       13.9763479    
       23820   14.2467794       14.1746998       13.9751482    
       23880   14.2540674       14.1695108       13.9733667    
       23940   14.2539997       14.1650581       13.9703617    
       24000   14.2560654       14.1612492       13.9686003    
       24060   14.2601643       14.1579504       13.9695158    
       24120   14.2636070       14.1550674       13.9719095    
       24180   14.2677050       14.1534481       13.9743958    
       24240   14.2711477       14.1529732       13.9766827    
       24300   14.2740984       14.1525145       13.9794331    
       24360   14.2772131       14.1519461       13.9834108    
       24420   14.2824593       14.1515226       13.9897327    
       24480   14.2903280       14.1520329       13.9990492    
       24540   14.2973766       14.1542063       14.0108042    
       24600   14.3044262       14.1586037       14.0241022    
       24660   14.3136063       14.1656790       14.0393114    
       24720   14.3199997       14.1752157       14.0565147    
       24780   14.3281965       14.1870079       14.0744896    
       24840   14.3359013       14.2013998       14.0919847    
       24900   14.3421316       14.2176552       14.1078558    
       24960   14.3513117       14.2344427       14.1215076    
       25020   14.3622952       14.2505617       14.1329966    
       25080   14.3752460       14.2649574       14.1426868    
       25140   14.3885250       14.2772036       14.1507797    
       25200   14.4016390       14.2873774       14.1579514    
       25260   14.4111471       14.2957096       14.3106251    
       25320   14.4186888       14.3026819       14.3175917    
       25380   14.4288521       14.3096619       14.3252048    
       25440   14.4411478       14.3174562       14.3323555    
       25500   14.4537706       14.3254786       14.3387938    
       25560   14.4667215       14.3335838       14.3446379    
       25620   14.4768848       14.3414526       14.3501129    
       25680   14.4859018       14.3486547       14.3557129    
       25740   14.4944258       14.3556604       14.3614006    
       25800   14.5060654       14.3629723       14.3671923    
       25860   14.5186882       14.3702526       14.3730087    
       25920   14.5308199       14.3772211       14.3781118    
       25980   14.5442619       14.3840322       14.3819151    
       26040   14.5585241       14.3907413       14.3851948    
       26100   14.5727873       14.3969021       14.3897734    
       26160   14.5875406       14.4021358       14.3953667    
       26220   14.6047544       14.4075317       14.4002781    
       26280   14.6203279       14.4143381       14.4029694    
       26340   14.6337709       14.4217691       14.4031324    
       26400   14.6483603       14.4282885       14.4017677    
       26460   14.6626234       14.4326963       14.3994875    
       26520   14.6763935       14.4349403       14.3961525    
       26580   14.6870489       14.4353266       14.3913441    
       26640   14.6967211       14.4338875       14.3850956    
       26700   14.7050819       14.4306602       14.3773556    
       26760   14.7126226       14.4260550       14.3690672    
       26820   14.7214756       14.4204159       14.3610554    
       26880   14.7293444       14.4138002       14.3538456    
       26940   14.7373772       14.4067774       14.3472300    
       27000   14.7473774       14.3999853       14.3399725    
       27060   14.7588520       14.3938656       14.3321838    
       27120   14.7714758       14.3882303       14.3261642    
       27180   14.7849178       14.3822174       14.3238926    
       27240   14.7993441       14.3758221       14.3253832    
       27300   14.8129511       14.3713388       14.3291235    
       27360   14.8273773       14.3702517       14.3335571    
       27420   14.8409834       14.3720560       14.3377771    
       27480   14.8545904       14.3758287       14.3419466    
       27540   14.8680325       14.3803244       14.3473778    
       27600   14.8819675       14.3847141       14.3554401    
       27660   14.8939342       14.3893814       14.3650265    
       27720   14.9068851       14.3961229       14.3743095    
       27780   14.9190168       14.4055176       14.3817616    
       27840   14.9303274       14.4161186       14.3871431    
       27900   14.9419670       14.4261065       14.3908520    
       27960   14.9529505       14.4341297       14.3929043    
       28020   14.9634428       14.4399948       14.3932676    
       28080   14.9721308       14.4439650       14.3917437    
       28140   14.9786882       14.4462824       14.3886013    
       28200   14.9845905       14.4467201       14.3847065    
       28260   14.9911480       14.4446917       14.3811502    
       28320   14.9985247       14.4405680       14.3784876    
       28380   15.0068855       14.4356441       14.3765526    
       28440   15.0140982       14.4310570       14.3747778    
       28500   15.0208197       14.4275913       14.3724909    
       28560   15.0278692       14.4253349       14.3691196    
       28620   15.0342627       14.4238443       14.3642435    
       28680   15.0395079       14.4225082       14.3585968    
       28740   15.0445900       14.4205608       14.3535995    
       28800   15.0496721       14.4173288       14.3499107    
       28860   15.0540981       14.4126749       14.6156855    
       28920   15.0593443       14.4078550       14.6151581    
       28980   15.0637703       14.4040556       14.6157598    
       29040   15.0670490       14.4018240       14.6167088    
       29100   15.0688524       14.4010391       14.6176634    
       29160   15.0695086       14.4010448       14.6183157    
       29220   15.0696726       14.4017258       14.6185665    
       29280   15.0703278       14.4030743       14.6189346    
       29340   15.0716391       14.4043255       14.6195784    
       29400   15.0729504       14.4054890       14.6202679    
       29460   15.0724592       14.4069757       14.6207104    
       29520   15.0709839       14.4086657       14.6208963    
       29580   15.0695086       14.4102306       14.6213379    
       29640   15.0665569       14.4115095       14.6225147    
       29700   15.0626230       14.4128103       14.6245527    
       29760   15.0585241       14.4147110       14.6276579    
       29820   15.0540981       14.4173126       14.6321239    
       29880   15.0491800       14.4205065       14.6380911    
       29940   15.0447540       14.4246798       14.6456985    
       30000   15.0406561       14.4304705       14.6548834    
       30060   15.0352459       14.4383125       14.6653585    
       30120   15.0298357       14.4482794       14.6765604    
       30180   15.0247545       14.4598722       14.6878614    
       30240   15.0221310       14.4722900       14.6988459    
       30300   15.0193443       14.4849558       14.7094631    
       30360   15.0168848       14.4975853       14.7199507    
       30420   15.0152454       14.5101938       14.7301149    
       30480   15.0137701       14.5229702       14.7398825    
       30540   15.0121307       14.5356646       14.7494812    
       30600   15.0100002       14.5478420       14.7596235    
       30660   15.0075407       14.5593290       14.7715521    
       30720   15.0045900       14.5704136       14.7852221    
       30780   15.0021315       14.5821371       14.7993698    
       30840   15.0000000       14.5955849       14.8130045    
       30900   14.9977045       14.6102076       14.8251743    
       30960   14.9952459       14.6250162       14.8355284    
       31020   14.9934425       14.6392317       14.8442574    
       31080   14.9918032       14.6522408       14.8513918    
       31140   14.9898357       14.6640396       14.8563757    
       31200   14.9880323       14.6746454       14.8591661    
       31260   14.9845905       14.6838198       14.8611164    
       31320   14.9803276       14.6909561       14.8631792    
       31380   14.9757376       14.6957350       14.8660059    
       31440   14.9719667       14.6993628       14.8701324    
       31500   14.9691801       14.7033138       14.8755713    
       31560   14.9662294       14.7082605       14.8820238    
       31620   14.9627867       14.7144737       14.8894520    
       31680   14.9591799       14.7218256       14.8982182    
       31740   14.9550819       14.7301607       14.9083471    
       31800   14.9511471       14.7395239       14.9189949    
       31860   14.9491806       14.7500095       14.9298649    
       31920   14.9477053       14.7613430       14.9406099    
       31980   14.9462299       14.7728081       14.9504938    
       32040   14.9439344       14.7840090       14.9592752    
       32100   14.9408197       14.7949886       14.9670258    
       32160   14.9381971       14.8056803       14.9745350    
       32220   14.9370489       14.8160887       14.9827967    
       32280   14.9360657       14.8263369       14.9928989    
       32340   14.9357376       14.8368692       15.0052929    
       32400   14.9355736       14.8484230       15.0195684    
       32460   14.9354095       14.8613310       15.5432444    
       32520   14.9354095       14.8751030       15.5526648    
       32580   14.9344263       14.8897734       15.5585957    
       32640   14.9336061       14.9054031       15.5616550    
       32700   14.9334431       14.9197845       15.5621824    
       32760   14.9350824       14.9306517       15.5608845    
       32820   14.9370489       14.9384022       15.5581255    
       32880   14.9385242       14.9439468       15.5536671    
       32940   14.9406557       14.9480162       15.5471420    
       33000   14.9436064       14.9508543       15.5387068    
       33060   14.9460659       14.9522171       15.5286932    
       33120   14.9483604       14.9516382       15.5173798    
       33180   14.9509840       14.9489756       15.5054045    
       33240   14.9540987       14.9444904       15.4938192    
       33300   14.9573774       14.9384804       15.4835119    
       33360   14.9604921       14.9314413       15.4743528    
       33420   14.9626226       14.9243164       15.4655304    
       33480   14.9645901       14.9180002       15.4563904    
       33540   14.9665575       14.9126101       15.4469557    
       33600   14.9690161       14.9077444       15.4375954    
       33660   14.9731150       14.9030018       15.4284821    
       33720   14.9786882       14.8982973       15.4190855    
       33780   14.9849176       14.8939133       15.4086580    
       33840   14.9916391       14.8898811       15.3968935    
       33900   14.9993439       14.8856087       15.3843193    
       33960   15.0083609       14.8804493       15.3722076    
       34020   15.0173769       14.8741198       15.3616734    
       34080   15.0252457       14.8669777       15.3529701    
       34140   15.0331144       14.8600197       15.3454599    
       34200   15.0418034       14.8543024       15.3384867    
       34260   15.0513115       14.8502617       15.3317003    
       34320   15.0598364       14.8473892       15.3250628    
       34380   15.0678692       14.8447952       15.3184509    
       34440   15.0744267       14.8419867       15.3113909    
       34500   15.0803280       14.8389931       15.3039103    
       34560   15.0863934       14.8361158       15.2960529    
       34620   15.0940981       14.8331738       15.2878590    
       34680   15.1018028       14.8301134       15.2793961    
       34740   15.1098356       14.8271475       15.2707891    
       34800   15.1175413       14.8243284       15.2626123    
       34860   15.1254101       14.8215742       15.2547293    
       34920   15.1337709       14.8189440       15.2463903    
       34980   15.1422949       14.8167067       15.2379322    
       35040   15.1519670       14.8141613       15.2298079    
       35100   15.1616392       14.8105612       15.2222042    
       35160   15.1711473       14.8064508       15.2152624    
       35220   15.1826229       14.8023605       15.2088814    
       35280   15.1949177       14.7985611       15.2026930    
       35340   15.2072134       14.7952728       15.1960487    
       35400   15.2167215       14.7926035       15.1885557    
       35460   15.2249184       14.7901678       15.1802578    
       35520   15.2293444       14.7872162       15.1705408    
       35580   15.2314758       14.7833796       15.1584463    
       35640   15.2322950       14.7784824       15.1435652    
       35700   15.2340984       14.7720900       15.1264019    
       35760   15.2363930       14.7639923       15.1084604    
       35820   15.2385244       14.7539177       15.0910320    
       35880   15.2401638       14.7419434       15.0751247    
       35940   15.2411480       14.7289381       15.0606174    
       36000   15.2404919       14.7158031       15.0465546    
       36060   15.2398357       14.7034883       14.3343582    
       36120   15.2403278       14.6918268       14.3231878    
       36180   15.2419672       14.6798582       14.3136454    
       36240   15.2447538       14.6669769       14.3063478    
       36300   15.2460651       14.6545496       14.3008490    
       36360   15.2468853       14.6443224       14.2973108    
       36420   15.2460651       14.6358795       14.2958994    
       36480   15.2439346       14.6289196       14.2965279    
       36540   15.2421312       14.6237631       14.2987061    
       36600   15.2399998       14.6207333       14.3015308    
       36660   15.2373772       14.6200294       14.3042564    
       36720   15.2334423       14.6215210       14.3064919    
       36780   15.2306557       14.6241417       14.3084440    
       36840   15.2277050       14.6265764       14.3103008    
       36900   15.2244263       14.6282110       14.3114691    
       36960   15.2208195       14.6288271       14.3110495    
       37020   15.2172127       14.6283493       14.3088779    
       37080   15.2144260       14.6264486       14.3054142    
       37140   15.2104921       14.6227427       14.3013201    
       37200   15.2062292       14.6173391       14.2959528    
       37260   15.2036066       14.6108532       14.2881422    
       37320   15.1983604       14.6038647       14.2786121    
       37380   15.1909838       14.5961924       14.2698536    
       37440   15.1800003       14.5866213       14.2633762    
       37500   15.1690168       14.5749922       14.2583513    
       37560   15.1581964       14.5632629       14.2537670    
       37620   15.1481972       14.5536146       14.2492838    
       37680   15.1385250       14.5459518       14.2445393    
       37740   15.1295080       14.5385323       14.2395945    
       37800   15.1198359       14.5304461       14.2350492    
       37860   15.1098356       14.5216684       14.2308064    
       37920   15.0988522       14.5126667       14.2260971    
       37980   15.0898361       14.5040884       14.2200251    
       38040   15.0813112       14.4958839       14.2123470    
       38100   15.0736065       14.4872627       14.2040739    
       38160   15.0665569       14.4773893       14.1962633    
       38220   15.0598364       14.4662466       14.1893597    
       38280   15.0513115       14.4543524       14.1836195    
       38340   15.0421314       14.4427395       14.1791973    
       38400   15.0324593       14.4323626       14.1761084    
       38460   15.0226231       14.4235172       14.1741142    
       38520   15.0114756       14.4162941       14.1732092    
       38580   15.0034428       14.4105005       14.1733866    
       38640   14.9977045       14.4058952       14.1742449    
       38700   14.9901638       14.4022503       14.1745348    
       38760   14.9808197       14.3991146       14.1727209    
       38820   14.9696722       14.3963385       14.1681671    
       38880   14.9562292       14.3933058       14.1616116    
       38940   14.9440985       14.3886194       14.1540508    
       39000   14.9324589       14.3812723       14.1460619    
       39060   14.9218035       14.3717108       14.1378403    
       39120   14.9106560       14.3610964       14.1297474    
       39180   14.9031143       14.3500710       14.1224852    
       39240   14.8985243       14.3387575       14.1170158    
       39300   14.8960657       14.3274393       14.1141100    
       39360   14.8926229       14.3171272       14.1139402    
       39420   14.8901644       14.3091955       14.1163368    
       39480   14.8895082       14.3043470       14.1205301    
       39540   14.8873768       14.3020124       14.1249037    
       39600   14.8859015       14.3015823       14.1285372    
       39660   14.8857374       14.3023376       15.0106707    
       39720   14.8849182       14.3033943       15.0062933    
       39780   14.8844261       14.3038301       15.0016413    
       39840   14.8842621       14.3033915       14.9969635    
       39900   14.8832788       14.3026428       14.9919596    
       39960   14.8808193       14.3019142       14.9852438    
       40020   14.8791800       14.3012714       14.9758577    
       40080   14.8777046       14.3005447       14.9642010    
       40140   14.8783607       14.2985735       14.9516487    
       40200   14.8791800       14.2941475       14.9398890    
       40260   14.8781967       14.2872744       14.9305000    
       40320   14.8759012       14.2794046       14.9239426    
       40380   14.8765574       14.2727404       14.9199028    
       40440   14.8763933       14.2688274       14.9173555    
       40500   14.8755741       14.2679834       14.9152250    
       40560   14.8749180       14.2696915       14.9130201    
       40620   14.8759012       14.2727442       14.9108515    
       40680   14.8770494       14.2760563       14.9089766    
       40740   14.8780327       14.2793484       14.9075432    
       40800   14.8809834       14.2826529       14.9064932    
       40860   14.8842621       14.2861319       14.9066057    
       40920   14.8860655       14.2899761       14.9088583    
       40980   14.8893442       14.2946386       14.9122992    
       41040   14.8939342       14.3013287       14.9143419    
       41100   14.9013119       14.3103170       14.9135799    
       41160   14.9086885       14.3197641       14.9113750    
       41220   14.9155741       14.3273382       14.9097080    
       41280   14.9208193       14.3326359       14.9091787    
       41340   14.9265575       14.3367233       14.9099236    
       41400   14.9322948       14.3404894       14.9117479    
       41460   14.9375410       14.3446512       14.9137564    
       41520   14.9421310       14.3496943       14.9148579    
       41580   14.9468851       14.3556948       14.9146042    
       41640   14.9495087       14.3623743       14.9135466    
       41700   14.9514751       14.3690968       14.9124441    
       41760   14.9544258       14.3750896       14.9105358    
       41820   14.9586887       14.3802814       14.9064627    
       41880   14.9640980       14.3850288       14.9004107    
       41940   14.9701643       14.3887615       14.8931742    
       42000   14.9770489       14.3904219       14.8851995    
       42060   14.9849176       14.3900166       14.8766994    
       42120   14.9914751       14.3882608       14.8684807    
       42180   14.9983606       14.3857985       14.8613548    
       42240   15.0036068       14.3828182       14.8546686    
       42300   15.0081968       14.3797274       14.8474693    
       42360   15.0136070       14.3771982       14.8404417    
       42420   15.0200005       14.3750629       14.8348169    
       42480   15.0281963       14.3729315       14.8311968    
       42540   15.0372133       14.3715658       14.8296051    
       42600   15.0455742       14.3718777       14.8295155    
       42660   15.0532789       14.3737745       14.8299160    
       42720   15.0631151       14.3769741       14.8305349    
       42780   15.0745897       14.3815794       14.8313246    
       42840   15.0849180       14.3870068       14.8321257    
       42900   15.0934429       14.3924255       14.8328476    
       42960   15.1022949       14.3975201       14.8333082    
       43020   15.1124592       14.4022999       14.8329954    
       43080   15.1226225       14.4070940       14.8316374    
       43140   15.1306553       14.4119625       14.8304329    
       43200   15.1406555       14.4160767       14.8300638    
       43260   15.1516390       14.4185982       14.8878183    
       43320   15.1637707       14.4207087       14.8884516    
       43380   15.1773767       14.4239769       14.8874483    
       43440   15.1895084       14.4281120       14.8850145    
       43500   15.2027864       14.4317446       14.8812637    
       43560   15.2132788       14.4339905       14.8766565    
       43620   15.2270489       14.4347515       14.8726339    
       43680   15.2395086       14.4342041       14.8703394    
       43740   15.2493439       14.4333115       14.8700132    
       43800   15.2572126       14.4332399       14.8705177    
       43860   15.2626228       14.4344654       14.8696623    
       43920   15.2703276       14.4367981       14.8656588    
       43980   15.2798357       14.4396486       14.8584576    
       44040   15.2859020       14.4416952       14.8490925    
       44100   15.2904921       14.4412231       14.8388758    
       44160   15.2960653       14.4376345       14.8288307    
       44220   15.3049183       14.4316721       14.8199892    
       44280   15.3088522       14.4245710       14.8128757    
       44340   15.3104916       14.4172916       14.8064623    
       44400   15.3136063       14.4107389       14.7992229    
       44460   15.3154097       14.4055929       14.7911186    
       44520   15.3159018       14.4015656       14.7833691    
       44580   15.3165569       14.3972778       14.7768097    
       44640   15.3145905       14.3920860       14.7707663    
       44700   15.3142624       14.3868227       14.7643490    
       44760   15.3145905       14.3828173       14.7574701    
       44820   15.3149176       14.3802462       14.7508326    
       44880   15.3131151       14.3781281       14.7450943    
       44940   15.3139343       14.3756227       14.7389507    
       45000   15.3149176       14.3721533       14.7299433    
       45060   15.3152456       14.3680964       14.7181101    
       45120   15.3142624       14.3636780       14.7048616    
       45180   15.3147545       14.3570719       14.6916294    
       45240   15.3129511       14.3475952       14.6793661    
       45300   15.3111477       14.3369913       14.6682825    
       45360   15.3103275       14.3269682       14.6582136    
       45420   15.3080330       14.3179598       14.6497173    
       45480   15.3096724       14.3096933       14.6438732    
       45540   15.3101635       14.3023720       14.6406326    
       45600   15.3068857       14.2968493       14.6382618    
       45660   15.3060656       14.2936878       14.6347246    
       45720   15.3000002       14.2929192       14.6293802    
       45780   15.2926226       14.2935867       14.6224022    
       45840   15.2903280       14.2939873       14.6144323    
       45900   15.2908201       14.2924290       14.6072760    
       45960   15.2855740       14.2882347       14.6024323    
       46020   15.2788525       14.2823009       14.5994940    
       46080   15.2722950       14.2767553       14.5985956    
       46140   15.2662296       14.2733221       14.5997868    
       46200   15.2586889       14.2720671       14.6022635    
       46260   15.2495079       14.2726927       14.6053123    
       46320   15.2442627       14.2750034       14.6081409    
       46380   15.2399998       14.2785664       14.6092463    
       46440   15.2311478       14.2834187       14.6084442    
       46500   15.2196722       14.2891188       14.6056881    
       46560   15.2070494       14.2935553       14.6012392    
       46620   15.1924591       14.2956810       14.5963793    
       46680   15.1773767       14.2956142       14.5925722    
       46740   15.1629505       14.2938271       14.5902081    
       46800   15.1481972       14.2915039       14.5873766    
       46860   15.1322947       14.2898703       15.1432362    
       46920   15.1142626       14.2886734       15.1353741    
       46980   15.0960655       14.2870903       15.1268530    
       47040   15.0786886       14.2846174       15.1187067    
       47100   15.0613117       14.2813444       15.1116371    
       47160   15.0406561       14.2778311       15.1052866    
       47220   15.0237703       14.2744474       15.0993652    
       47280   15.0081968       14.2718487       15.0937643    
       47340   14.9931145       14.2701731       15.0876999    
       47400   14.9799995       14.2689428       15.0802050    
       47460   14.9683609       14.2678413       15.0720215    
       47520   14.9595079       14.2661676       15.0658875    
       47580   14.9496717       14.2631226       15.0633163    
       47640   14.9391804       14.2596416       15.0631971    
       47700   14.9303274       14.2585087       15.0640745    
       47760   14.9224586       14.2614660       15.0654325    
       47820   14.9132786       14.2673597       15.0659933    
       47880   14.9003277       14.2741890       15.0640278    
       47940   14.8908195       14.2809448       15.0595131    
       48000   14.8840981       14.2868586       15.0535555    
       48060   14.8759012       14.2901392       15.0471001    
       48120   14.8681965       14.2907534       15.0402956    
       48180   14.8634424       14.2905817       15.0328178    
       48240   14.8577051       14.2902927       15.0248013    
       48300   14.8531151       14.2891197       15.0174646    
       48360   14.8465576       14.2865448       15.0113440    
       48420   14.8401642       14.2835846       15.0060415    
       48480   14.8332787       14.2821398       15.0002956    
       48540   14.8283606       14.2827454       14.9922380    
       48600   14.8209839       14.2842360       14.9823074    
       48660   14.8129511       14.2844048       14.9731064    
       48720   14.8045902       14.2820234       14.9651165    
       48780   14.7975407       14.2786016       14.9574747    
       48840   14.7895079       14.2756062       14.9501705    
       48900   14.7847538       14.2731848       14.9434280    
       48960   14.7809839       14.2711411       14.9365940    
       49020   14.7773771       14.2694168       14.9289627    
       49080   14.7754097       14.2680941       14.9206600    
       49140   14.7688522       14.2667217       14.9112148    
       49200   14.7631149       14.2645588       14.8993397    
       49260   14.7608194       14.2612762       14.8854809    
       49320   14.7580328       14.2567081       14.8721476    
       49380   14.7603283       14.2507973       14.8607187    
       49440   14.7654095       14.2440271       14.8503809    
       49500   14.7640982       14.2378674       14.8396730    
       49560   14.7570496       14.2329702       14.8280582    
       49620   14.7540979       14.2285252       14.8146734    
       49680   14.7534428       14.2228422       14.7986050    
       49740   14.7544260       14.2150946       14.7791185    
       49800   14.7586889       14.2059345       14.7569866    
       49860   14.7660656       14.1947174       14.7329922    
       49920   14.7752457       14.1800041       14.7079258    
       49980   14.7791805       14.1620169       14.6834879    
       50040   14.7824593       14.1421232       14.6617193    
       50100   14.7898359       14.1216917       14.6428766    
       50160   14.7981968       14.1027918       14.6263628    
       50220   14.8081970       14.0863380       14.6115570    
       50280   14.8188524       14.0724716       14.5983925    
       50340   14.8295078       14.0610323       14.5860481    
       50400   14.8372135       14.0509996       14.5724230    
       50460   14.8426228       14.0417747       14.1236715    
       50520   14.8457375       14.0331230       14.1093960    
       50580   14.8477049       14.0240259       14.0975142    
       50640   14.8496723       14.0141144       14.0865021    
       50700   14.8498363       14.0048227       14.0744514    
       50760   14.8503275       13.9976215       14.0599346    
       50820   14.8534422       13.9917946       14.0438118    
       50880   14.8540983       13.9848852       14.0275965    
       50940   14.8529510       13.9755468       14.0125799    
       51000   14.8491802       13.9641085       13.9996586    
       51060   14.8478689       13.9516211       13.9885578    
       51120   14.8486881       13.9395676       13.9783936    
       51180   14.8481970       13.9294214       13.9685555    
       51240   14.8462296       13.9210129       13.9592590    
       51300   14.8488522       13.9127026       13.9513655    
       51360   14.8514757       13.9039774       13.9446821    
       51420   14.8536062       13.8961992       13.9373169    
       51480   14.8565578       13.8903561       13.9295816    
       51540   14.8608198       13.8860168       13.9225798    
       51600   14.8655739       13.8815804       13.9156370    
       51660   14.8713112       13.8770504       13.9085407    
       51720   14.8755741       13.8727570       13.9018154    
       51780   14.8786888       13.8681574       13.8956490    
       51840   14.8793440       13.8633785       13.8897057    
       51900   14.8801641       13.8587837       13.8837824    
       51960   14.8813114       13.8541117       13.8777370    
       52020   14.8840981       13.8489943       13.8715305    
       52080   14.8865576       13.8433666       13.8655987    
       52140   14.8880329       13.8379526       13.8608522    
       52200   14.8886881       13.8331833       13.8578911    
       52260   14.8900003       13.8288383       13.8566666    
       52320   14.8913116       13.8252039       13.8566875    
       52380   14.8944263       13.8229189       13.8577557    
       52440   14.8983603       13.8219032       13.8600883    
       52500   14.9022951       13.8215294       13.8626719    
       52560   14.9055738       13.8219290       13.8640537    
       52620   14.9098358       13.8235626       13.8651237    
       52680   14.9147539       13.8258152       13.8672953    
       52740   14.9177046       13.8274336       13.8705006    
       52800   14.9191799       13.8284817       13.8747959    
       52860   14.9206562       13.8299627       13.8808508    
       52920   14.9213114       13.8322115       13.8885450    
       52980   14.9196720       13.8359661       13.8965149    
       53040   14.9149179       13.8422556       13.9040298    
       53100   14.9122953       13.8503647       13.9113245    
       53160   14.9132786       13.8586044       13.9185934    
       53220   14.9168854       13.8662138       13.9251375    
       53280   14.9214754       13.8735161       13.9309044    
       53340   14.9278688       13.8801889       13.9373045    
       53400   14.9326229       13.8857450       13.9458399    
       53460   14.9308195       13.8912067       13.9563236    
       53520   14.9267216       13.8976727       13.9674911    
       53580   14.9216394       13.9053068       13.9780397    
       53640   14.9172134       13.9141865       13.9878120    
       53700   14.9124594       13.9240570       13.9957457    
       53760   14.9078684       13.9337311       13.9993820    
       53820   14.9031143       13.9424286       13.9987440    
       53880   14.8991804       13.9494905       13.9955835    
       53940   14.8945904       13.9532433       13.9911661    
       54000   14.8919668       13.9528027       13.9866943    
       54060   14.8888521       13.9486742       15.0095558    
       54120   14.8878689       13.9421463       15.0053253    
       54180   14.8890162       13.9357128       15.0025883    
       54240   14.8909836       13.9314880       14.9990520    
       54300   14.8924589       13.9297752       14.9957008    
       54360   14.8942623       13.9297876       14.9941959    
       54420   14.8957376       13.9307156       14.9953175    
       54480   14.8940983       13.9329834       14.9979029    
       54540   14.8940983       13.9375925       14.9991903    
       54600   14.8965578       13.9448099       14.9977255    
       54660   14.9009838       13.9533710       14.9934855    
       54720   14.9037704       13.9606981       14.9875841    
       54780   14.9042625       13.9647856       14.9805202    
       54840   14.9040985       13.9660769       14.9705191    
       54900   14.9099998       13.9656897       14.9561319    
       54960   14.9104919       13.9637899       14.9387693    
       55020   14.9099998       13.9595356       14.9206572    
       55080   14.9093447       13.9515820       14.9039125    
       55140   14.9096718       13.9405384       14.8884125    
       55200   14.9088526       13.9291191       14.8727045    
       55260   14.9075413       13.9192190       14.8562517    
       55320   14.9054098       13.9107141       14.8399200    
       55380   14.9044266       13.9027605       14.8257980    
       55440   14.9042625       13.8942566       14.8141232    
       55500   14.9042625       13.8852768       14.8022804    
       55560   14.9029512       13.8773508       14.7890148    
       55620   14.9021311       13.8718777       14.7749529    
       55680   14.8996725       13.8672104       14.7619200    
       55740   14.8972130       13.8613243       14.7508554    
       55800   14.8965578       13.8547411       14.7416096    
       55860   14.8963938       13.8491106       14.7340479    
       55920   14.8950815       13.8450413       14.7272434    
       55980   14.8931150       13.8422155       14.7198534    
       56040   14.8903275       13.8408070       14.7110081    
       56100   14.8873768       13.8405781       14.7010708    
       56160   14.8845901       13.8400574       14.6909132    
       56220   14.8814754       13.8380747       14.6810045    
       56280   14.8777046       13.8350868       14.6704292    
       56340   14.8732786       13.8327398       14.6587172    
       56400   14.8704920       13.8309288       14.6463423    
       56460   14.8690166       13.8279581       14.6331987    
       56520   14.8670492       13.8233070       14.6190615    
       56580   14.8655739       13.8175306       14.6048136    
       56640   14.8639345       13.8112316       14.5916290    
       56700   14.8659019       13.8046370       14.5798693    
       56760   14.8647537       13.7982483       14.5689602    
       56820   14.8618031       13.7926960       14.5571690    
       56880   14.8578691       13.7882814       14.5443125    
       56940   14.8524590       13.7848587       14.5323114    
       57000   14.8445902       13.7811680       14.5221748    
       57060   14.8383608       13.7759609       14.5132256    
       57120   14.8331146       13.7707644       14.5030088    
       57180   14.8262291       13.7665854       14.4905901    
       57240   14.8178692       13.7630720       14.4778194    
       57300   14.8103275       13.7593536       14.4664240    
       57360   14.8032789       13.7545738       14.4579058    
       57420   14.7978687       13.7489414       14.4538488    
       57480   14.7955742       13.7439947       14.4540672    
       57540   14.7916393       13.7426872       14.4569798    
       57600   14.7898359       13.7464399       14.4608965    
       57660   14.7881966       13.7540751       14.6233549    
       57720   14.7903280       13.7634001       14.6281233    
       57780   14.7921314       13.7728233       14.6300669    
       57840   14.7967215       13.7818804       14.6287994    
       57900   14.8044262       13.7897224       14.6257572    
       57960   14.8111477       13.7951059       14.6217651    
       58020   14.8160658       13.7984180       14.6166363    
       58080   14.8180332       13.8003826       14.6100006    
       58140   14.8203278       13.8011208       14.6028481    
       58200   14.8239346       13.8005438       14.5975838    
       58260   14.8260660       13.7988138       14.5942574    
       58320   14.8293438       13.7969723       14.5918627    
       58380   14.8314753       13.7968168       14.5894909    
       58440   14.8355742       13.7984180       14.5864143    
       58500   14.8422947       13.8009415       14.5833168    
       58560   14.8439341       13.8034544       14.5815182    
       58620   14.8444262       13.8058290       14.5804920    
       58680   14.8454094       13.8091421       14.5794230    
       58740   14.8473768       13.8132763       14.5780287    
       58800   14.8513117       13.8172560       14.5767965    
       58860   14.8539343       13.8205967       14.5768538    
       58920   14.8572130       13.8235073       14.5785837    
       58980   14.8601637       13.8269634       14.5803795    
       59040   14.8626232       13.8322039       14.5798836    
       59100   14.8609838       13.8389492       14.5771685    
       59160   14.8591805       13.8450499       14.5751715    
       59220   14.8622952       13.8482571       14.5751657    
       59280   14.8680325       13.8499880       14.5764761    
       59340   14.8711472       13.8526821       14.5782347    
       59400   14.8709841       13.8569736       14.5795155    
       59460   14.8685246       13.8621922       14.5791321    
       59520   14.8672132       13.8675442       14.5759468    
       59580   14.8636065       13.8724222       14.5705166    
       59640   14.8606558       13.8756962       14.5641012    
       59700   14.8559017       13.8766623       14.5576687    
       59760   14.8506556       13.8759928       14.5510283    
       59820   14.8457375       13.8745327       14.5443602    
       59880   14.8409834       13.8726044       14.5387144    
       59940   14.8359013       13.8703165       14.5351362    
       60000   14.8303280       13.8683262       14.5340815    
       60060   14.8237705       13.8675365       14.5347805    
       60120   14.8172131       13.8681936       14.5358295    
       60180   14.8081970       13.8705273       14.5358686    
       60240   14.7973766       13.8746634       14.5350056    
       60300   14.7854099       13.8803139       14.5343847    
       60360   14.7716389       13.8859472       14.5349483    
       60420   14.7580328       13.8901787       14.5368586    
       60480   14.7442627       13.8936005       14.5407848    
       60540   14.7303276       13.8977213       14.5462923    
       60600   14.7177048       13.9041080       14.5512495    
       60660   14.7059021       13.9131784       14.5541849    
       60720   14.6926231       13.9229431       14.5543919    
       60780   14.6809835       13.9317236       14.5538692    
       60840   14.6706562       13.9384193       14.5550489    
       60900   14.6627865       13.9431858       14.5575104    
       60960   14.6547537       13.9478235       14.5594835    
       61020   14.6462297       13.9535608       14.5601196    
       61080   14.6359015       13.9596634       14.5596294    
       61140   14.6263933       13.9647551       14.5575790    
       61200   14.6180325       13.9686613       14.5536041    
       61260   14.6086884       13.9718142       14.4985008    
       61320   14.5967216       13.9739342       14.4908485    
       61380   14.5827866       13.9741173       14.4836607    
       61440   14.5695086       13.9721317       14.4770346    
       61500   14.5531149       13.9692659       14.4714289    
       61560   14.5342627       13.9671679       14.4675131    
       61620   14.5162296       13.9664478       14.4651575    
       61680   14.4990168       13.9669313       14.4637060    
       61740   14.4844265       13.9687138       14.4627686    
       61800   14.4706554       13.9719629       14.4623022    
       61860   14.4552460       13.9764061       14.4621248    
       61920   14.4385242       13.9814024       14.4621983    
       61980   14.4208193       13.9859266       14.4625587    
       62040   14.4029512       13.9901953       14.4631853    
       62100   14.3826227       13.9948559       14.4640284    
       62160   14.3626232       14.0000591       14.4653950    
       62220   14.3444262       14.0058155       14.4676876    
       62280   14.3299999       14.0121012       14.4712296    
       62340   14.3167210       14.0187902       14.4760056    
       62400   14.3031149       14.0258579       14.4816294    
       62460   14.2862291       14.0334883       14.4875250    
       62520   14.2708197       14.0419788       14.4934740    
       62580   14.2555742       14.0512247       14.4994164    
       62640   14.2399998       14.0607958       14.5055885    
       62700   14.2250824       14.0704975       14.5121326    
       62760   14.2154102       14.0805721       14.5186605    
       62820   14.2068853       14.0910931       14.5247087    
       62880   14.1939344       14.1016140       14.5299482    
       62940   14.1770496       14.1115780       14.5344667    
       63000   14.1627865       14.1205807       14.5348539    
       63060   14.1529512       14.1286373       14.5347862    
       63120   14.1439342       14.1342621       14.5349712    
       63180   14.1345901       14.1374483       14.5360947    
       63240   14.1275406       14.1404095       14.5384207    
       63300   14.1201639       14.1439171       14.5418339    
       63360   14.1149178       14.1484661       14.5458031    
       63420   14.1091805       14.1541309       14.5500584    
       63480   14.1037703       14.1605721       14.5545111    
       63540   14.0991802       14.1673212       14.5588741    
       63600   14.0949183       14.1742678       14.5623617    
       63660   14.0896721       14.1812077       14.5636244    
       63720   14.0847540       14.1877022       14.5625420    
       63780   14.0793438       14.1925468       14.5608072    
       63840   14.0745897       14.1948490       14.5610914    
       63900   14.0718031       14.1953821       14.5633955    
       63960   14.0713120       14.1965761       14.5656471    
       64020   14.0706558       14.2000666       14.5659838    
       64080   14.0724592       14.2045918       14.5645266    
       64140   14.0752459       14.2079792       14.5624428    
       64200   14.0785246       14.2092266       14.5601606    
       64260   14.0814753       14.2091932       14.5580578    
       64320   14.0842619       14.2087412       14.5569029    
       64380   14.0873766       14.2081995       14.5575533    
       64440   14.0922947       14.2081451       14.5595207    
       64500   14.0975409       14.2094975       14.5613995    
       64560   14.1016397       14.2125683       14.5626163    
       64620   14.1065578       14.2162380       14.5633307    
       64680   14.1106558       14.2193966       14.5635576    
       64740   14.1144266       14.2218962       14.5637207    
       61260   9999.00000       9999.00000       14.5813389    
