 20190422
 Seconds  Measures(PWV-mm)  Meso-NH(PWV-mm)  FORECAST_AR(PWV-mm)
        3480   3.51833344       3.57102394       3.66199994    
        3540   3.51833344       3.57102394       3.66199994    
        3600   3.53932142       3.55335402       3.66199994    
        3660   3.53555560       3.55335402       3.66199994    
        3720   3.53757143       3.53794384       3.66199994    
        3780   3.54344440       3.53794384       3.66199994    
        3840   3.54703569       3.52504325       3.66199994    
        3900   3.55222225       3.52504325       3.66199994    
        3960   3.55266666       3.51563883       3.66199994    
        4020   3.55266666       3.51563883       3.66199994    
        4080   3.55777788       3.51051736       3.66199994    
        4140   3.55777788       3.51051736       3.66199994    
        4200   3.55588889       3.50896001       3.66199994    
        4260   3.55588889       3.50896001       3.66199994    
        4320   3.56696153       3.51019216       3.66199994    
        4380   3.57540751       3.51019216       3.66199994    
        4440   3.55926919       3.51382232       3.66199994    
        4500   3.55926919       3.51382232       3.66199994    
        4560   3.55888462       3.51832485       3.66199994    
        4620   3.55888462       3.51832485       3.66199994    
        4680   3.56819224       3.52171230       3.66199994    
        4740   3.56819224       3.52171230       3.66199994    
        4800   3.56876922       3.52294230       3.66199994    
        4860   3.56876922       3.52294230       3.66199994    
        4920   3.56446147       3.52446651       3.66199994    
        4980   3.56446147       3.52446651       3.66199994    
        5040   3.57692313       3.52816820       3.66199994    
        5100   3.57692313       3.52816820       3.66199994    
        5160   3.57692313       3.53467536       3.66199994    
        5220   3.57303715       3.53467536       3.66199994    
        5280   3.57673073       3.54563427       3.66199994    
        5340   3.57673073       3.54563427       3.66199994    
        5400   3.58329630       3.55980611       3.66199994    
        5460   3.58026934       3.55980611       3.66199994    
        5520   3.57862973       3.57372928       3.66199994    
        5580   3.58992314       3.57372928       3.66199994    
        5640   3.58100009       3.58451462       3.66199994    
        5700   3.58369231       3.58451462       3.66199994    
        5760   3.58433342       3.59229398       3.66199994    
        5820   3.58753848       3.59229398       3.66199994    
        5880   3.58044434       3.60001588       3.66199994    
        5940   3.57184625       3.60001588       3.66199994    
        6000   3.57184625       3.60877681       3.66199994    
        6060   3.57143998       3.60877681       3.66199994    
        6120   3.57143998       3.61835670       3.66199994    
        6180   3.59346151       3.61835670       3.66199994    
        6240   3.57807994       3.62940454       3.66199994    
        6300   3.57111549       3.62940454       3.66199994    
        6360   3.57111549       3.64213371       3.66199994    
        6420   3.57715392       3.64213371       3.66199994    
        6480   3.57715392       3.65538692       3.66199994    
        6540   3.57692313       3.65538692       3.66199994    
        6600   3.57692313       3.66848683       3.66199994    
        6660   3.56569242       3.66848683       3.66199994    
        6720   3.56569242       3.68212628       3.66199994    
        6780   3.55853844       3.68212628       3.66199994    
        6840   3.55853844       3.69543505       3.66199994    
        6900   3.55580759       3.69543505       3.66199994    
        6960   3.55580759       3.70659041       3.66199994    
        7020   3.56088901       3.70659041       3.66199994    
        7080   3.55838466       3.71716571       3.75399995    
        7140   3.55838466       3.71716571       3.75399995    
        7200   3.57681489       3.72789145       3.75399995    
        7260   3.55646157       3.72789145       3.75399995    
        7320   3.56444454       3.73865318       3.75399995    
        7380   3.56338453       3.73865318       3.75399995    
        7440   3.57070374       3.74909711       3.75399995    
        7500   3.56788468       3.74909711       3.75399995    
        7560   3.57540751       3.75891328       3.75399995    
        7620   3.57942319       3.75891328       3.75399995    
        7680   3.58796287       3.76693177       3.75399995    
        7740   3.59311533       3.76693177       3.75399995    
        7800   3.59629631       3.77221298       3.75399995    
        7860   3.60244441       3.77221298       3.75399995    
        7920   3.60244441       3.77701950       3.75399995    
        7980   3.62621427       3.77701950       3.75399995    
        8040   3.61996293       3.78156137       3.75399995    
        8100   3.61996293       3.78156137       3.75399995    
        8160   3.62271428       3.78508973       3.75399995    
        8220   3.63218522       3.78508973       3.75399995    
        8280   3.63242865       3.78807998       3.75399995    
        8340   3.64192867       3.78807998       3.75399995    
        8400   3.64192867       3.79238319       3.75399995    
        8460   3.65364289       3.79238319       3.75399995    
        8520   3.65364289       3.79879117       3.75399995    
        8580   3.66882133       3.79879117       3.75399995    
        8640   3.66882133       3.80532098       3.75399995    
        8700   3.67170382       3.80532098       3.75399995    
        8760   3.67170382       3.81104350       3.75399995    
        8820   3.67078567       3.81104350       3.75399995    
        8880   3.67814803       3.81595373       3.75399995    
        8940   3.67814803       3.81595373       3.75399995    
        9000   3.69107151       3.81891394       3.75399995    
        9060   3.68874073       3.81891394       3.75399995    
        9120   3.68835711       3.82063961       3.75399995    
        9180   3.69400001       3.82063961       3.75399995    
        9240   3.69582152       3.82166219       3.75399995    
        9300   3.70866656       3.82166219       3.75399995    
        9360   3.70678568       3.82433343       3.75399995    
        9420   3.71070361       3.82433343       3.75399995    
        9480   3.71028566       3.82995939       3.75399995    
        9540   3.72192597       3.82995939       3.75399995    
        9600   3.71692848       3.83518767       3.75399995    
        9660   3.71692848       3.83518767       3.75399995    
        9720   3.71692848       3.83789611       3.75399995    
        9780   3.71194839       3.83789611       3.75399995    
        9840   3.69651794       3.83936930       3.75399995    
        9900   3.69651794       3.83936930       3.75399995    
        9960   3.70761108       3.84087324       3.75399995    
       10020   3.70761108       3.84087324       3.75399995    
       10080   3.71240377       3.84216523       3.75399995    
       10140   3.71240377       3.84216523       3.75399995    
       10200   3.72058010       3.84357572       3.75399995    
       10260   3.72058010       3.84357572       3.75399995    
       10320   3.72797918       3.84579659       3.75399995    
       10380   3.72797918       3.84579659       3.75399995    
       10440   3.73863053       3.84827185       3.75399995    
       10500   3.73863053       3.84827185       3.75399995    
       10560   3.75170445       3.85045052       3.75399995    
       10620   3.75170445       3.85045052       3.75399995    
       10680   3.75449991       3.85225987       4.03999996    
       10740   3.75449991       3.85225987       4.03999996    
       10800   3.76311374       3.85323620       4.03999996    
       10860   3.74916673       3.85323620       4.03999996    
       10920   3.74916673       3.85294890       4.03999996    
       10980   3.74040484       3.85294890       4.03999996    
       11040   3.73434091       3.85084701       4.03999996    
       11100   3.73307133       3.85084701       4.03999996    
       11160   3.73307133       3.84768605       4.03999996    
       11220   3.73117495       3.84768605       4.03999996    
       11280   3.72726202       3.84416342       4.03999996    
       11340   3.72312498       3.84416342       4.03999996    
       11400   3.71930957       3.84013367       4.03999996    
       11460   3.72132492       3.84013367       4.03999996    
       11520   3.72802639       3.83553243       4.03999996    
       11580   3.75422502       3.83553243       4.03999996    
       11640   3.72718430       3.82991385       4.03999996    
       11700   3.72718430       3.82991385       4.03999996    
       11760   3.72442508       3.82348776       4.03999996    
       11820   3.72586846       3.82348776       4.03999996    
       11880   3.72542500       3.81701732       4.03999996    
       11940   3.72997379       3.81701732       4.03999996    
       12000   3.73286843       3.81118608       4.03999996    
       12060   3.73286843       3.81118608       4.03999996    
       12120   3.73639464       3.80575681       4.03999996    
       12180   3.73639464       3.80575681       4.03999996    
       12240   3.72797227       3.80045581       4.03999996    
       12300   3.72797227       3.80045581       4.03999996    
       12360   3.72797227       3.79518986       4.03999996    
       12420   3.72797227       3.79518986       4.03999996    
       12480   3.73041677       3.78950357       4.03999996    
       12540   3.73707891       3.78950357       4.03999996    
       12600   3.73707891       3.78345323       4.03999996    
       12660   3.72024989       3.78345323       4.03999996    
       12720   3.72024989       3.77686810       4.03999996    
       12780   3.72273540       3.77686810       4.03999996    
       12840   3.72273540       3.76873302       4.03999996    
       12900   3.72134376       3.76873302       4.03999996    
       12960   3.72134376       3.76024055       4.03999996    
       13020   3.72569990       3.76024055       4.03999996    
       13080   3.72569990       3.75235081       4.03999996    
       13140   3.72760725       3.75235081       4.03999996    
       13200   3.72760725       3.74499297       4.03999996    
       13260   3.73880768       3.74499297       4.03999996    
       13320   3.73880768       3.73771763       4.03999996    
       13380   3.73880768       3.73771763       4.03999996    
       13440   3.75266671       3.73080230       4.03999996    
       13500   3.82746148       3.73080230       4.03999996    
       13560   3.82221437       3.72433758       4.03999996    
       13620   3.82221437       3.72433758       4.03999996    
       13680   3.81706667       3.71820068       4.03999996    
       13740   3.81181240       3.71820068       4.03999996    
       13800   3.81181240       3.71256113       4.03999996    
       13860   3.80347061       3.71256113       4.03999996    
       13920   3.80347061       3.70721555       4.03999996    
       13980   3.79472232       3.70721555       4.03999996    
       14040   3.79472232       3.70147371       4.03999996    
       14100   3.78147364       3.70147371       4.03999996    
       14160   3.78147364       3.69533229       4.03999996    
       14220   3.77570009       3.69533229       4.03999996    
       14280   3.77570009       3.68887353       3.91125011    
       14340   3.77570009       3.68887353       3.91125011    
       14400   3.78423810       3.68284082       3.91125011    
       14460   3.77624989       3.68284082       3.91125011    
       14520   3.76680946       3.67822194       3.91125011    
       14580   3.76680946       3.67822194       3.91125011    
       14640   3.76466656       3.67459512       3.91125011    
       14700   3.77255011       3.67459512       3.91125011    
       14760   3.76061916       3.67154694       3.91125011    
       14820   3.76061916       3.67154694       3.91125011    
       14880   3.74918175       3.66839623       3.91125011    
       14940   3.75395226       3.66839623       3.91125011    
       15000   3.74409080       3.66503644       3.91125011    
       15060   3.73990917       3.66503644       3.91125011    
       15120   3.73990917       3.66170025       3.91125011    
       15180   3.75104356       3.66170025       3.91125011    
       15240   3.72827268       3.65841961       3.91125011    
       15300   3.72827268       3.65841961       3.91125011    
       15360   3.71900010       3.65476418       3.91125011    
       15420   3.72113633       3.65476418       3.91125011    
       15480   3.71191311       3.65116048       3.91125011    
       15540   3.71168184       3.65116048       3.91125011    
       15600   3.70217395       3.64789367       3.91125011    
       15660   3.70218182       3.64789367       3.91125011    
       15720   3.69060874       3.64517736       3.91125011    
       15780   3.68968177       3.64517736       3.91125011    
       15840   3.67686963       3.64256430       3.91125011    
       15900   3.67686963       3.64256430       3.91125011    
       15960   3.65995836       3.63991594       3.91125011    
       16020   3.65240002       3.63991594       3.91125011    
       16080   3.65240002       3.63715482       3.91125011    
       16140   3.65083337       3.63715482       3.91125011    
       16200   3.64779162       3.63459277       3.91125011    
       16260   3.64779162       3.63459277       3.91125011    
       16320   3.64000010       3.63185263       3.91125011    
       16380   3.64000010       3.63185263       3.91125011    
       16440   3.63415384       3.62830305       3.91125011    
       16500   3.62870359       3.62830305       3.91125011    
       16560   3.62870359       3.62481380       3.91125011    
       16620   3.62328577       3.62481380       3.91125011    
       16680   3.62328577       3.62149239       3.91125011    
       16740   3.61731029       3.62149239       3.91125011    
       16800   3.61731029       3.61784697       3.91125011    
       16860   3.60706663       3.61784697       3.91125011    
       16920   3.60706663       3.61393356       3.91125011    
       16980   3.61032248       3.61393356       3.91125011    
       17040   3.61032248       3.61039090       3.91125011    
       17100   3.59862494       3.61039090       3.91125011    
       17160   3.56229043       3.60712409       3.91125011    
       17220   3.55590010       3.60712409       3.91125011    
       17280   3.54570961       3.60399389       3.91125011    
       17340   3.53906655       3.60399389       3.91125011    
       17400   3.52293324       3.60121322       3.91125011    
       17460   3.51396775       3.60121322       3.91125011    
       17520   3.50876665       3.59845662       3.91125011    
       17580   3.50022578       3.59845662       3.91125011    
       17640   3.49536657       3.59596848       3.91125011    
       17700   3.49536657       3.59596848       3.91125011    
       17760   3.49372411       3.59402061       3.91125011    
       17820   3.48683333       3.59402061       3.91125011    
       17880   3.48065519       3.59225988       3.78399992    
       17940   3.48065519       3.59225988       3.78399992    
       18000   3.48023343       3.59058046       3.78399992    
       18060   3.46386218       3.59058046       3.78399992    
       18120   3.45496678       3.58884048       3.78399992    
       18180   3.44109988       3.58884048       3.78399992    
       18240   3.44109988       3.58697081       3.78399992    
       18300   3.42923331       3.58697081       3.78399992    
       18360   3.42923331       3.58564258       3.78399992    
       18420   3.41840005       3.58564258       3.78399992    
       18480   3.41840005       3.58474159       3.78399992    
       18540   3.40626669       3.58474159       3.78399992    
       18600   3.40626669       3.58389878       3.78399992    
       18660   3.39070010       3.58389878       3.78399992    
       18720   3.38517237       3.58299875       3.78399992    
       18780   3.38706660       3.58299875       3.78399992    
       18840   3.36606908       3.58196330       3.78399992    
       18900   3.35660005       3.58196330       3.78399992    
       18960   3.35660005       3.58058453       3.78399992    
       19020   3.35113788       3.58058453       3.78399992    
       19080   3.34286666       3.57947898       3.78399992    
       19140   3.33713794       3.57947898       3.78399992    
       19200   3.33073330       3.57896614       3.78399992    
       19260   3.32513785       3.57896614       3.78399992    
       19320   3.32053328       3.57839394       3.78399992    
       19380   3.31655169       3.57839394       3.78399992    
       19440   3.31346655       3.57718110       3.78399992    
       19500   3.31065512       3.57718110       3.78399992    
       19560   3.30356669       3.57550645       3.78399992    
       19620   3.29949999       3.57550645       3.78399992    
       19680   3.29358625       3.57368422       3.78399992    
       19740   3.29358625       3.57368422       3.78399992    
       19800   3.30049992       3.57203555       3.78399992    
       19860   3.28382754       3.57203555       3.78399992    
       19920   3.28040004       3.57070279       3.78399992    
       19980   3.27444839       3.57070279       3.78399992    
       20040   3.27139997       3.56936622       3.78399992    
       20100   3.26393104       3.56936622       3.78399992    
       20160   3.25427580       3.56806326       3.78399992    
       20220   3.25427580       3.56806326       3.78399992    
       20280   3.24579310       3.56703258       3.78399992    
       20340   3.24579310       3.56703258       3.78399992    
       20400   3.23796558       3.56639242       3.78399992    
       20460   3.23639989       3.56639242       3.78399992    
       20520   3.23386216       3.56616163       3.78399992    
       20580   3.25209999       3.56616163       3.78399992    
       20640   3.23637938       3.56580973       3.78399992    
       20700   3.23637938       3.56580973       3.78399992    
       20760   3.24031043       3.56518817       3.78399992    
       20820   3.24031043       3.56518817       3.78399992    
       20880   3.24480009       3.56468749       3.78399992    
       20940   3.24496555       3.56468749       3.78399992    
       21000   3.25000000       3.56462789       3.78399992    
       21060   3.25003457       3.56462789       3.78399992    
       21120   3.25617242       3.56475782       3.78399992    
       21180   3.25617242       3.56475782       3.78399992    
       21240   3.26513791       3.56523371       3.78399992    
       21300   3.26513791       3.56523371       3.78399992    
       21360   3.27209997       3.56557226       3.78399992    
       21420   3.28538704       3.56557226       3.78399992    
       21480   3.28533340       3.56540275       3.50099993    
       21540   3.28533340       3.56540275       3.50099993    
       21600   3.28533340       3.56507826       3.50099993    
       21660   3.27903438       3.56507826       3.50099993    
       21720   3.27903438       3.56483126       3.50099993    
       21780   3.28196430       3.56483126       3.50099993    
       21840   3.28640747       3.56454945       3.50099993    
       21900   3.28640747       3.56454945       3.50099993    
       21960   3.29023075       3.56400490       3.50099993    
       22020   3.29023075       3.56400490       3.50099993    
       22080   3.29396009       3.56287837       3.50099993    
       22140   3.29396009       3.56287837       3.50099993    
       22200   3.30016661       3.56155539       3.50099993    
       22260   3.30016661       3.56155539       3.50099993    
       22320   3.31017399       3.56055975       3.50099993    
       22380   3.31017399       3.56055975       3.50099993    
       22440   3.30418181       3.55999136       3.50099993    
       22500   3.30418181       3.55999136       3.50099993    
       22560   3.31476188       3.56002259       3.50099993    
       22620   3.31476188       3.56002259       3.50099993    
       22680   3.31476188       3.56075883       3.50099993    
       22740   3.32535005       3.56075883       3.50099993    
       22800   3.32535005       3.56181836       3.50099993    
       22860   3.33484221       3.56181836       3.50099993    
       22920   3.33484221       3.56288600       3.50099993    
       22980   3.34305549       3.56288600       3.50099993    
       23040   3.34305549       3.56395531       3.50099993    
       23100   3.35005879       3.56395531       3.50099993    
       23160   3.35005879       3.56498814       3.50099993    
       23220   3.36581254       3.56498814       3.50099993    
       23280   3.38026667       3.56621385       3.50099993    
       23340   3.38026667       3.56621385       3.50099993    
       23400   3.49562502       3.56780672       3.50099993    
       23460   3.50950003       3.56780672       3.50099993    
       23520   3.50950003       3.56960464       3.50099993    
       23580   3.54306245       3.56960464       3.50099993    
       23640   3.54306245       3.57133174       3.50099993    
       23700   3.56706667       3.57133174       3.50099993    
       23760   3.56706667       3.57326341       3.50099993    
       23820   3.59278560       3.57326341       3.50099993    
       23880   3.59278560       3.57532096       3.50099993    
       23940   3.62061548       3.57532096       3.50099993    
       24000   3.62061548       3.57688212       3.50099993    
       24060   3.70776916       3.57688212       3.50099993    
       24120   3.75083327       3.57836390       3.50099993    
       24180   3.75083327       3.57836390       3.50099993    
       24240   3.74809098       3.57985950       3.50099993    
       24300   3.80920839       3.57985950       3.50099993    
       24360   3.80920839       3.58163977       3.50099993    
       24420   3.85095453       3.58163977       3.50099993    
       24480   3.87387490       3.58399725       3.50099993    
       24540   3.94145823       3.58399725       3.50099993    
       24600   3.94145823       3.58677197       3.50099993    
       24660   4.00970840       3.58677197       3.50099993    
       24720   4.00970840       3.58955359       3.50099993    
       24780   4.07870817       3.58955359       3.50099993    
       24840   4.07870817       3.59212828       3.50099993    
       24900   4.13095474       3.59212828       3.50099993    
       24960   4.13762522       3.59437299       3.50099993    
       25020   4.22029161       3.59437299       3.50099993    
       25080   4.26904535       3.59651899       5.22599983    
       25140   4.26904535       3.59651899       5.22599983    
       25200   4.30795813       3.59889579       5.22599983    
       25260   4.30795813       3.59889579       5.22599983    
       25320   4.30711555       3.60142565       5.22599983    
       25380   4.30711555       3.60142565       5.22599983    
       25440   4.30846405       3.60395408       5.22599983    
       25500   4.30846405       3.60395408       5.22599983    
       25560   4.31010008       3.60674357       5.22599983    
       25620   4.31010008       3.60674357       5.22599983    
       25680   4.31134367       3.60988092       5.22599983    
       25740   4.31134367       3.60988092       5.22599983    
       25800   4.31314707       3.61341453       5.22599983    
       25860   4.32202768       3.61341453       5.22599983    
       25920   4.32202768       3.61676884       5.22599983    
       25980   4.36560535       3.61676884       5.22599983    
       26040   4.36560535       3.61962509       5.22599983    
       26100   4.36167479       3.61962509       5.22599983    
       26160   4.36167479       3.62176299       5.22599983    
       26220   4.35559511       3.62176299       5.22599983    
       26280   4.35559511       3.62346220       5.22599983    
       26340   4.35559511       3.62346220       5.22599983    
       26400   4.34743166       3.62507963       5.22599983    
       26460   4.34743166       3.62507963       5.22599983    
       26520   4.34084797       3.62668610       5.22599983    
       26580   4.33622932       3.62668610       5.22599983    
       26640   4.33622932       3.62840414       5.22599983    
       26700   4.33298016       3.62840414       5.22599983    
       26760   4.33298016       3.63045955       5.22599983    
       26820   4.33867311       3.63045955       5.22599983    
       26880   4.33867311       3.63271070       5.22599983    
       26940   4.33867311       3.63271070       5.22599983    
       27000   4.35405540       3.63487458       5.22599983    
       27060   4.32051945       3.63487458       5.22599983    
       27120   4.34098101       3.63688469       5.22599983    
       27180   4.34098101       3.63688469       5.22599983    
       27240   4.36255789       3.63889980       5.22599983    
       27300   4.36101866       3.63889980       5.22599983    
       27360   4.36101866       3.64144015       5.22599983    
       27420   4.36001778       3.64144015       5.22599983    
       27480   4.36001778       3.64440632       5.22599983    
       27540   4.35815525       3.64440632       5.22599983    
       27600   4.35815525       3.64740372       5.22599983    
       27660   4.36121655       3.64740372       5.22599983    
       27720   4.36139679       3.65030026       5.22599983    
       27780   4.38518333       3.65030026       5.22599983    
       27840   4.38518333       3.65279984       5.22599983    
       27900   4.38518333       3.65279984       5.22599983    
       27960   4.37913322       3.65517092       5.22599983    
       28020   4.37913322       3.65517092       5.22599983    
       28080   4.37783861       3.65766406       5.22599983    
       28140   4.38712883       3.65766406       5.22599983    
       28200   4.39383316       3.66008115       5.22599983    
       28260   4.39580631       3.66008115       5.22599983    
       28320   4.40183353       3.66216135       5.22599983    
       28380   4.40451622       3.66216135       5.22599983    
       28440   4.40963316       3.66395116       5.22599983    
       28500   4.41606474       3.66395116       5.22599983    
       28560   4.41606474       3.66559005       5.22599983    
       28620   4.43377399       3.66559005       5.22599983    
       28680   4.43270016       3.66723013       4.75400019    
       28740   4.43270016       3.66723013       4.75400019    
       28800   4.45387077       3.66865158       4.75400019    
       28860   4.44741917       3.66865158       4.75400019    
       28920   4.44741917       3.67011142       4.75400019    
       28980   4.45458078       3.67011142       4.75400019    
       29040   4.45458078       3.67193985       4.75400019    
       29100   4.46216106       3.67193985       4.75400019    
       29160   4.46216106       3.67395663       4.75400019    
       29220   4.46646690       3.67395663       4.75400019    
       29280   4.47125816       3.67615867       4.75400019    
       29340   4.48287106       3.67615867       4.75400019    
       29400   4.48287106       3.67843914       4.75400019    
       29460   4.50083876       3.67843914       4.75400019    
       29520   4.50176668       3.68018174       4.75400019    
       29580   4.53793526       3.68018174       4.75400019    
       29640   4.51753330       3.68153548       4.75400019    
       29700   4.51753330       3.68153548       4.75400019    
       29760   4.53359985       3.68271852       4.75400019    
       29820   4.53359985       3.68271852       4.75400019    
       29880   4.55156660       3.68381476       4.75400019    
       29940   4.55156660       3.68381476       4.75400019    
       30000   4.55851603       3.68519926       4.75400019    
       30060   4.57126665       3.68519926       4.75400019    
       30120   4.57783890       3.68681121       4.75400019    
       30180   4.59056664       3.68681121       4.75400019    
       30240   4.61000013       3.68841863       4.75400019    
       30300   4.61000013       3.68841863       4.75400019    
       30360   4.63283348       3.68972325       4.75400019    
       30420   4.65241957       3.68972325       4.75400019    
       30480   4.65813351       3.69072866       4.75400019    
       30540   4.65813351       3.69072866       4.75400019    
       30600   4.68567753       3.69198203       4.75400019    
       30660   4.68340015       3.69198203       4.75400019    
       30720   4.69258070       3.69380307       4.75400019    
       30780   4.70716667       3.69380307       4.75400019    
       30840   4.71570969       3.69619513       4.75400019    
       30900   4.73026657       3.69619513       4.75400019    
       30960   4.75279999       3.69900489       4.75400019    
       31020   4.75279999       3.69900489       4.75400019    
       31080   4.77463341       3.70143390       4.75400019    
       31140   4.77463341       3.70143390       4.75400019    
       31200   4.79610014       3.70342255       4.75400019    
       31260   4.81003237       3.70342255       4.75400019    
       31320   4.82203341       3.70563340       4.75400019    
       31380   4.86009693       3.70563340       4.75400019    
       31440   4.85293341       3.70822978       4.75400019    
       31500   4.85293341       3.70822978       4.75400019    
       31560   4.85958052       3.71092558       4.75400019    
       31620   4.88532257       3.71092558       4.75400019    
       31680   4.88532257       3.71363378       4.75400019    
       31740   4.90967751       3.71363378       4.75400019    
       31800   4.92619991       3.71622753       4.75400019    
       31860   4.93206453       3.71622753       4.75400019    
       31920   4.94796658       3.71842790       4.75400019    
       31980   4.95348406       3.71842790       4.75400019    
       32040   4.96910000       3.72026968       4.75400019    
       32100   4.97787094       3.72026968       4.75400019    
       32160   4.99016666       3.72195029       4.75400019    
       32220   5.00780630       3.72195029       4.75400019    
       32280   5.01606655       3.72405887       5.51200008    
       32340   5.01606655       3.72405887       5.51200008    
       32400   5.04380655       3.72628856       5.51200008    
       32460   5.04230022       3.72628856       5.51200008    
       32520   5.06813335       3.72837782       5.51200008    
       32580   5.06813335       3.72837782       5.51200008    
       32640   5.09513330       3.73027182       5.51200008    
       32700   5.09513330       3.73027182       5.51200008    
       32760   5.12099981       3.73106384       5.51200008    
       32820   5.12099981       3.73106384       5.51200008    
       32880   5.12945175       3.73133922       5.51200008    
       32940   5.14659977       3.73133922       5.51200008    
       33000   5.17036676       3.73174381       5.51200008    
       33060   5.18525791       3.73174381       5.51200008    
       33120   5.19479990       3.73206592       5.51200008    
       33180   5.23438692       3.73206592       5.51200008    
       33240   5.22143316       3.73266387       5.51200008    
       33300   5.22143316       3.73266387       5.51200008    
       33360   5.22641945       3.73386526       5.51200008    
       33420   5.24166679       3.73386526       5.51200008    
       33480   5.24703217       3.73549867       5.51200008    
       33540   5.26283312       3.73549867       5.51200008    
       33600   5.26632261       3.73733950       5.51200008    
       33660   5.28296661       3.73733950       5.51200008    
       33720   5.28574181       3.73840880       5.51200008    
       33780   5.30276680       3.73840880       5.51200008    
       33840   5.30419350       3.73918962       5.51200008    
       33900   5.32056665       3.73918962       5.51200008    
       33960   5.32651615       3.73995352       5.51200008    
       34020   5.35132265       3.73995352       5.51200008    
       34080   5.35503340       3.74078274       5.51200008    
       34140   5.35503340       3.74078274       5.51200008    
       34200   5.37332249       3.74172592       5.51200008    
       34260   5.36870003       3.74172592       5.51200008    
       34320   5.36677408       3.74256015       5.51200008    
       34380   5.37880659       3.74256015       5.51200008    
       34440   5.37880659       3.74287581       5.51200008    
       34500   5.39180660       3.74287581       5.51200008    
       34560   5.39180660       3.74243641       5.51200008    
       34620   5.40461302       3.74243641       5.51200008    
       34680   5.40461302       3.74120259       5.51200008    
       34740   5.41754818       3.74120259       5.51200008    
       34800   5.41754818       3.74012899       5.51200008    
       34860   5.44141912       3.74012899       5.51200008    
       34920   5.44853354       3.73898244       5.51200008    
       34980   5.48416138       3.73898244       5.51200008    
       35040   5.46689987       3.73779392       5.51200008    
       35100   5.46612883       3.73779392       5.51200008    
       35160   5.46612883       3.73608708       5.51200008    
       35220   5.48006439       3.73608708       5.51200008    
       35280   5.49280024       3.73454833       5.51200008    
       35340   5.49312925       3.73454833       5.51200008    
       35400   5.50643349       3.73393059       5.51200008    
       35460   5.50658083       3.73393059       5.51200008    
       35520   5.51986647       3.73392916       5.51200008    
       35580   5.51790333       3.73392916       5.51200008    
       35640   5.53119993       3.73457670       5.51200008    
       35700   5.52806473       3.73457670       5.51200008    
       35760   5.53763342       3.73581886       5.51200008    
       35820   5.54970980       3.73581886       5.51200008    
       35880   5.55013323       3.73735905       5.92199993    
       35940   5.55013323       3.73735905       5.92199993    
       36000   5.56183863       3.73871231       5.92199993    
       36060   5.55136681       3.73871231       5.92199993    
       36120   5.54096794       3.74027324       5.92199993    
       36180   5.54863310       3.74027324       5.92199993    
       36240   5.53593540       3.74220991       5.92199993    
       36300   5.54283333       3.74220991       5.92199993    
       36360   5.53064537       3.74436641       5.92199993    
       36420   5.53709984       3.74436641       5.92199993    
       36480   5.52425814       3.74766493       5.92199993    
       36540   5.52896690       3.74766493       5.92199993    
       36600   5.51625824       3.75178075       5.92199993    
       36660   5.51687098       3.75178075       5.92199993    
       36720   5.51303339       3.75568962       5.92199993    
       36780   5.53654861       3.75568962       5.92199993    
       36840   5.50703335       3.75933194       5.92199993    
       36900   5.50703335       3.75933194       5.92199993    
       36960   5.49677420       3.76253724       5.92199993    
       37020   5.50080013       3.76253724       5.92199993    
       37080   5.49300003       3.76545095       5.92199993    
       37140   5.49583340       3.76545095       5.92199993    
       37200   5.48835468       3.76823425       5.92199993    
       37260   5.49226665       3.76823425       5.92199993    
       37320   5.48516130       3.77089477       5.92199993    
       37380   5.48903322       3.77089477       5.92199993    
       37440   5.48116112       3.77335596       5.92199993    
       37500   5.48563337       3.77335596       5.92199993    
       37560   5.48112917       3.77538610       5.92199993    
       37620   5.48548365       3.77538610       5.92199993    
       37680   5.47803354       3.77744150       5.92199993    
       37740   5.47803354       3.77744150       5.92199993    
       37800   5.48967743       3.77968359       5.92199993    
       37860   5.47526646       3.77968359       5.92199993    
       37920   5.46612883       3.78217721       5.92199993    
       37980   5.47136688       3.78217721       5.92199993    
       38040   5.46540022       3.78502941       5.92199993    
       38100   5.46540022       3.78502941       5.92199993    
       38160   5.45790005       3.78829956       5.92199993    
       38220   5.45790005       3.78829956       5.92199993    
       38280   5.44876671       3.79211140       5.92199993    
       38340   5.44876671       3.79211140       5.92199993    
       38400   5.43926668       3.79710150       5.92199993    
       38460   5.43829012       3.79710150       5.92199993    
       38520   5.42990017       3.80237913       5.92199993    
       38580   5.45622587       3.80237913       5.92199993    
       38640   5.41966677       3.80755091       5.92199993    
       38700   5.41054821       3.80755091       5.92199993    
       38760   5.40946674       3.81275988       5.92199993    
       38820   5.40183878       3.81275988       5.92199993    
       38880   5.39886665       3.81841159       5.92199993    
       38940   5.39148378       3.81841159       5.92199993    
       39000   5.38776684       3.82422018       5.92199993    
       39060   5.38776684       3.82422018       5.92199993    
       39120   5.37803316       3.82917595       5.92199993    
       39180   5.37241936       3.82917595       5.92199993    
       39240   5.36953354       3.83357310       5.92199993    
       39300   5.36370945       3.83357310       5.92199993    
       39360   5.36136675       3.83735275       5.92199993    
       39420   5.36816120       3.83735275       5.92199993    
       39480   5.35003328       3.84064603       5.83900023    
       39540   5.35003328       3.84064603       5.83900023    
       39600   5.36280632       3.84387898       5.83900023    
       39660   5.34446669       3.84387898       5.83900023    
       39720   5.33790302       3.84727097       5.83900023    
       39780   5.34153318       3.84727097       5.83900023    
       39840   5.33438730       3.85096121       5.83900023    
       39900   5.34036684       3.85096121       5.83900023    
       39960   5.33445168       3.85478377       5.83900023    
       40020   5.34009981       3.85478377       5.83900023    
       40080   5.33429050       3.85917425       5.83900023    
       40140   5.34079981       3.85917425       5.83900023    
       40200   5.33603239       3.86349344       5.83900023    
       40260   5.34548378       3.86349344       5.83900023    
       40320   5.34293318       3.86776805       5.83900023    
       40380   5.36877441       3.86776805       5.83900023    
       40440   5.33966684       3.87224603       5.83900023    
       40500   5.33966684       3.87224603       5.83900023    
       40560   5.33406448       3.87739134       5.83900023    
       40620   5.33064508       3.87739134       5.83900023    
       40680   5.33064508       3.88324475       5.83900023    
       40740   5.32358074       3.88324475       5.83900023    
       40800   5.32358074       3.88886166       5.83900023    
       40860   5.31635475       3.88886166       5.83900023    
       40920   5.31635475       3.89454699       5.83900023    
       40980   5.31783342       3.89454699       5.83900023    
       41040   5.31032276       3.90117598       5.83900023    
       41100   5.31250000       3.90117598       5.83900023    
       41160   5.30916119       3.90827823       5.83900023    
       41220   5.31593561       3.90827823       5.83900023    
       41280   5.30513334       3.91620374       5.83900023    
       41340   5.30513334       3.91620374       5.83900023    
       41400   5.31858063       3.92437053       5.83900023    
       41460   5.29387093       3.92437053       5.83900023    
       41520   5.29387093       3.93261099       5.83900023    
       41580   5.29093552       3.93261099       5.83900023    
       41640   5.29093552       3.94065452       5.83900023    
       41700   5.29523325       3.94065452       5.83900023    
       41760   5.28861284       3.94895434       5.83900023    
       41820   5.29323339       3.94895434       5.83900023    
       41880   5.28812885       3.95713401       5.83900023    
       41940   5.28670979       3.95713401       5.83900023    
       42000   5.28670979       3.96484399       5.83900023    
       42060   5.29683876       3.96484399       5.83900023    
       42120   5.29309988       3.97107887       5.83900023    
       42180   5.31719351       3.97107887       5.83900023    
       42240   5.28623343       3.97631216       5.83900023    
       42300   5.28623343       3.97631216       5.83900023    
       42360   5.28319979       3.98148775       5.83900023    
       42420   5.27638721       3.98148775       5.83900023    
       42480   5.27983332       3.98638296       5.83900023    
       42540   5.27983332       3.98638296       5.83900023    
       42600   5.27496672       3.99124479       5.83900023    
       42660   5.26887083       3.99124479       5.83900023    
       42720   5.26887083       3.99603295       5.83900023    
       42780   5.26041937       3.99603295       5.83900023    
       42840   5.26230001       4.00080252       5.83900023    
       42900   5.25612926       4.00080252       5.83900023    
       42960   5.25836658       4.00569057       5.83900023    
       43020   5.26551628       4.00569057       5.83900023    
       43080   5.25530005       4.01100254       5.72200012    
       43140   5.25530005       4.01100254       5.72200012    
       43200   5.26958084       4.01660585       5.72200012    
       43260   5.25369978       4.01660585       5.72200012    
       43320   5.24632263       4.02227974       5.72200012    
       43380   5.24190331       4.02227974       5.72200012    
       43440   5.24190331       4.02782345       5.72200012    
       43500   5.23932266       4.02782345       5.72200012    
       43560   5.23932266       4.03297186       5.72200012    
       43620   5.23819351       4.03297186       5.72200012    
       43680   5.23819351       4.03828526       5.72200012    
       43740   5.24079990       4.03828526       5.72200012    
       43800   5.23719358       4.04346466       5.72200012    
       43860   5.24587107       4.04346466       5.72200012    
       43920   5.23979998       4.04861164       5.72200012    
       43980   5.27354860       4.04861164       5.72200012    
       44040   5.24453354       4.05336618       5.72200012    
       44100   5.24453354       4.05336618       5.72200012    
       44160   5.24477434       4.05766010       5.72200012    
       44220   5.24739981       4.05766010       5.72200012    
       44280   5.25326681       4.06179667       5.72200012    
       44340   5.25326681       4.06179667       5.72200012    
       44400   5.26036644       4.06564760       5.72200012    
       44460   5.26036644       4.06564760       5.72200012    
       44520   5.26940012       4.06995487       5.72200012    
       44580   5.26940012       4.06995487       5.72200012    
       44640   5.27003241       4.07448912       5.72200012    
       44700   5.27619982       4.07448912       5.72200012    
       44760   5.27667761       4.07768965       5.72200012    
       44820   5.29261303       4.07768965       5.72200012    
       44880   5.28383350       4.08055067       5.72200012    
       44940   5.28383350       4.08055067       5.72200012    
       45000   5.35674191       4.08283091       5.72200012    
       45060   5.33690310       4.08283091       5.72200012    
       45120   5.34569979       4.08485508       5.72200012    
       45180   5.34569979       4.08485508       5.72200012    
       45240   5.34689999       4.08718061       5.72200012    
       45300   5.34689999       4.08718061       5.72200012    
       45360   5.35451603       4.09037447       5.72200012    
       45420   5.37696791       4.09037447       5.72200012    
       45480   5.37696791       4.09327698       5.72200012    
       45540   5.39316130       4.09327698       5.72200012    
       45600   5.40373325       4.09603643       5.72200012    
       45660   5.41129017       4.09603643       5.72200012    
       45720   5.41106653       4.09890842       5.72200012    
       45780   5.41106653       4.09890842       5.72200012    
       45840   5.38937950       4.10265160       5.72200012    
       45900   5.41893339       4.10265160       5.72200012    
       45960   5.41051626       4.10598564       5.72200012    
       46020   5.42266655       4.10598564       5.72200012    
       46080   5.42409992       4.10875940       5.72200012    
       46140   5.42409992       4.10875940       5.72200012    
       46200   5.41435480       4.11151361       5.72200012    
       46260   5.42736673       4.11151361       5.72200012    
       46320   5.42686653       4.11436701       5.72200012    
       46380   5.42686653       4.11436701       5.72200012    
       46440   5.42876673       4.11689758       5.72200012    
       46500   5.42876673       4.11689758       5.72200012    
       46560   5.43063354       4.11988592       5.72200012    
       46620   5.42803240       4.11988592       5.72200012    
       46680   5.42630005       4.12312269       7.54400015    
       46740   5.42630005       4.12312269       7.54400015    
       46800   5.43048382       4.12627220       7.54400015    
       46860   5.42156649       4.12627220       7.54400015    
       46920   5.40648365       4.12972403       7.54400015    
       46980   5.41919994       4.12972403       7.54400015    
       47040   5.41683340       4.13357925       7.54400015    
       47100   5.41683340       4.13357925       7.54400015    
       47160   5.41406679       4.13753796       7.54400015    
       47220   5.41406679       4.13753796       7.54400015    
       47280   5.41126680       4.14173174       7.54400015    
       47340   5.41126680       4.14173174       7.54400015    
       47400   5.39958048       4.14547300       7.54400015    
       47460   5.40951633       4.14547300       7.54400015    
       47520   5.40776682       4.14872503       7.54400015    
       47580   5.43377399       4.14872503       7.54400015    
       47640   5.40536690       4.15170622       7.54400015    
       47700   5.39838696       4.15170622       7.54400015    
       47760   5.39838696       4.15527773       7.54400015    
       47820   5.39593554       4.15527773       7.54400015    
       47880   5.39593554       4.15958881       7.54400015    
       47940   5.39325809       4.15958881       7.54400015    
       48000   5.39325809       4.16359663       7.54400015    
       48060   5.39793348       4.16359663       7.54400015    
       48120   5.39083862       4.16774464       7.54400015    
       48180   5.39349985       4.16774464       7.54400015    
       48240   5.38629055       4.17209005       7.54400015    
       48300   5.38719368       4.17209005       7.54400015    
       48360   5.38719368       4.17644978       7.54400015    
       48420   5.39364529       4.17644978       7.54400015    
       48480   5.38333321       4.18176317       7.54400015    
       48540   5.38333321       4.18176317       7.54400015    
       48600   5.39222574       4.18774271       7.54400015    
       48660   5.32049990       4.18774271       7.54400015    
       48720   5.31876659       4.19430780       7.54400015    
       48780   5.31876659       4.19430780       7.54400015    
       48840   5.31125784       4.20102978       7.54400015    
       48900   5.31706667       4.20102978       7.54400015    
       48960   5.31135464       4.20688057       7.54400015    
       49020   5.30229998       4.20688057       7.54400015    
       49080   5.28113317       4.21202374       7.54400015    
       49140   5.28113317       4.21202374       7.54400015    
       49200   5.26480007       4.21692085       7.54400015    
       49260   5.27154827       4.21692085       7.54400015    
       49320   5.25933313       4.22223902       7.54400015    
       49380   5.28900003       4.22223902       7.54400015    
       49440   5.28900003       4.22796011       7.54400015    
       49500   5.28900003       4.22796011       7.54400015    
       49560   5.25274181       4.23421097       7.54400015    
       49620   5.25589991       4.23421097       7.54400015    
       49680   5.25080633       4.24163961       7.54400015    
       49740   5.25533342       4.24163961       7.54400015    
       49800   5.25109673       4.25035286       7.54400015    
       49860   5.25274181       4.25035286       7.54400015    
       49920   5.25274181       4.25929976       7.54400015    
       49980   5.25735474       4.25929976       7.54400015    
       50040   5.25735474       4.26887703       7.54400015    
       50100   5.26996756       4.26887703       7.54400015    
       50160   5.26996756       4.27928972       7.54400015    
       50220   5.28745174       4.27928972       7.54400015    
       50280   5.28536654       4.28963995       5.65899992    
       50340   5.28536654       4.28963995       5.65899992    
       50400   5.30203247       4.29937983       5.65899992    
       50460   5.29356670       4.29937983       5.65899992    
       50520   5.28909683       4.30899429       5.65899992    
       50580   5.29464531       4.30899429       5.65899992    
       50640   5.29464531       4.31746292       5.65899992    
       50700   5.30296755       4.31746292       5.65899992    
       50760   5.30296755       4.32554102       5.65899992    
       50820   5.31267738       4.32554102       5.65899992    
       50880   5.31267738       4.33357477       5.65899992    
       50940   5.31987095       4.33357477       5.65899992    
       51000   5.31987095       4.34147549       5.65899992    
       51060   5.33951616       4.34147549       5.65899992    
       51120   5.33626652       4.34909201       5.65899992    
       51180   5.36716127       4.34909201       5.65899992    
       51240   5.33893347       4.35758209       5.65899992    
       51300   5.33893347       4.35758209       5.65899992    
       51360   5.34236670       4.36717367       5.65899992    
       51420   5.34236670       4.36717367       5.65899992    
       51480   5.34666681       4.37752008       5.65899992    
       51540   5.34666681       4.37752008       5.65899992    
       51600   5.35113335       4.38822889       5.65899992    
       51660   5.35113335       4.38822889       5.65899992    
       51720   5.35206461       4.39817524       5.65899992    
       51780   5.35786676       4.39817524       5.65899992    
       51840   5.35900021       4.40783978       5.65899992    
       51900   5.36530018       4.40783978       5.65899992    
       51960   5.37566662       4.41661119       5.65899992    
       52020   5.39532280       4.41661119       5.65899992    
       52080   5.39213324       4.42537785       5.65899992    
       52140   5.39213324       4.42537785       5.65899992    
       52200   5.41196775       4.43544674       5.65899992    
       52260   5.40373325       4.43544674       5.65899992    
       52320   5.40174198       4.44591904       5.65899992    
       52380   5.41330004       4.44591904       5.65899992    
       52440   5.41154861       4.45481968       5.65899992    
       52500   5.42240000       4.45481968       5.65899992    
       52560   5.42058086       4.46280575       5.65899992    
       52620   5.42993355       4.46280575       5.65899992    
       52680   5.42719364       4.47110605       5.65899992    
       52740   5.43639994       4.47110605       5.65899992    
       52800   5.43251610       4.48057032       5.65899992    
       52860   5.45067739       4.48057032       5.65899992    
       52920   5.44990015       4.49188709       5.65899992    
       52980   5.48038721       4.49188709       5.65899992    
       53040   5.45709991       4.50374556       5.65899992    
       53100   5.45709991       4.50374556       5.65899992    
       53160   5.45090342       4.51451492       5.65899992    
       53220   5.46086645       4.51451492       5.65899992    
       53280   5.45577431       4.52457666       5.65899992    
       53340   5.46770000       4.52457666       5.65899992    
       53400   5.46309662       4.53435278       5.65899992    
       53460   5.47440004       4.53435278       5.65899992    
       53520   5.47983313       4.54208994       5.65899992    
       53580   5.47983313       4.54208994       5.65899992    
       53640   5.48320007       4.54842806       5.65899992    
       53700   5.48320007       4.54842806       5.65899992    
       53760   5.48383331       4.55438280       5.65899992    
       53820   5.49458075       4.55438280       5.65899992    
       53880   5.48876667       4.56052637       6.00699997    
       53940   5.48876667       4.56052637       6.00699997    
       54000   5.50683880       4.56555462       6.00699997    
       54060   5.49700022       4.56555462       6.00699997    
       54120   5.49325800       4.57134008       6.00699997    
       54180   5.50453329       4.57134008       6.00699997    
       54240   5.51403332       4.57780218       6.00699997    
       54300   5.51403332       4.57780218       6.00699997    
       54360   5.52333355       4.58396101       6.00699997    
       54420   5.52333355       4.58396101       6.00699997    
       54480   5.52976656       4.58958960       6.00699997    
       54540   5.52976656       4.58958960       6.00699997    
       54600   5.53403330       4.59446526       6.00699997    
       54660   5.53545141       4.59446526       6.00699997    
       54720   5.53136683       4.59968853       6.00699997    
       54780   5.56038713       4.59968853       6.00699997    
       54840   5.53593349       4.60638380       6.00699997    
       54900   5.52829027       4.60638380       6.00699997    
       54960   5.52829027       4.61242294       6.00699997    
       55020   5.52874184       4.61242294       6.00699997    
       55080   5.52874184       4.61800814       6.00699997    
       55140   5.52919340       4.61800814       6.00699997    
       55200   5.52919340       4.62361813       6.00699997    
       55260   5.53649998       4.62361813       6.00699997    
       55320   5.52877426       4.62924337       6.00699997    
       55380   5.52625799       4.62924337       6.00699997    
       55440   5.52625799       4.63622093       6.00699997    
       55500   5.52500010       4.63622093       6.00699997    
       55560   5.52500010       4.64249659       6.00699997    
       55620   5.52658081       4.64249659       6.00699997    
       55680   5.51130009       4.64917278       6.00699997    
       55740   5.51130009       4.64917278       6.00699997    
       55800   5.52277422       4.65581131       6.00699997    
       55860   5.50663328       4.65581131       6.00699997    
       55920   5.49599981       4.66133118       6.00699997    
       55980   5.50113344       4.66133118       6.00699997    
       56040   5.49029016       4.66607046       6.00699997    
       56100   5.49466658       4.66607046       6.00699997    
       56160   5.48406458       4.67212868       6.00699997    
       56220   5.48799992       4.67212868       6.00699997    
       56280   5.47832251       4.67934895       6.00699997    
       56340   5.48276663       4.67934895       6.00699997    
       56400   5.47358084       4.68646622       6.00699997    
       56460   5.47748375       4.68646622       6.00699997    
       56520   5.46973324       4.69358253       6.00699997    
       56580   5.49406433       4.69358253       6.00699997    
       56640   5.46403313       4.69797277       6.00699997    
       56700   5.46403313       4.69797277       6.00699997    
       56760   5.45629025       4.70200348       6.00699997    
       56820   5.45638704       4.70200348       6.00699997    
       56880   5.45638704       4.70620394       6.00699997    
       56940   5.45687103       4.70620394       6.00699997    
       57000   5.45687103       4.70896578       6.00699997    
       57060   5.45677423       4.70896578       6.00699997    
       57120   5.45677423       4.71193171       6.00699997    
       57180   5.45706463       4.71193171       6.00699997    
       57240   5.45706463       4.71594238       6.00699997    
       57300   5.46180010       4.71594238       6.00699997    
       57360   5.46180010       4.72106647       6.00699997    
       57420   5.47266674       4.72106647       6.00699997    
       57480   5.46079302       4.72840786       5.86700010    
       57540   5.46079302       4.72840786       5.86700010    
       57600   5.47783327       4.73566628       5.86700010    
       57660   5.45303345       4.73566628       5.86700010    
       57720   5.45303345       4.74393511       5.86700010    
       57780   5.45551729       4.74393511       5.86700010    
       57840   5.45063353       4.75330114       5.86700010    
       57900   5.44796658       4.75330114       5.86700010    
       57960   5.44796658       4.76282978       5.86700010    
       58020   5.44306660       4.76282978       5.86700010    
       58080   5.44306660       4.77412701       5.86700010    
       58140   5.43823338       4.77412701       5.86700010    
       58200   5.43823338       4.78616667       5.86700010    
       58260   5.44873333       4.78616667       5.86700010    
       58320   5.44427586       4.79801655       5.86700010    
       58380   5.48203325       4.79801655       5.86700010    
       58440   5.44931030       4.80935955       5.86700010    
       58500   5.44820023       4.80935955       5.86700010    
       58560   5.45334482       4.81890202       5.86700010    
       58620   5.45226669       4.81890202       5.86700010    
       58680   5.45731020       4.83012199       5.86700010    
       58740   5.45856667       4.83012199       5.86700010    
       58800   5.46337938       4.84175539       5.86700010    
       58860   5.46379995       4.84175539       5.86700010    
       58920   5.46379995       4.85056925       5.86700010    
       58980   5.46955156       4.85056925       5.86700010    
       59040   5.47775841       4.85845518       5.86700010    
       59100   5.47775841       4.85845518       5.86700010    
       59160   5.48451710       4.86454296       5.86700010    
       59220   5.49616671       4.86454296       5.86700010    
       59280   5.48993111       4.87138367       5.86700010    
       59340   5.48993111       4.87138367       5.86700010    
       59400   5.50759983       4.87784672       5.86700010    
       59460   5.49146652       4.87784672       5.86700010    
       59520   5.49146652       4.88429451       5.86700010    
       59580   5.49919987       4.88429451       5.86700010    
       59640   5.49919987       4.89149761       5.86700010    
       59700   5.50673342       4.89149761       5.86700010    
       59760   5.50673342       4.89901590       5.86700010    
       59820   5.51848269       4.89901590       5.86700010    
       59880   5.51556683       4.90635014       5.86700010    
       59940   5.52409983       4.90635014       5.86700010    
       60000   5.52409983       4.91421890       5.86700010    
       60060   5.54156685       4.91421890       5.86700010    
       60120   5.54517221       4.92239857       5.86700010    
       60180   5.57849979       4.92239857       5.86700010    
       60240   5.55624151       4.92853880       5.86700010    
       60300   5.55624151       4.92853880       5.86700010    
       60360   5.55039978       4.93475866       5.86700010    
       60420   5.56165504       4.93475866       5.86700010    
       60480   5.56510353       4.94024563       5.86700010    
       60540   5.56510353       4.94024563       5.86700010    
       60600   5.56713772       4.94644737       5.86700010    
       60660   5.56713772       4.94644737       5.86700010    
       60720   5.56996536       4.95382404       5.86700010    
       60780   5.56996536       4.95382404       5.86700010    
       60840   5.57200003       4.96151304       5.86700010    
       60900   5.57200003       4.96151304       5.86700010    
       60960   5.57273340       4.97000217       5.86700010    
       61020   5.58383894       4.97000217       5.86700010    
