 20190211
 Seconds  Measures(WS-m/s)  Meso-NH(WS-m/s)  FORECAST_AR(WS-m/s)
        3660   8.48606586       9.98616505       8.52863503    
        3720   8.49803257       9.99945545       8.53427601    
        3780   8.51327896       10.0137463       8.52285194    
        3840   8.52311516       10.0273314       8.49502182    
        3900   8.56606579       10.0311747       8.46154213    
        3960   8.63245869       10.0169868       8.43675804    
        4020   8.63377094       9.98740482       8.43568325    
        4080   8.67590141       9.95619106       8.45917034    
        4140   8.69114780       9.93891335       8.49925041    
        4200   8.70754051       9.94308567       8.55017471    
        4260   8.69426250       9.96810532       8.60267735    
        4320   8.70458984       10.0088120       8.65104294    
        4380   8.70950794       10.0568810       8.69579601    
        4440   8.70049191       10.1021013       8.73786354    
        4500   8.70229530       10.1423950       8.77847672    
        4560   8.68000031       10.1840658       8.81215096    
        4620   8.71967220       10.2281456       8.84171486    
        4680   8.73147583       10.2669010       8.87138462    
        4740   8.75098324       10.2932148       8.89994335    
        4800   8.79245949       10.3054342       8.93116951    
        4860   8.79245949       10.3138762       8.96356869    
        4920   8.80360699       10.3311815       8.99166489    
        4980   8.81786919       10.3548632       9.01823711    
        5040   8.82475376       10.3741026       9.04059029    
        5100   8.84000015       10.3870554       9.05734062    
        5160   8.79327869       10.3969927       9.07135487    
        5220   8.81934452       10.4020395       9.07300949    
        5280   8.81032753       10.4025583       9.05608368    
        5340   8.81655693       10.3988686       9.02992535    
        5400   8.82032776       10.3820248       9.00458622    
        5460   8.86213112       10.3463497       8.99228954    
        5520   8.91213131       10.3002930       8.98684025    
        5580   8.94786930       10.2556210       8.98867035    
        5640   8.98934460       10.2175207       8.98970222    
        5700   9.00409794       10.1870298       8.97916317    
        5760   9.01918030       10.1639366       8.95372868    
        5820   9.02704906       10.1439276       8.91681767    
        5880   9.05344296       10.1173534       8.87867928    
        5940   9.08672142       10.0772839       8.84668159    
        6000   9.09163952       10.0248556       8.82710361    
        6060   9.13049221       9.96531963       8.83538723    
        6120   9.16409874       9.90422344       8.87455368    
        6180   9.17229462       9.85110378       8.92292881    
        6240   9.18213081       9.82415581       8.96523285    
        6300   9.18295097       9.83485794       9.00326347    
        6360   9.20213127       9.86767387       9.04789639    
        6420   9.19196701       9.89635563       9.08810425    
        6480   9.21245861       9.91627312       9.10689640    
        6540   9.22098351       9.93779945       9.10064030    
        6600   9.22672176       9.96031380       9.08150101    
        6660   9.21819687       9.96993446       9.06511688    
        6720   9.21245861       9.95776463       9.05653572    
        6780   9.26868820       9.92884064       9.05418873    
        6840   9.35393429       9.89509201       9.05957603    
        6900   9.36573792       9.86309719       9.07441521    
        6960   9.37344265       9.83402824       9.10076332    
        7020   9.41688538       9.81123352       9.14157104    
        7080   9.44229507       9.80103970       9.19111633    
        7140   9.49639320       9.80754948       9.23769188    
        7200   9.51311493       9.83015442       9.27107716    
        7260   9.56639385       9.86150455       9.67446136    
        7320   9.60540962       9.89023876       9.70970726    
        7380   9.67622948       9.90740299       9.73497963    
        7440   9.72704887       9.91093731       9.75780964    
        7500   9.77901649       9.90289116       9.78030109    
        7560   9.80442619       9.88552761       9.79662323    
        7620   9.81868839       9.86147690       9.80733490    
        7680   9.83049202       9.83369160       9.80866718    
        7740   9.83163929       9.80326176       9.79654980    
        7800   9.85540962       9.76786232       9.77785301    
        7860   9.87917995       9.72416592       9.73894119    
        7920   9.95475388       9.67025375       9.69145679    
        7980   10.0034428       9.60587788       9.64034462    
        8040   10.0521307       9.53163338       9.59556389    
        8100   10.1026230       9.44896793       9.57276726    
        8160   10.1608200       9.36046314       9.57985020    
        8220   10.1936064       9.27585220       9.59462261    
        8280   10.2465572       9.21137619       9.59899044    
        8340   10.2957373       9.17660809       9.58170033    
        8400   10.3336067       9.16042995       9.55642414    
        8460   10.3393440       9.13675404       9.53654099    
        8520   10.3791800       9.09252262       9.52637100    
        8580   10.4275408       9.03870773       9.52923965    
        8640   10.4718037       8.99244690       9.53444099    
        8700   10.4949179       8.96087074       9.53805733    
        8760   10.5468855       8.94120312       9.53672123    
        8820   10.6080332       8.92665100       9.53299332    
        8880   10.6273775       8.91084766       9.54818344    
        8940   10.6355734       8.89174747       9.58742809    
        9000   10.6719675       8.87585831       9.65096951    
        9060   10.6924591       8.87391567       9.73806763    
        9120   10.6604919       8.89213181       9.82480335    
        9180   10.6370487       8.93110657       9.90041733    
        9240   10.5873766       8.98951435       9.95776367    
        9300   10.5529509       9.05809689       10.0202112    
        9360   10.5504913       9.11978054       10.1012716    
        9420   10.5004921       9.16813946       10.1945963    
        9480   10.4713116       9.21755505       10.2852230    
        9540   10.4663935       9.28779984       10.3677483    
        9600   10.4790163       9.37716293       10.4263706    
        9660   10.5050821       9.46583176       10.4534283    
        9720   10.4932785       9.53793621       10.4441996    
        9780   10.4744263       9.58471584       10.4184484    
        9840   10.4944258       9.59471607       10.4191046    
        9900   10.5080328       9.56324577       10.4526138    
        9960   10.5121307       9.51797676       10.5001507    
       10020   10.5716391       9.50191498       10.5349274    
       10080   10.6019669       9.52432823       10.5645552    
       10140   10.6347542       9.56260490       10.6110487    
       10200   10.6757374       9.59901047       10.6719542    
       10260   10.7114754       9.63657284       10.7296772    
       10320   10.7547541       9.69265461       10.7746067    
       10380   10.7880325       9.76636219       10.8088608    
       10440   10.8036070       9.83512688       10.8382673    
       10500   10.7732782       9.88381004       10.8627033    
       10560   10.8019676       9.91505909       10.8802519    
       10620   10.8044262       9.93538952       10.8890820    
       10680   10.8080330       9.94904518       10.8890123    
       10740   10.8457375       9.95998859       10.8918772    
       10800   10.8437700       9.96636677       10.9031763    
       10860   10.8568850       9.96642590       10.8660421    
       10920   10.8445902       9.96924782       10.8751144    
       10980   10.8462296       9.98514557       10.8880978    
       11040   10.8290167       10.0128870       10.9058256    
       11100   10.8286886       10.0484095       10.9224720    
       11160   10.8286886       10.0918503       10.9331856    
       11220   10.8372135       10.1424627       10.9403362    
       11280   10.8080330       10.1937742       10.9482327    
       11340   10.8650818       10.2375278       10.9648581    
       11400   10.8778687       10.2725840       10.9856415    
       11460   10.8699999       10.3057947       11.0114288    
       11520   10.8798361       10.3469095       11.0402489    
       11580   10.8481970       10.4003983       11.0645494    
       11640   10.8626232       10.4630194       11.0722351    
       11700   10.8486881       10.5279331       11.0589552    
       11760   10.8560658       10.5872021       11.0261068    
       11820   10.8429508       10.6298380       10.9733801    
       11880   10.8511477       10.6438780       10.9341698    
       11940   10.8547544       10.6263590       10.9178095    
       12000   10.8711472       10.5942097       10.9256535    
       12060   10.8916397       10.5740595       10.9572620    
       12120   10.9149179       10.5786505       10.9954519    
       12180   10.9119673       10.6045504       11.0377188    
       12240   10.9152460       10.6430168       11.0755386    
       12300   10.9013119       10.6874247       11.1183548    
       12360   10.9160652       10.7346659       11.1676702    
       12420   10.9070492       10.7856426       11.2166033    
       12480   10.8947544       10.8436661       11.2644548    
       12540   10.9163933       10.9083109       11.2984133    
       12600   10.9422951       10.9733114       11.3187122    
       12660   10.9455738       11.0297337       11.3194094    
       12720   10.9496717       11.0684156       11.2972956    
       12780   10.9870491       11.0844069       11.2530222    
       12840   11.0116396       11.0788746       11.1929798    
       12900   11.0550823       11.0598211       11.1285610    
       12960   11.0345898       11.0346785       11.0539713    
       13020   11.0350819       11.0035563       10.9692144    
       13080   11.0904922       10.9589367       10.8897276    
       13140   11.1590166       10.8945637       10.8266649    
       13200   11.1814756       10.8219595       10.7717533    
       13260   11.1708193       10.7606583       10.7334595    
       13320   11.1693439       10.7166033       10.7112188    
       13380   11.1881971       10.6843300       10.6976023    
       13440   11.2029505       10.6620626       10.6735382    
       13500   11.2234430       10.6516876       10.6206026    
       13560   11.2636070       10.6429329       10.5516863    
       13620   11.2988529       10.6135769       10.4833002    
       13680   11.2852459       10.5550947       10.4324474    
       13740   11.2877045       10.4844427       10.4044647    
       13800   11.2904921       10.4219122       10.3871469    
       13860   11.2934427       10.3796530       10.3797359    
       13920   11.2860651       10.3556747       10.3874207    
       13980   11.3045902       10.3476782       10.4066191    
       14040   11.3024588       10.3585939       10.4286184    
       14100   11.2888527       10.3855648       10.4475412    
       14160   11.2921314       10.4181490       10.4642305    
       14220   11.2752457       10.4465113       10.4790955    
       14280   11.2949181       10.4665499       10.4925604    
       14340   11.2896719       10.4814157       10.5015764    
       14400   11.2549181       10.4982967       10.5027971    
       14460   11.2449179       10.5184336       11.2534809    
       14520   11.2416391       10.5317564       11.2602463    
       14580   11.2531147       10.5330648       11.2671871    
       14640   11.2436066       10.5329037       11.2828522    
       14700   11.2170496       10.5397453       11.3097258    
       14760   11.2121315       10.5502501       11.3501406    
       14820   11.2109833       10.5605402       11.3928394    
       14880   11.2008200       10.5762100       11.4287472    
       14940   11.2168856       10.6048574       11.4675837    
       15000   11.1959019       10.6430979       11.5014954    
       15060   11.1972132       10.6793842       11.5398312    
       15120   11.1886883       10.7059536       11.5805683    
       15180   11.1608200       10.7268019       11.6252499    
       15240   11.1473770       10.7527304       11.6831799    
       15300   11.1072130       10.7888184       11.7610483    
       15360   11.0872135       10.8349447       11.8441458    
       15420   11.0585241       10.8955259       11.9224024    
       15480   11.0408201       10.9738331       11.9899178    
       15540   11.0372133       11.0603504       12.0420151    
       15600   10.9959021       11.1372528       12.0849724    
       15660   10.9745903       11.1946535       12.1063137    
       15720   10.9372129       11.2340136       12.1001186    
       15780   10.9188528       11.2587156       12.0708742    
       15840   10.9004917       11.2670193       12.0256405    
       15900   10.8819675       11.2544527       11.9725933    
       15960   10.8431149       11.2215099       11.9028015    
       16020   10.8078690       11.1743469       11.8262691    
       16080   10.7862291       11.1174994       11.7520800    
       16140   10.7827873       11.0540447       11.6778202    
       16200   10.7373772       10.9890594       11.6027336    
       16260   10.6922951       10.9254055       11.5179749    
       16320   10.6652460       10.8627605       11.4277134    
       16380   10.6532784       10.7976494       11.3398170    
       16440   10.6273775       10.7238178       11.2674303    
       16500   10.6147537       10.6413727       11.2201157    
       16560   10.6259012       10.5644197       11.1890287    
       16620   10.6644258       10.5076332       11.1640968    
       16680   10.6881971       10.4733973       11.1423473    
       16740   10.7045898       10.4543047       11.1168976    
       16800   10.6881971       10.4406252       11.0906086    
       16860   10.6480331       10.4256992       11.0698156    
       16920   10.6321316       10.4089499       11.0504160    
       16980   10.6054096       10.3941402       11.0351925    
       17040   10.5762291       10.3819304       11.0192623    
       17100   10.5622950       10.3697691       11.0014572    
       17160   10.5221310       10.3573656       10.9795532    
       17220   10.4901638       10.3464050       10.9442501    
       17280   10.4545898       10.3363400       10.8943548    
       17340   10.4078684       10.3194180       10.8288193    
       17400   10.3849182       10.2887650       10.7457056    
       17460   10.3419676       10.2408333       10.6522160    
       17520   10.3075409       10.1742096       10.5565920    
       17580   10.2791805       10.0923920       10.4664850    
       17640   10.2401638       10.0034037       10.3843088    
       17700   10.2078686       9.91504860       10.3079052    
       17760   10.1701641       9.83092022       10.2364941    
       17820   10.1378689       9.75248623       10.1668549    
       17880   10.1314754       9.67953205       10.1033297    
       17940   10.1011477       9.60799217       10.0542545    
       18000   10.0785246       9.53691578       10.0254316    
       18060   10.0481968       9.47326279       9.99665642    
       18120   10.0229511       9.42610550       9.99280167    
       18180   10.0024586       9.39849186       9.99701595    
       18240   9.97672176       9.38547802       10.0058498    
       18300   9.95426273       9.38154030       10.0115976    
       18360   9.92885208       9.38440228       10.0090580    
       18420   9.89721298       9.38915634       9.99564075    
       18480   9.86590195       9.38678169       9.98235226    
       18540   9.84836102       9.37186813       9.97712612    
       18600   9.81852436       9.34785748       9.96533680    
       18660   9.79934406       9.32293320       9.94256401    
       18720   9.78458977       9.29995632       9.90425968    
       18780   9.78409863       9.27197075       9.86308479    
       18840   9.78245926       9.22937107       9.83198547    
       18900   9.76836109       9.17316055       9.80389214    
       18960   9.75278664       9.11467934       9.78367615    
       19020   9.77442646       9.05959892       9.77588844    
       19080   9.79983616       9.00944233       9.77467442    
       19140   9.81459045       8.97264290       9.77988720    
       19200   9.81754112       8.95506191       9.78375435    
       19260   9.83295059       8.95045376       9.79233742    
       19320   9.82557392       8.94813919       9.81369400    
       19380   9.82639313       8.94347477       9.83338642    
       19440   9.81819630       8.94251919       9.85214138    
       19500   9.83950806       8.95393848       9.86744976    
       19560   9.84852505       8.97570038       9.88426208    
       19620   9.89311504       8.99728489       9.91343498    
       19680   9.91196728       9.01390076       9.94550610    
       19740   9.93245888       9.03135109       9.97681332    
       19800   9.95262337       9.05621433       10.0112438    
       19860   9.98786926       9.08677197       10.0504656    
       19920   10.0222950       9.11812973       10.1034365    
       19980   10.0419674       9.15135288       10.1586618    
       20040   10.0547543       9.19134617       10.2081089    
       20100   10.0749178       9.23952675       10.2532587    
       20160   10.0822954       9.29097080       10.2927904    
       20220   10.0740986       9.33788681       10.3270206    
       20280   10.0678692       9.37832832       10.3508835    
       20340   10.0268850       9.41533566       10.3635921    
       20400   10.0063934       9.44861507       10.3754978    
       20460   9.99852467       9.47333527       10.3873072    
       20520   9.97360611       9.48734856       10.4003820    
       20580   9.96000004       9.49629784       10.4161205    
       20640   9.93459034       9.50610447       10.4312935    
       20700   9.91704941       9.51738930       10.4526005    
       20760   9.90147495       9.52888775       10.4801483    
       20820   9.89573765       9.54225254       10.5139933    
       20880   9.87032795       9.56232929       10.5573874    
       20940   9.85016346       9.59237289       10.6106300    
       21000   9.83950806       9.63232708       10.6755323    
       21060   9.80344296       9.68256569       10.7471809    
       21120   9.76081944       9.74248219       10.8168774    
       21180   9.72360611       9.81177044       10.8863506    
       21240   9.66672134       9.88918304       10.9599724    
       21300   9.61934471       9.96773148       11.0400534    
       21360   9.58688545       10.0426750       11.1217670    
       21420   9.55901623       10.1170111       11.1957731    
       21480   9.53147507       10.1953335       11.2587996    
       21540   9.51049137       10.2769213       11.3039770    
       21600   9.48672104       10.3538275       11.3261089    
       21660   9.48229504       10.4184141       9.48490715    
       21720   9.48721313       10.4657459       9.43621826    
       21780   9.48344231       10.4906979       9.38684654    
       21840   9.47442627       10.4904985       9.34143066    
       21900   9.46377087       10.4704151       9.29869461    
       21960   9.46081924       10.4451170       9.26057053    
       22020   9.47967243       10.4279423       9.22729683    
       22080   9.49442577       10.4214191       9.19701385    
       22140   9.49377060       10.4255075       9.16819763    
       22200   9.49540997       10.4385538       9.13770103    
       22260   9.49409866       10.4563293       9.11554623    
       22320   9.48918056       10.4752131       9.11989212    
       22380   9.48950863       10.4928684       9.13510704    
       22440   9.48704910       10.5177326       9.15270042    
       22500   9.49360657       10.5609522       9.16843033    
       22560   9.50393486       10.6159039       9.17207527    
       22620   9.51081944       10.6716537       9.16505051    
       22680   9.48016357       10.7241058       9.14437580    
       22740   9.45508194       10.7653818       9.11017609    
       22800   9.43704891       10.7932711       9.07689571    
       22860   9.41606522       10.8128033       9.05403137    
       22920   9.39770508       10.8213987       9.02709484    
       22980   9.38262272       10.8222980       8.98469734    
       23040   9.36295128       10.8259010       8.93826485    
       23100   9.34278679       10.8297071       8.91141987    
       23160   9.31360626       10.8240995       8.90420437    
       23220   9.27590179       10.8142290       8.89566231    
       23280   9.22721291       10.8154964       8.87245655    
       23340   9.20016384       10.8318052       8.84981441    
       23400   9.16327858       10.8494864       8.84279728    
       23460   9.12262249       10.8553410       8.83806229    
       23520   9.07426262       10.8554249       8.82457829    
       23580   9.03770447       10.8655233       8.80893707    
       23640   9.00163937       10.8827066       8.79973316    
       23700   8.97213078       10.8894787       8.79773235    
       23760   8.93770504       10.8869209       8.79189110    
       23820   8.91049194       10.8903637       8.77771187    
       23880   8.88704872       10.9018011       8.76251888    
       23940   8.87475395       10.9123421       8.75869274    
       24000   8.88295078       10.9179716       8.76983356    
       24060   8.86393452       10.9224491       8.78688335    
       24120   8.86639309       10.9337292       8.81051254    
       24180   8.89131165       10.9542837       8.84304333    
       24240   8.91147518       10.9770536       8.87506580    
       24300   8.93852425       11.0005178       8.90086079    
       24360   8.96590137       11.0306597       8.91917610    
       24420   8.97983646       11.0625401       8.93452740    
       24480   8.98885250       11.0871210       8.94821167    
       24540   9.00688553       11.1021719       8.95146561    
       24600   9.01786900       11.1124334       8.94512177    
       24660   9.04082012       11.1216602       8.93108654    
       24720   9.08295059       11.1232557       8.90920258    
       24780   9.12639332       11.1122017       8.88918400    
       24840   9.15786839       11.0926142       8.87837791    
       24900   9.20409870       11.0701189       8.87203979    
       24960   9.24868870       11.0475092       8.86981297    
       25020   9.27524567       11.0260181       8.87544823    
       25080   9.30393410       11.0048380       8.88440895    
       25140   9.32819653       10.9862375       8.89392567    
       25200   9.33967209       10.9793320       8.90961933    
       25260   9.35606575       10.9825411       9.37102127    
       25320   9.35393429       10.9884205       9.39773464    
       25380   9.35475445       10.9995451       9.43604660    
       25440   9.35147572       11.0213251       9.47520542    
       25500   9.33917999       11.0525312       9.50698376    
       25560   9.32885265       11.0877581       9.53076839    
       25620   9.30229473       11.1216402       9.54748631    
       25680   9.28458977       11.1496944       9.56314278    
       25740   9.26459026       11.1662788       9.58133507    
       25800   9.25393486       11.1728983       9.60272789    
       25860   9.23950863       11.1761293       9.63794994    
       25920   9.22770500       11.1788568       9.67829514    
       25980   9.21000004       11.1849394       9.70921040    
       26040   9.18213081       11.1941891       9.74350643    
       26100   9.15344238       11.2007933       9.77679539    
       26160   9.13573742       11.2052383       9.79634666    
       26220   9.12311459       11.2128887       9.80290413    
       26280   9.11213112       11.2236042       9.79950333    
       26340   9.10426235       11.2311172       9.79454803    
       26400   9.09000015       11.2278175       9.79991341    
       26460   9.07409859       11.2154341       9.80766010    
       26520   9.05196762       11.2052937       9.80683041    
       26580   9.02327824       11.1972809       9.80575180    
       26640   9.00360680       11.1818953       9.82219315    
       26700   8.98852444       11.1592245       9.85727596    
       26760   8.98475456       11.1418581       9.88586235    
       26820   8.96836090       11.1395464       9.90095139    
       26880   8.95852470       11.1457376       9.92131615    
       26940   8.95639324       11.1468220       9.95499706    
       27000   8.94196701       11.1419230       9.98139095    
       27060   8.92508221       11.1457520       9.98419189    
       27120   8.91737747       11.1621189       9.98236656    
       27180   8.91377068       11.1695747       9.99644852    
       27240   8.89950848       11.1587677       10.0214624    
       27300   8.88852501       11.1458645       10.0471172    
       27360   8.87245941       11.1407471       10.0656004    
       27420   8.86213112       11.1407919       10.0796385    
       27480   8.85360622       11.1447878       10.0994883    
       27540   8.84836102       11.1519785       10.1327524    
       27600   8.83819675       11.1587067       10.1754866    
       27660   8.83524609       11.1660299       10.2081518    
       27720   8.83327866       11.1791363       10.2175608    
       27780   8.81360626       11.1991844       10.2074928    
       27840   8.80049133       11.2193127       10.1815557    
       27900   8.78032780       11.2219458       10.1428280    
       27960   8.77409840       11.1972799       10.0964031    
       28020   8.76262283       11.1585169       10.0484610    
       28080   8.74344254       11.1130629       10.0009785    
       28140   8.73655701       11.0591612       9.95748138    
       28200   8.72786903       10.9993811       9.92292023    
       28260   8.72377014       10.9380989       9.89250946    
       28320   8.71147537       10.8845377       9.86719894    
       28380   8.69098377       10.8413839       9.85617447    
       28440   8.68032742       10.8008566       9.85494232    
       28500   8.67245865       10.7640810       9.84912205    
       28560   8.66967201       10.7383318       9.83451271    
       28620   8.64508152       10.7195101       9.80795765    
       28680   8.63278675       10.6968412       9.76692390    
       28740   8.62704945       10.6635551       9.71863651    
       28800   8.61475372       10.6172266       9.67060184    
       28860   8.58573723       10.5632944       8.48316383    
       28920   8.55540943       10.5072355       8.48284340    
       28980   8.53704929       10.4488611       8.49914742    
       29040   8.52344227       10.3909121       8.52169132    
       29100   8.51032829       10.3415451       8.53841686    
       29160   8.50868893       10.3059826       8.55119228    
       29220   8.50918007       10.2830868       8.56676769    
       29280   8.50918007       10.2664022       8.58795547    
       29340   8.49409866       10.2513247       8.60877323    
       29400   8.48180294       10.2371302       8.62152958    
       29460   8.47934437       10.2247972       8.62739563    
       29520   8.48999977       10.2146797       8.61973381    
       29580   8.49901676       10.2012520       8.59876347    
       29640   8.50770473       10.1765823       8.56825161    
       29700   8.52049160       10.1365767       8.53362465    
       29760   8.53655720       10.0837269       8.50222492    
       29820   8.54770470       10.0218954       8.48486805    
       29880   8.55459023       9.95574379       8.48871136    
       29940   8.56311512       9.89714527       8.50145149    
       30000   8.57377052       9.85735226       8.51307964    
       30060   8.57786846       9.83559799       8.51337624    
       30120   8.58524609       9.82592297       8.50132275    
       30180   8.60327911       9.81811714       8.48780823    
       30240   8.62213135       9.79651260       8.47954559    
       30300   8.62786865       9.75894547       8.47616577    
       30360   8.62819672       9.71639633       8.47297573    
       30420   8.63163948       9.67418098       8.46723557    
       30480   8.63573742       9.63366127       8.46550465    
       30540   8.63737679       9.59777451       8.46106911    
       30600   8.64098358       9.56665993       8.44567585    
       30660   8.65540981       9.53813362       8.42327404    
       30720   8.67262268       9.50875568       8.39910984    
       30780   8.68163967       9.47693443       8.36949062    
       30840   8.68606567       9.44233704       8.33255291    
       30900   8.69377041       9.40105343       8.29206562    
       30960   8.69934464       9.34675217       8.25720119    
       31020   8.70426273       9.27767944       8.23364353    
       31080   8.70508194       9.20272255       8.21641922    
       31140   8.70065594       9.13786983       8.19354057    
       31200   8.68377018       9.09267712       8.15738106    
       31260   8.66491795       9.05923080       8.11332512    
       31320   8.64114761       9.01780415       8.07529163    
       31380   8.62098408       8.95765018       8.05193138    
       31440   8.59393406       8.89289188       8.03483772    
       31500   8.56475449       8.84506512       8.02095413    
       31560   8.54147530       8.81371784       8.01497173    
       31620   8.51655769       8.78406334       8.01395226    
       31680   8.48950863       8.75696945       8.01191902    
       31740   8.47180367       8.73930264       8.01201153    
       31800   8.44508171       8.72558117       8.01916885    
       31860   8.42262268       8.70740223       8.03391552    
       31920   8.39524555       8.68619633       8.05420113    
       31980   8.37114716       8.67097569       8.07487774    
       32040   8.35196686       8.66775417       8.08968735    
       32100   8.32655716       8.67121506       8.09749985    
       32160   8.30032825       8.67239094       8.10240746    
       32220   8.27081966       8.66863346       8.10947609    
       32280   8.25360680       8.66213989       8.12387180    
       32340   8.22999954       8.65471077       8.14794636    
       32400   8.20426273       8.64711666       8.17664146    
       32460   8.18131161       8.64550781       8.16944695    
       32520   8.16770458       8.65759087       8.13999653    
       32580   8.15786839       8.67866611       8.09090233    
       32640   8.14098358       8.69370937       8.02172565    
       32700   8.11754131       8.68966007       7.93944788    
       32760   8.09426212       8.65981579       7.85653496    
       32820   8.06442642       8.60655308       7.78031254    
       32880   8.03442669       8.54350281       7.70974445    
       32940   8.01426220       8.48388767       7.64150953    
       33000   7.99901628       8.43078327       7.57394218    
       33060   7.97967196       8.38038445       7.50789881    
       33120   7.95377064       8.33057213       7.44059038    
       33180   7.92016411       8.28454971       7.37341738    
       33240   7.88573790       8.24267769       7.30865908    
       33300   7.85360670       8.20086670       7.24989319    
       33360   7.82278681       8.15646076       7.19262981    
       33420   7.78918028       8.10974026       7.13315296    
       33480   7.75524569       8.06243420       7.06873274    
       33540   7.71836042       8.01661682       6.99923277    
       33600   7.68147564       7.97180080       6.93321228    
       33660   7.65524578       7.92443085       6.88100338    
       33720   7.63065577       7.87353611       6.84529543    
       33780   7.60524607       7.82797766       6.81774569    
       33840   7.58393431       7.80016994       6.78499556    
       33900   7.55819654       7.78922081       6.73855925    
       33960   7.54049158       7.78275728       6.67348766    
       34020   7.52491808       7.76861906       6.59989071    
       34080   7.50639343       7.73799753       6.53547430    
       34140   7.48754120       7.68944073       6.48039865    
       34200   7.47770500       7.63316059       6.43412399    
       34260   7.46016407       7.57940626       6.39747906    
       34320   7.43131161       7.53317595       6.36764717    
       34380   7.39721298       7.50229549       6.34196758    
       34440   7.36032772       7.48998642       6.32083368    
       34500   7.32754087       7.48812771       6.30084229    
       34560   7.28819656       7.48759794       6.27626133    
       34620   7.25344276       7.48402452       6.24242878    
       34680   7.22032785       7.47423983       6.20332956    
       34740   7.18590164       7.45471525       6.16702271    
       34800   7.14688540       7.42675591       6.13977766    
       34860   7.11901617       7.39834785       6.12088633    
       34920   7.09393454       7.37749767       6.10525608    
       34980   7.07918024       7.36432886       6.09090853    
       35040   7.06901646       7.35328054       6.07691050    
       35100   7.06868839       7.34370422       6.05989552    
       35160   7.06754112       7.33885622       6.03503799    
       35220   7.06295061       7.33810377       6.00490713    
       35280   7.05606556       7.33445215       5.97701454    
       35340   7.04573774       7.32149076       5.95377493    
       35400   7.03311491       7.30206776       5.92852831    
       35460   7.02049160       7.28271389       5.89593458    
       35520   7.00360632       7.26251602       5.85842800    
       35580   6.97950840       7.23528242       5.82061148    
       35640   6.95114756       7.19995832       5.78265381    
       35700   6.92442608       7.16161680       5.74287653    
       35760   6.89114761       7.12291098       5.69941139    
       35820   6.86180305       7.08380175       5.65078688    
       35880   6.83672142       7.04520941       5.59400940    
       35940   6.81590176       7.00571394       5.52578878    
       36000   6.79819679       6.96009779       5.44929457    
       36060   6.77967215       6.90180206       6.68750525    
       36120   6.77508211       6.82936764       6.68081760    
       36180   6.76278687       6.75123835       6.68090582    
       36240   6.77262306       6.67850685       6.68496037    
       36300   6.78409815       6.61668682       6.68858194    
       36360   6.79327869       6.56559467       6.69096088    
       36420   6.80147552       6.52233791       6.69299650    
       36480   6.80508184       6.48379946       6.69117832    
       36540   6.80885267       6.44850779       6.68485785    
       36600   6.81868839       6.41571331       6.67338085    
       36660   6.82852459       6.38259220       6.65965223    
       36720   6.84327888       6.34687042       6.65052795    
       36780   6.85557365       6.30924129       6.64952755    
       36840   6.86180305       6.27282476       6.65353394    
       36900   6.86950827       6.24119329       6.65987539    
       36960   6.87737703       6.21627426       6.66055679    
       37020   6.88065577       6.19595337       6.65367460    
       37080   6.87311459       6.17447042       6.64199162    
       37140   6.87098360       6.14685631       6.63106251    
       37200   6.87508202       6.11328125       6.62227201    
       37260   6.86639357       6.07792091       6.61246824    
       37320   6.84475422       6.04448557       6.59859037    
       37380   6.83557367       6.01261234       6.58249092    
       37440   6.82327890       5.97919369       6.56927443    
       37500   6.80934429       5.94351339       6.56346464    
       37560   6.80311489       5.90758610       6.56997442    
       37620   6.79540968       5.87484169       6.58790112    
       37680   6.79049158       5.84965324       6.61000490    
       37740   6.78524590       5.83602762       6.62542105    
       37800   6.78032780       5.83265495       6.62568569    
       37860   6.76852465       5.83069515       6.61038351    
       37920   6.75836086       5.82091427       6.58570385    
       37980   6.74737692       5.79933119       6.56066370    
       38040   6.73639345       5.76777029       6.53908777    
       38100   6.72622967       5.73304367       6.51739883    
       38160   6.72131157       5.69929743       6.49383020    
       38220   6.72262287       5.66542673       6.46766567    
       38280   6.70704937       5.62849569       6.44018126    
       38340   6.69721317       5.58732319       6.41487360    
       38400   6.69885254       5.54315472       6.39542437    
       38460   6.70950842       5.49851656       6.38165522    
       38520   6.72147560       5.45712185       6.36905479    
       38580   6.73377037       5.42210674       6.35261488    
       38640   6.74360657       5.39243793       6.33431768    
       38700   6.75262308       5.36371994       6.31935215    
       38760   6.75672150       5.33420944       6.31100035    
       38820   6.76163912       5.30719185       6.31099129    
       38880   6.76786900       5.28681755       6.31645584    
       38940   6.77278709       5.27524424       6.32440519    
       39000   6.78639364       5.27063608       6.33381128    
       39060   6.80311489       5.26921177       6.34472227    
       39120   6.82114744       5.26896000       6.35438681    
       39180   6.84459019       5.26965094       6.35678625    
       39240   6.87737703       5.27170753       6.34894133    
       39300   6.91639328       5.27456427       6.33410025    
       39360   6.95409822       5.27406168       6.31575298    
       39420   6.99918032       5.26489592       6.29763031    
       39480   7.04295063       5.24817419       6.28489256    
       39540   7.08065557       5.23042774       6.27824688    
       39600   7.11163950       5.21531487       6.27259350    
       39660   7.14081955       5.20442629       7.16457653    
       39720   7.16459036       5.19827843       7.16564131    
       39780   7.17475414       5.19335985       7.16383839    
       39840   7.19409847       5.18504715       7.15969563    
       39900   7.18672132       5.17200708       7.15294886    
       39960   7.17442608       5.15503979       7.14429808    
       40020   7.16737700       5.13516903       7.13139057    
       40080   7.16065598       5.11404324       7.11444235    
       40140   7.16278696       5.09175348       7.09405279    
       40200   7.16065598       5.06643867       7.06885052    
       40260   7.14344263       5.03789330       7.04057312    
       40320   7.12016392       5.00643349       7.00936794    
       40380   7.09360647       4.97152567       6.97594690    
       40440   7.06606579       4.93265915       6.94101286    
       40500   7.04557371       4.88971519       6.90394115    
       40560   7.02590179       4.84296370       6.86383390    
       40620   7.00213099       4.79358912       6.82164431    
       40680   6.97918034       4.74319649       6.77640676    
       40740   6.96622944       4.69249296       6.72924566    
       40800   6.95196724       4.64080477       6.67971420    
       40860   6.93475389       4.58695650       6.62963247    
       40920   6.92754078       4.53014040       6.58257771    
       40980   6.92344284       4.47075272       6.53995800    
       41040   6.90885258       4.41158199       6.50311565    
       41100   6.89245892       4.35645962       6.46962309    
       41160   6.87393427       4.30780935       6.43473148    
       41220   6.85393429       4.26536036       6.39340258    
       41280   6.83868837       4.22594261       6.34312963    
       41340   6.83049202       4.18464422       6.28398085    
       41400   6.82426214       4.13744354       6.21837997    
       41460   6.82475424       4.08276987       6.15136194    
       41520   6.82262278       4.02177668       6.08723211    
       41580   6.82409859       3.95787072       6.02873468    
       41640   6.83360672       3.89534330       5.97585201    
       41700   6.84672117       3.83782029       5.92724085    
       41760   6.86508179       3.78706956       5.88082218    
       41820   6.87491798       3.74231434       5.83391523    
       41880   6.88508177       3.70105219       5.78444290    
       41940   6.90967226       3.66044283       5.73100853    
       42000   6.93049192       3.61816072       5.67316914    
       42060   6.94934416       3.57250762       5.61128664    
       42120   6.96950817       3.52214789       5.54759121    
       42180   6.98622942       3.46634746       5.48351526    
       42240   7.00049162       3.40613365       5.41946745    
       42300   7.00950813       3.34420609       5.35552406    
       42360   7.01245880       3.28339648       5.29247952    
       42420   7.00868845       3.22507453       5.23190737    
       42480   7.00180340       3.16934180       5.17426825    
       42540   6.98983622       3.11603045       5.11800861    
       42600   6.98409843       3.06566596       5.05991840    
       42660   6.98245907       3.01839352       4.99702883    
       42720   6.97918034       2.97260118       4.92800188    
       42780   6.97344255       2.92501521       4.85554600    
       42840   6.95950842       2.87216401       4.78588247    
       42900   6.94754076       2.81350136       4.72253036    
       42960   6.93442631       2.75379968       4.66273594    
       43020   6.92016411       2.69920707       4.60536337    
       43080   6.90754080       2.64999866       4.55220604    
       43140   6.89524603       2.60323000       4.50126696    
       43200   6.88426208       2.55959344       4.45116854    
       43260   6.87409830       2.51910305       6.81832600    
       43320   6.86131144       2.47962999       6.81746435    
       43380   6.85147524       2.44196963       6.82180452    
       43440   6.83721304       2.40933228       6.82755566    
       43500   6.83016396       2.38304567       6.83457804    
       43560   6.82163954       2.36163664       6.84282255    
       43620   6.81639338       2.34303260       6.85186243    
       43680   6.80950832       2.32635140       6.86360788    
       43740   6.80475426       2.31235409       6.87719440    
       43800   6.79442644       2.30274606       6.89461279    
       43860   6.79278708       2.29866076       6.91787815    
       43920   6.79688501       2.30009842       6.94705153    
       43980   6.80672121       2.30715942       6.98254538    
       44040   6.81770515       2.32064342       7.02193737    
       44100   6.82999992       2.34095645       7.06147623    
       44160   6.83737707       2.36709070       7.10039902    
       44220   6.84114742       2.39693975       7.13837290    
       44280   6.84524584       2.42854571       7.17625189    
       44340   6.84737682       2.46113253       7.21544552    
       44400   6.85426235       2.49505973       7.25564146    
       44460   6.85950804       2.53106332       7.29642677    
       44520   6.86114740       2.56953835       7.33610535    
       44580   6.86278677       2.61013842       7.37069416    
       44640   6.86475420       2.65154362       7.39926386    
       44700   6.86065578       2.69166088       7.42120123    
       44760   6.86147547       2.72844124       7.43731070    
       44820   6.86245918       2.76060200       7.45131397    
       44880   6.86245918       2.78807712       7.46541595    
       44940   6.86049175       2.81210780       7.48295593    
       45000   6.84786892       2.83502054       7.50604343    
       45060   6.82983589       2.85980058       7.53446198    
       45120   6.80393457       2.88927531       7.56723261    
       45180   6.78180313       2.92522311       7.60276461    
       45240   6.75491810       2.96790266       7.63882494    
       45300   6.72360659       3.01640034       7.67340899    
       45360   6.69327879       3.06922817       7.70361233    
       45420   6.66622972       3.12448049       7.72811413    
       45480   6.63885260       3.17965651       7.74636221    
       45540   6.60819674       3.23201203       7.75883436    
       45600   6.56967211       3.27941060       7.76726723    
       45660   6.53524590       3.32085586       7.77266645    
       45720   6.49475431       3.35651159       7.77513123    
       45780   6.45541000       3.38720393       7.77425098    
       45840   6.42065573       3.41355371       7.77036762    
       45900   6.38180351       3.43582439       7.76488018    
       45960   6.34081984       3.45476723       7.75868845    
       46020   6.30967236       3.47199798       7.75174093    
       46080   6.27852440       3.48910952       7.74327469    
       46140   6.25065565       3.50670433       7.73218727    
       46200   6.22278690       3.52414966       7.71900320    
       46260   6.19114733       3.54024553       7.70501280    
       46320   6.15016413       3.55454516       7.69070959    
       46380   6.11081982       3.56801701       7.67486286    
       46440   6.07065582       3.58191848       7.65559578    
       46500   6.03737688       3.59621191       7.63252258    
       46560   5.99770498       3.60940313       7.60624361    
       46620   5.95344257       3.61970997       7.57767630    
       46680   5.90459013       3.62633944       7.54788303    
       46740   5.85491800       3.62952709       7.51726389    
       46800   5.80770493       3.62995505       7.48631525    
       46860   5.76295090       3.62833095       5.68120098    
       46920   5.72327852       3.62532091       5.64090729    
       46980   5.68311453       3.62157106       5.60208273    
       47040   5.64327860       3.61766386       5.56367064    
       47100   5.60688543       3.61404228       5.52651739    
       47160   5.56475401       3.61097598       5.48965216    
       47220   5.53032780       3.60856223       5.45197439    
       47280   5.49590158       3.60670066       5.41476154    
       47340   5.46180344       3.60506344       5.37825871    
       47400   5.42852449       3.60340595       5.34258127    
       47460   5.39704895       3.60205722       5.30733204    
       47520   5.36590147       3.60164237       5.27037334    
       47580   5.34016371       3.60197568       5.23228645    
       47640   5.30934429       3.60173368       5.19314384    
       47700   5.27688503       3.59934711       5.15455532    
       47760   5.24590158       3.59412360       5.11717415    
       47820   5.21622944       3.58667684       5.08151531    
       47880   5.18590164       3.57841659       5.04867744    
       47940   5.15557384       3.57077241       5.01875162    
       48000   5.12803268       3.56485486       4.98947001    
       48060   5.10131168       3.56131268       4.95988083    
       48120   5.07065582       3.55990028       4.92694950    
       48180   5.03999996       3.55913377       4.88963604    
       48240   5.01081944       3.55677080       4.84881067    
       48300   4.98459005       3.55077553       4.80591249    
       48360   4.96491814       3.54013681       4.76349735    
       48420   4.94311476       3.52523994       4.72311115    
       48480   4.92016411       3.50762534       4.68341970    
       48540   4.89213133       3.48911977       4.64466381    
       48600   4.85934448       3.47078919       4.60443783    
       48660   4.82934427       3.45236611       4.56172943    
       48720   4.79901648       3.43266058       4.51755571    
       48780   4.77114773       3.41047001       4.47337914    
       48840   4.74459028       3.38534403       4.43193483    
       48900   4.72114754       3.35779905       4.39591980    
       48960   4.70327854       3.32945085       4.36786079    
       49020   4.68327856       3.30327892       4.34970903    
       49080   4.66032791       3.28307080       4.34219313    
       49140   4.64229488       3.27185774       4.34492970    
       49200   4.63032770       3.27128220       4.35679245    
       49260   4.63081980       3.28154898       4.37506962    
       49320   4.61852455       3.30146766       4.39644766    
       49380   4.61180305       3.32926559       4.41673660    
       49440   4.60098362       3.36260486       4.43303967    
       49500   4.58081961       3.39840341       4.44411707    
       49560   4.57016373       3.43316793       4.44988012    
       49620   4.56885242       3.46391630       4.45193529    
       49680   4.55311489       3.48915696       4.45178413    
       49740   4.54704905       3.50894117       4.45175362    
       49800   4.53672123       3.52417064       4.45484829    
       49860   4.52934408       3.53627801       4.46287155    
       49920   4.52114773       3.54738760       4.47590494    
       49980   4.50967216       3.56029058       4.49262094    
       50040   4.49163914       3.57746649       4.51201248    
       50100   4.47311497       3.59997821       4.53539228    
       50160   4.45393419       3.62745619       4.56367064    
       50220   4.43918037       3.65880823       4.59696865    
       50280   4.42475414       3.69369030       4.63464689    
       50340   4.41409826       3.73254514       4.67538500    
       50400   4.40918016       3.77526402       4.71793079    
       50460   4.39950800       3.82123137       4.42858791    
       50520   4.38885260       3.86954379       4.42251873    
       50580   4.37819672       3.91907573       4.42052603    
       50640   4.37049198       3.96863842       4.42018747    
       50700   4.36524582       4.01738501       4.42169189    
       50760   4.36262274       4.06518555       4.42250586    
       50820   4.35885239       4.11227322       4.42171383    
       50880   4.35557365       4.15826368       4.41970110    
       50940   4.34983587       4.20184278       4.41473341    
       51000   4.34327888       4.24171782       4.41030931    
       51060   4.33426237       4.27737474       4.41036558    
       51120   4.32557392       4.30930471       4.41706276    
       51180   4.31409836       4.33952570       4.43284750    
       51240   4.30180311       4.37194395       4.45006657    
       51300   4.29032803       4.41082811       4.46609735    
       51360   4.28098345       4.45757580       4.47901917    
       51420   4.27196741       4.50837898       4.48757887    
       51480   4.26344252       4.55846119       4.49164057    
       51540   4.25885248       4.60590410       4.48976517    
       51600   4.25885248       4.64940786       4.48123598    
       51660   4.26180315       4.68708038       4.46941471    
       51720   4.26180315       4.71775723       4.45487452    
       51780   4.26377058       4.74169683       4.44328976    
       51840   4.26688528       4.76048470       4.43641567    
       51900   4.26852465       4.77710676       4.43435478    
       51960   4.27016401       4.79514742       4.43769693    
       52020   4.27049160       4.81719398       4.44279051    
       52080   4.27131128       4.84388876       4.44756269    
       52140   4.27491808       4.87395906       4.45279169    
       52200   4.28032780       4.90537691       4.45696974    
       52260   4.28639364       4.93647623       4.46225500    
       52320   4.29344273       4.96642590       4.47023773    
       52380   4.30786896       4.99529123       4.48083115    
       52440   4.32475424       5.02362442       4.49655819    
       52500   4.33901644       5.05221272       4.51614666    
       52560   4.35245895       5.08207178       4.53726387    
       52620   4.35934448       5.11395025       4.55493069    
       52680   4.36754084       5.14792871       4.56330490    
       52740   4.37491798       5.18316317       4.56093740    
       52800   4.38262272       5.21650934       4.55001545    
       52860   4.38999987       5.24279213       4.53484535    
       52920   4.38754082       5.25853539       4.52012444    
       52980   4.39081955       5.26411915       4.50855780    
       53040   4.39081955       5.26306486       4.50244331    
       53100   4.39901638       5.26023912       4.50207138    
       53160   4.41049194       5.26024485       4.50607204    
       53220   4.41704941       5.26612186       4.51419640    
       53280   4.41557360       5.27845287       4.52638102    
       53340   4.42999983       5.29583216       4.54383087    
       53400   4.43196726       5.31645155       4.56535149    
       53460   4.43819666       5.33950615       4.58727551    
       53520   4.44852448       5.36501360       4.60643530    
       53580   4.45885229       5.39210701       4.62063265    
       53640   4.47934437       5.41855526       4.63020325    
       53700   4.50278711       5.44219017       4.63809061    
       53760   4.52409840       5.46208763       4.64628267    
       53820   4.54819679       5.47847033       4.65593624    
       53880   4.56901646       5.49181175       4.66519690    
       53940   4.59278679       5.50331640       4.67253017    
       54000   4.62098360       5.51470375       4.67986536    
       54060   4.64114761       5.52566576       4.69171619    
       54120   4.66163921       5.53459072       4.71704245    
       54180   4.68049192       5.54199505       4.74293041    
       54240   4.69721317       5.55052948       4.76590538    
       54300   4.71442604       5.56218386       4.78598547    
       54360   4.73573780       5.57595921       4.80365515    
       54420   4.76000023       5.58854294       4.82357264    
       54480   4.78344250       5.59784412       4.84638453    
       54540   4.80213118       5.60548067       4.86985779    
       54600   4.82049179       5.61506176       4.89474535    
       54660   4.83442640       5.62854528       4.91881418    
       54720   4.84803295       5.64500618       4.93948126    
       54780   4.86278677       5.66187191       4.95538616    
       54840   4.88327885       5.67587376       4.96349764    
       54900   4.89885235       5.68412113       4.96843815    
       54960   4.91491795       5.68580437       4.97162390    
       55020   4.93016386       5.68339062       4.97417641    
       55080   4.94524574       5.67893267       4.98019409    
       55140   4.96540976       5.67227077       4.99246454    
       55200   4.98754120       5.66494703       5.01146269    
       55260   5.00885248       5.66093826       5.03778648    
       55320   5.02967215       5.66368246       5.06722689    
       55380   5.05360651       5.67441702       5.10133648    
       55440   5.07491827       5.69212961       5.13747597    
       55500   5.09540987       5.71431732       5.17347527    
       55560   5.11344242       5.73877621       5.20720196    
       55620   5.13311481       5.76442432       5.23386717    
       55680   5.15524578       5.79012203       5.25567770    
       55740   5.17245913       5.81372309       5.27541542    
       55800   5.18770504       5.83239603       5.29221630    
       55860   5.19999981       5.84564257       5.30770063    
       55920   5.21524572       5.85555601       5.32131529    
       55980   5.23163939       5.86320496       5.33235073    
       56040   5.24426222       5.86830139       5.34270811    
       56100   5.25524569       5.87090731       5.34925175    
       56160   5.26786900       5.87094784       5.35081816    
       56220   5.27901649       5.86759615       5.34598541    
       56280   5.29180336       5.86023808       5.33694220    
       56340   5.30655718       5.84905100       5.33143091    
       56400   5.32016373       5.83487082       5.33433151    
       56460   5.33409834       5.82039070       5.34570932    
       56520   5.34557390       5.80962563       5.36261368    
       56580   5.36311483       5.80509138       5.38023233    
       56640   5.38081980       5.80646324       5.39531040    
       56700   5.39524603       5.81128407       5.40558624    
       56760   5.40065575       5.81666327       5.41034079    
       56820   5.40803289       5.82035542       5.41103220    
       56880   5.41672134       5.82108116       5.40807915    
       56940   5.42983627       5.81855202       5.40204620    
       57000   5.43688536       5.81289482       5.39209557    
       57060   5.45213127       5.80357027       5.37797403    
       57120   5.46803284       5.78946495       5.36113119    
       57180   5.48688507       5.77032423       5.34347630    
       57240   5.51016378       5.74735451       5.32854509    
       57300   5.53229523       5.72243166       5.31952381    
       57360   5.56049204       5.69785357       5.31610775    
       57420   5.59573793       5.67648554       5.31654024    
       57480   5.62770510       5.66026497       5.31916475    
       57540   5.66163921       5.64855671       5.32563114    
       57600   5.69278669       5.63941193       5.33722830    
       57660   5.71999979       5.63274670       5.78302574    
       57720   5.74819660       5.63042021       5.80803061    
       57780   5.77688503       5.63258171       5.82295370    
       57840   5.80606556       5.63599110       5.82967377    
       57900   5.83639336       5.63573790       5.83102942    
       57960   5.86344242       5.62896585       5.82822275    
       58020   5.88803291       5.61613417       5.82136774    
       58080   5.91180325       5.59906101       5.80893469    
       58140   5.94000006       5.57795811       5.79238892    
       58200   5.97245884       5.55130863       5.77645540    
       58260   6.01508188       5.51864672       5.76255512    
       58320   6.05852461       5.48186636       5.75142241    
       58380   6.10147524       5.44392920       5.74342251    
       58440   6.14819670       5.40714455       5.73726654    
       58500   6.18475389       5.37262106       5.73496723    
       58560   6.22573757       5.34083033       5.73672247    
       58620   6.26573753       5.31249952       5.74264956    
       58680   6.30213118       5.28908539       5.75169897    
       58740   6.33622932       5.27169609       5.76068640    
       58800   6.36655760       5.25955105       5.76700878    
       58860   6.39442635       5.25005150       5.77103376    
       58920   6.41983604       5.24037933       5.77311707    
       58980   6.44475412       5.22897911       5.77656078    
       59040   6.46770477       5.21613932       5.77978611    
       59100   6.49229527       5.20309114       5.78180027    
       59160   6.51819658       5.19028473       5.78250265    
       59220   6.54524612       5.17713308       5.78312492    
       59280   6.57147551       5.16338825       5.78687572    
       59340   6.59688520       5.15035772       5.79290867    
       59400   6.62721300       5.14052010       5.79960918    
       59460   6.66245890       5.13451815       5.80767584    
       59520   6.70065594       5.13074398       5.81615877    
       59580   6.73836088       5.12849903       5.82476568    
       59640   6.77262306       5.12803650       5.83285379    
       59700   6.80590153       5.12857580       5.83856535    
       59760   6.83868837       5.12863255       5.84251451    
       59820   6.86950827       5.12712002       5.84554482    
       59880   6.89868832       5.12338161       5.85096169    
       59940   6.92967224       5.11782885       5.86120367    
       60000   6.95836067       5.11318541       5.87406731    
       60060   6.98704910       5.11260891       5.88636732    
       60120   7.01000023       5.11654711       5.89577341    
       60180   7.03590155       5.12260675       5.90109396    
       60240   7.05967236       5.12771082       5.90390396    
       60300   7.08590174       5.13002110       5.90680981    
       60360   7.11704922       5.12932873       5.91293859    
       60420   7.14819670       5.12715101       5.92417812    
       60480   7.17885256       5.12656689       5.93997240    
       60540   7.20459032       5.13072634       5.95928860    
       60600   7.22672129       5.14128828       5.98016977    
       60660   7.24590158       5.15783739       6.00082970    
       60720   7.26311493       5.17831039       6.01957989    
       60780   7.27786875       5.20038223       6.03507900    
       60840   7.28508186       5.22234631       6.04696560    
       60900   7.28590155       5.24292898       6.05450487    
       60960   7.28475428       5.26083040       6.05652380    
       61020   7.27852440       5.27467632       6.05299091    
       61080   7.27114773       5.28331947       6.04457998    
       61140   7.26344252       5.28600311       6.03328466    
       61200   7.25983620       5.28249216       6.02063084    
