 20190409
 Seconds  Measures(WS-m/s)  Meso-NH(WS-m/s)  FORECAST_AR(WS-m/s)
        3600   3.64918041       6.24457693       3.64968610    
        3660   3.63295078       6.26786089       3.64772868    
        3720   3.63213110       6.28726673       3.64766073    
        3780   3.62557387       6.30390978       3.64876747    
        3840   3.63491797       6.31940651       3.64957500    
        3900   3.66721320       6.33446789       3.64752507    
        3960   3.65491796       6.34883165       3.63938546    
        4020   3.63180327       6.36127472       3.62267447    
        4080   3.62377048       6.36970568       3.59021640    
        4140   3.62655735       6.37140512       3.54355288    
        4200   3.62409830       6.36354303       3.48609090    
        4260   3.61180329       6.34387159       3.41927457    
        4320   3.60852456       6.31133461       3.35419154    
        4380   3.59377050       6.26665354       3.29988360    
        4440   3.59590173       6.21356153       3.26261449    
        4500   3.59868860       6.15910292       3.24164915    
        4560   3.57409835       6.11157322       3.23629403    
        4620   3.59704924       6.07774401       3.24444389    
        4680   3.58229518       6.06075096       3.26074576    
        4740   3.53999996       6.06007862       3.28023982    
        4800   3.50196719       6.07275534       3.29688096    
        4860   3.47000003       6.09415388       3.30763841    
        4920   3.43786883       6.11873055       3.31882453    
        4980   3.41655731       6.14201593       3.33112431    
        5040   3.39983606       6.16204071       3.34495497    
        5100   3.39295077       6.17926788       3.35958552    
        5160   3.40196729       6.19564867       3.37409258    
        5220   3.40491796       6.21298981       3.38393593    
        5280   3.40934420       6.23104811       3.38432336    
        5340   3.40229511       6.24746799       3.37361979    
        5400   3.39114761       6.25857878       3.35488176    
        5460   3.37065578       6.26096249       3.33372784    
        5520   3.37344265       6.25387669       3.31182456    
        5580   3.40213108       6.23908329       3.28990316    
        5640   3.43049169       6.21879244       3.27070546    
        5700   3.43377042       6.19543600       3.25719118    
        5760   3.44688535       6.17175484       3.24973178    
        5820   3.44901633       6.15061426       3.24756074    
        5880   3.45557380       6.13463783       3.24685931    
        5940   3.46114755       6.12480354       3.24316883    
        6000   3.44344258       6.11945105       3.23487234    
        6060   3.45000005       6.11515903       3.22346616    
        6120   3.46950817       6.10899830       3.20942378    
        6180   3.50426221       6.09970379       3.19405007    
        6240   3.53049183       6.08747530       3.17690682    
        6300   3.55754089       6.07277441       3.15664721    
        6360   3.57672143       6.05558920       3.13300300    
        6420   3.59016395       6.03548098       3.10665035    
        6480   3.58950830       6.01213837       3.07824731    
        6540   3.59885240       5.98583126       3.04755735    
        6600   3.61688519       5.95714855       3.01522231    
        6660   3.63704920       5.92632675       2.98148704    
        6720   3.65262294       5.89285326       2.94585395    
        6780   3.65786886       5.85623932       2.90787578    
        6840   3.66147542       5.81639051       2.86758900    
        6900   3.68409824       5.77321100       2.82539320    
        6960   3.70163941       5.72670650       2.78193164    
        7020   3.69918036       5.67716265       2.73892832    
        7080   3.66557384       5.62492180       2.69907427    
        7140   3.62540984       5.57097054       2.66535425    
        7200   3.61032796       5.51755810       3.55511308    
        7260   3.58573771       5.46767807       3.56678867    
        7320   3.58934426       5.42350769       3.57622623    
        7380   3.59262300       5.38563108       3.58007431    
        7440   3.61311483       5.35349369       3.57787991    
        7500   3.60032797       5.32572508       3.57321095    
        7560   3.59672141       5.29978848       3.56509423    
        7620   3.61852455       5.27282238       3.56004119    
        7680   3.66213107       5.24323463       3.56355023    
        7740   3.67885256       5.21187925       3.57790112    
        7800   3.68180323       5.18216372       3.60605025    
        7860   3.68459010       5.15907812       3.64662790    
        7920   3.68459010       5.14746761       3.69413447    
        7980   3.68426228       5.14979029       3.73963833    
        8040   3.66655731       5.16397333       3.77831364    
        8100   3.64442635       5.18355656       3.80511880    
        8160   3.64213109       5.20057106       3.81757951    
        8220   3.65442634       5.20873165       3.82020235    
        8280   3.66049170       5.20482111       3.81302190    
        8340   3.67770481       5.18837547       3.79734135    
        8400   3.68721318       5.16063643       3.77742910    
        8460   3.68754101       5.12420940       3.75687361    
        8520   3.69786882       5.08281946       3.74041915    
        8580   3.68409824       5.04046059       3.72604227    
        8640   3.67213106       5.00045824       3.71352911    
        8700   3.66918039       4.96426201       3.70321727    
        8760   3.65606546       4.93164921       3.69368505    
        8820   3.63065577       4.90143633       3.68477678    
        8880   3.60524583       4.87280941       3.67770720    
        8940   3.57245898       4.84570694       3.67262816    
        9000   3.53442621       4.82115221       3.66952586    
        9060   3.52754092       4.80003881       3.66800189    
        9120   3.51344252       4.78224087       3.66734719    
        9180   3.49229503       4.76650429       3.66573453    
        9240   3.49426222       4.75210524       3.66355920    
        9300   3.49295092       4.73898697       3.66081309    
        9360   3.48475409       4.72630167       3.65480804    
        9420   3.45737696       4.71237707       3.64345384    
        9480   3.48770499       4.69522524       3.62784553    
        9540   3.50983596       4.67352581       3.60853314    
        9600   3.52147532       4.64742279       3.58660245    
        9660   3.53295088       4.61843443       3.56530046    
        9720   3.52360654       4.58866119       3.54543948    
        9780   3.49754095       4.55999947       3.52958012    
        9840   3.47754097       4.53366661       3.51810908    
        9900   3.45950818       4.51034594       3.51112819    
        9960   3.42491794       4.49033546       3.50804830    
       10020   3.39016390       4.47388840       3.50740242    
       10080   3.35327864       4.46128654       3.50918603    
       10140   3.31344271       4.45270538       3.51327205    
       10200   3.28934431       4.44804668       3.52038288    
       10260   3.27622962       4.44695520       3.53094435    
       10320   3.27032781       4.44915771       3.54451752    
       10380   3.24901628       4.45439291       3.56015086    
       10440   3.23770499       4.46233797       3.57652760    
       10500   3.23163939       4.47263098       3.59210396    
       10560   3.20704913       4.48468018       3.60462594    
       10620   3.19229507       4.49745321       3.61192679    
       10680   3.18852448       4.50931978       3.61246896    
       10740   3.20819664       4.51821566       3.60527205    
       10800   3.22180319       4.52196693       3.20155144    
       10860   3.22295094       4.51874638       3.18304133    
       10920   3.21967220       4.50729513       3.15612769    
       10980   3.20131159       4.48700762       3.12534094    
       11040   3.18131137       4.45839882       3.09525895    
       11100   3.16459012       4.42357159       3.06703663    
       11160   3.15524602       4.38623619       3.04416656    
       11220   3.13475418       4.35048294       3.02611756    
       11280   3.11295080       4.31905222       3.00529623    
       11340   3.06901646       4.29229546       2.98127055    
       11400   3.04081964       4.26836252       2.95554090    
       11460   3.03049183       4.24439621       2.92320800    
       11520   3.00508189       4.21790028       2.88523102    
       11580   3.00377059       4.18788242       2.84802151    
       11640   3.00163937       4.15497828       2.81362391    
       11700   3.01393437       4.12075186       2.77824950    
       11760   3.02377057       4.08656025       2.74175262    
       11820   3.02737713       4.05286789       2.70661187    
       11880   3.02983618       4.01927519       2.66914988    
       11940   3.01508188       3.98502493       2.63270950    
       12000   3.01344252       3.94968581       2.59847236    
       12060   3.03131151       3.91339731       2.56377959    
       12120   3.06704926       3.87685871       2.52811813    
       12180   3.08049178       3.84074354       2.49034286    
       12240   3.11032796       3.80473399       2.44937396    
       12300   3.13213110       3.76761770       2.40442872    
       12360   3.14901638       3.72771788       2.35699463    
       12420   3.18573761       3.68379593       2.30747271    
       12480   3.23819661       3.63576436       2.25522184    
       12540   3.28901649       3.58464313       2.20241833    
       12600   3.34032798       3.53185725       2.15124869    
       12660   3.39065576       3.47900605       2.10299802    
       12720   3.40786886       3.42725420       2.05734801    
       12780   3.44934416       3.37763214       2.01588798    
       12840   3.49688530       3.33076286       1.97931063    
       12900   3.50508189       3.28651786       1.94737005    
       12960   3.51573777       3.24477291       1.91892803    
       13020   3.54655743       3.20574045       1.89340150    
       13080   3.58213115       3.16989684       1.87190616    
       13140   3.57540989       3.13761520       1.85276711    
       13200   3.57622957       3.10902047       1.83585823    
       13260   3.57655740       3.08406138       1.82099366    
       13320   3.58721304       3.06255674       1.80740678    
       13380   3.61573768       3.04422069       1.79486036    
       13440   3.66442633       3.02831078       1.78258920    
       13500   3.69803286       3.01344442       1.76961708    
       13560   3.74311471       2.99819660       1.75527823    
       13620   3.79934430       2.98165679       1.74054849    
       13680   3.86081958       2.96375489       1.72593260    
       13740   3.91950822       2.94499731       1.71098685    
       13800   3.98049188       2.92630410       1.69573283    
       13860   4.02754116       2.90854359       1.67991471    
       13920   4.07147551       2.89178228       1.66288388    
       13980   4.10360670       2.87498760       1.64482605    
       14040   4.14377069       2.85687041       1.62726390    
       14100   4.18180323       2.83674073       1.61220586    
       14160   4.22032785       2.81503177       1.60181332    
       14220   4.26622963       2.79322147       1.59828413    
       14280   4.31540966       2.77360392       1.60234571    
       14340   4.34524584       2.75888419       1.61318326    
       14400   4.37262297       2.75132108       4.44512987    
       14460   4.40245914       2.75198150       4.48277950    
       14520   4.43114758       2.76021051       4.52455664    
       14580   4.46278667       2.77446795       4.57050085    
       14640   4.49836063       2.79324627       4.61390829    
       14700   4.52819681       2.81527710       4.65572500    
       14760   4.55196714       2.83902240       4.70014954    
       14820   4.57901621       2.86250997       4.74254179    
       14880   4.61704922       2.88442779       4.78484726    
       14940   4.65770483       2.90543699       4.82819462    
       15000   4.69836044       2.92758536       4.86791563    
       15060   4.73278666       2.95182633       4.90234375    
       15120   4.75983620       2.97638535       4.93940592    
       15180   4.80786896       2.99866748       4.97780991    
       15240   4.83950806       3.01814604       5.01384306    
       15300   4.86377048       3.03628016       5.04770470    
       15360   4.88836050       3.05466676       5.08031893    
       15420   4.91459036       3.07407355       5.11231947    
       15480   4.94901657       3.09448195       5.14505053    
       15540   4.97672129       3.11589861       5.18027210    
       15600   5.00459003       3.13921285       5.21670580    
       15660   5.03163958       3.16551495       5.25464630    
       15720   5.06032801       3.19533467       5.29548740    
       15780   5.08606577       3.22852540       5.33821487    
       15840   5.11393452       3.26480627       5.38110542    
       15900   5.14590168       3.30418944       5.42407560    
       15960   5.17901659       3.34635878       5.46688795    
       16020   5.20885229       3.39024591       5.50750065    
       16080   5.23032808       3.43486023       5.54481888    
       16140   5.24950838       3.47947478       5.58068562    
       16200   5.26868868       3.52292728       5.61808920    
       16260   5.28573751       3.56411457       5.65933418    
       16320   5.30508184       3.60312319       5.70686054    
       16380   5.32606554       3.64154387       5.76175499    
       16440   5.34688520       3.68207693       5.81941319    
       16500   5.36360645       3.72765255       5.87501764    
       16560   5.38377047       3.77994275       5.92624807    
       16620   5.40639353       3.83764839       5.97232246    
       16680   5.43836069       3.89657998       6.01424694    
       16740   5.47229528       3.95243716       6.05399513    
       16800   5.50688505       4.00309515       6.09186268    
       16860   5.53754091       4.04907465       6.12685776    
       16920   5.56098366       4.09281206       6.15875578    
       16980   5.58590174       4.13610363       6.18813801    
       17040   5.60819674       4.17892456       6.21514559    
       17100   5.63442612       4.22080851       6.23939466    
       17160   5.65868855       4.26145887       6.26197624    
       17220   5.67459011       4.30032206       6.28413916    
       17280   5.69836044       4.33678341       6.30718946    
       17340   5.72377062       4.37088680       6.33304453    
       17400   5.74672127       4.40358496       6.36295843    
       17460   5.76721334       4.43678141       6.39726114    
       17520   5.78442621       4.47257042       6.43524885    
       17580   5.80655718       4.51232338       6.47475195    
       17640   5.83442640       4.55655146       6.51278257    
       17700   5.86803293       4.60468912       6.54721498    
       17760   5.89229488       4.65463877       6.57683611    
       17820   5.91885233       4.70319891       6.60119629    
       17880   5.94721317       4.74752712       6.62079382    
       17940   5.97754097       4.78594303       6.63588524    
       18000   6.01131153       4.81797981       6.10301399    
       18060   6.04262304       4.84449244       6.12726831    
       18120   6.08409834       4.86706543       6.14381123    
       18180   6.12426233       4.88585615       6.15872955    
       18240   6.16803265       4.89975882       6.17613792    
       18300   6.21672153       4.90902901       6.20206261    
       18360   6.25852442       4.91677427       6.23720121    
       18420   6.30590153       4.92756224       6.27619123    
       18480   6.35754108       4.94566298       6.30921364    
       18540   6.41032791       4.97298765       6.33469200    
       18600   6.46114731       5.00655985       6.36053562    
       18660   6.50868845       5.03871679       6.38832474    
       18720   6.55377054       5.06560040       6.41574049    
       18780   6.61196709       5.09227324       6.44146204    
       18840   6.65377045       5.12193298       6.46542406    
       18900   6.70081949       5.15127134       6.48590994    
       18960   6.74295092       5.17774820       6.50108147    
       19020   6.77901649       5.20161200       6.51129961    
       19080   6.81557369       5.22318554       6.52011776    
       19140   6.84721327       5.24124146       6.53238201    
       19200   6.87934446       5.25365543       6.54823256    
       19260   6.90360641       5.26191950       6.56474781    
       19320   6.92131138       5.27123594       6.58186674    
       19380   6.93541002       5.28393221       6.60144472    
       19440   6.95065594       5.29794359       6.62443876    
       19500   6.95967197       5.31236362       6.65034389    
       19560   6.97114754       5.32945728       6.68074083    
       19620   6.98098373       5.35075283       6.71900654    
       19680   6.99131155       5.37525463       6.76582956    
       19740   6.99901628       5.40326262       6.81974125    
       19800   7.00081968       5.43818808       6.87778425    
       19860   7.00459003       5.48249912       6.93638802    
       19920   7.01163912       5.53464317       6.99211407    
       19980   7.01819658       5.59055853       7.04199553    
       20040   7.02475405       5.64622927       7.08533001    
       20100   7.02934408       5.69810343       7.12255192    
       20160   7.03344250       5.74362612       7.15573788    
       20220   7.03786898       5.78307343       7.18785667    
       20280   7.04278708       5.81917238       7.22239685    
       20340   7.04557371       5.85397863       7.25897169    
       20400   7.04901648       5.88795948       7.29454899    
       20460   7.05344248       5.92223454       7.32860231    
       20520   7.05524588       5.95774841       7.36268616    
       20580   7.05852461       5.99373627       7.39835978    
       20640   7.05852461       6.02947617       7.43450594    
       20700   7.05475426       6.06573200       7.47119379    
       20760   7.04704905       6.10339451       7.50962687    
       20820   7.04295063       6.14199543       7.54966164    
       20880   7.04295063       6.18074512       7.59048223    
       20940   7.03344250       6.21998692       7.63162899    
       21000   7.02573776       6.26013327       7.67342091    
       21060   7.02032804       6.30031824       7.71552610    
       21120   7.01557398       6.34010601       7.75634480    
       21180   7.01557398       6.38031292       7.79402304    
       21240   7.01016378       6.42120886       7.82939148    
       21300   7.00065565       6.46215391       7.86740780    
       21360   6.99655724       6.50213003       7.91242552    
       21420   6.99081945       6.54096127       7.96340036    
       21480   6.98803282       6.58110571       8.01578999    
       21540   6.98393440       6.62671566       8.06631470    
       21600   6.97409821       6.67884254       7.00219011    
       21660   6.96426249       6.73357201       6.99379253    
       21720   6.95196724       6.78700447       6.98947668    
       21780   6.93180323       6.83930254       6.98700380    
       21840   6.90721321       6.89284754       6.98558426    
       21900   6.88344240       6.94736958       6.98186827    
       21960   6.85606575       6.99879503       6.97144556    
       22020   6.82491827       7.04486465       6.95392847    
       22080   6.79016399       7.08445501       6.93451500    
       22140   6.75491810       7.11432648       6.91979933    
       22200   6.71901655       7.13541222       6.90812111    
       22260   6.67852449       7.15651608       6.89308786    
       22320   6.64327860       7.18417120       6.87751150    
       22380   6.60426235       7.21361923       6.86695957    
       22440   6.56327868       7.23865604       6.86007977    
       22500   6.52180338       7.26175737       6.85469103    
       22560   6.47950840       7.28710794       6.85082436    
       22620   6.44672108       7.31527948       6.84998512    
       22680   6.41557360       7.34550476       6.85401344    
       22740   6.38721323       7.37790585       6.85918331    
       22800   6.35967207       7.41358423       6.85977697    
       22860   6.33098364       7.45078135       6.85538197    
       22920   6.30393457       7.48407173       6.84878778    
       22980   6.27180338       7.51042175       6.84103918    
       23040   6.24131155       7.53124094       6.83246040    
       23100   6.21344280       7.54758310       6.82501698    
       23160   6.18770504       7.55921221       6.82085085    
       23220   6.15983629       7.56829166       6.81927395    
       23280   6.13409853       7.57854891       6.81880093    
       23340   6.11311483       7.59069538       6.81743717    
       23400   6.09836054       7.60298491       6.81210852    
       23460   6.09016371       7.61529541       6.80172157    
       23520   6.08016396       7.62840748       6.78661966    
       23580   6.06950808       7.64056921       6.76768589    
       23640   6.05426216       7.64782858       6.74592829    
       23700   6.04032803       7.64839029       6.72307396    
       23760   6.02688503       7.64351606       6.70125675    
       23820   6.01262283       7.63455200       6.68067360    
       23880   5.99459028       7.62349415       6.65834332    
       23940   5.96950817       7.61339474       6.63141155    
       24000   5.95229530       7.60475349       6.60011864    
       24060   5.93918037       7.59323025       6.56748199    
       24120   5.93098354       7.57475567       6.53554916    
       24180   5.92360640       7.55086994       6.50358534    
       24240   5.91901636       7.52574921       6.47139120    
       24300   5.91262293       7.50121164       6.43940163    
       24360   5.89918041       7.47692299       6.40656662    
       24420   5.88754082       7.45292234       6.37085247    
       24480   5.88754082       7.42913055       6.33142900    
       24540   5.89081955       7.40357399       6.28883553    
       24600   5.89459038       7.37364244       6.24330568    
       24660   5.90147543       7.33841658       6.19537783    
       24720   5.91377068       7.29780722       6.14621115    
       24780   5.92885256       7.25187206       6.09772825    
       24840   5.93754101       7.20197678       6.05209970    
       24900   5.94737720       7.15045977       6.00927973    
       24960   5.96508217       7.10025549       5.96600819    
       25020   5.97786903       7.05352736       5.91945410    
       25080   5.99622965       7.00859499       5.87110472    
       25140   6.00852442       6.96079731       5.82362795    
       25200   6.02688503       6.90870333       6.02141428    
       25260   6.04901648       6.85596800       6.03868914    
       25320   6.07114744       6.80558157       6.05600119    
       25380   6.10131168       6.75660706       6.08305311    
       25440   6.12967205       6.70716763       6.12194395    
       25500   6.15918016       6.65989447       6.16833115    
       25560   6.19000006       6.62232161       6.21972752    
       25620   6.22409821       6.59796238       6.27343082    
       25680   6.25491810       6.58441973       6.32440281    
       25740   6.27786875       6.57929802       6.36761999    
       25800   6.29147530       6.57915735       6.40598345    
       25860   6.30409813       6.57800913       6.44538307    
       25920   6.32000017       6.57163239       6.48986006    
       25980   6.32409859       6.56147146       6.53667545    
       26040   6.31639338       6.55305290       6.58288956    
       26100   6.30852461       6.54889011       6.62939453    
       26160   6.30819654       6.54751444       6.67841864    
       26220   6.31163931       6.54751444       6.73001337    
       26280   6.32114744       6.54946995       6.78212261    
       26340   6.33131170       6.55510759       6.83102989    
       26400   6.34803295       6.56488085       6.87434816    
       26460   6.35377026       6.57681847       6.91127205    
       26520   6.36114740       6.58760786       6.94120312    
       26580   6.37868834       6.59486151       6.96515131    
       26640   6.40868855       6.59765148       6.98400021    
       26700   6.43622971       6.59544992       6.99937391    
       26760   6.44852448       6.58722258       7.01507521    
       26820   6.47229528       6.57203722       7.03284597    
       26880   6.49114752       6.55140972       7.05087614    
       26940   6.51311493       6.52958202       7.06478786    
       27000   6.53081989       6.50944424       7.07344723    
       27060   6.54639339       6.49033356       7.07972383    
       27120   6.55950832       6.47105360       7.08640432    
       27180   6.57557392       6.45233488       7.09326744    
       27240   6.58540964       6.43584633       7.09916353    
       27300   6.59114742       6.42156982       7.10308409    
       27360   6.58770514       6.40784931       7.10386801    
       27420   6.57819653       6.39351749       7.10153103    
       27480   6.57032776       6.37717104       7.09900665    
       27540   6.56458998       6.35727978       7.10135698    
       27600   6.56868839       6.33508158       7.10962725    
       27660   6.56704903       6.31482697       7.12199593    
       27720   6.55967236       6.30013561       7.13634443    
       27780   6.54622936       6.29138517       7.15196133    
       27840   6.52934408       6.28711653       7.16933537    
       27900   6.51786900       6.28622818       7.18850851    
       27960   6.51131153       6.28847647       7.20933771    
       28020   6.51245880       6.29396105       7.23123407    
       28080   6.50393438       6.30284023       7.25348711    
       28140   6.48245907       6.31539440       7.27629328    
       28200   6.44934416       6.33144426       7.30163002    
       28260   6.41655731       6.34956312       7.33127117    
       28320   6.39114761       6.36830664       7.36491632    
       28380   6.35049200       6.38820601       7.40133715    
       28440   6.31032801       6.41099834       7.43956852    
       28500   6.27540970       6.43759584       7.47814369    
       28560   6.24639368       6.46752882       7.51405287    
       28620   6.21524572       6.50018597       7.54492903    
       28680   6.18606567       6.53520346       7.57217264    
       28740   6.14754105       6.57031059       7.59924555    
       28800   6.10770512       6.60146332       6.04795361    
       28860   6.06475401       6.62746859       6.01013660    
       28920   6.01967192       6.65225220       5.97575760    
       28980   5.97245884       6.68024397       5.94227409    
       29040   5.91721296       6.71127844       5.90616465    
       29100   5.86147547       6.74043512       5.86759520    
       29160   5.81196737       6.76197577       5.82940197    
       29220   5.75491810       6.77453136       5.78996515    
       29280   5.69868851       6.78144836       5.74995708    
       29340   5.65803289       6.78649759       5.70912504    
       29400   5.62065554       6.79144669       5.66895723    
       29460   5.58819675       6.79721928       5.62991810    
       29520   5.55344248       6.80423927       5.59066296    
       29580   5.51245880       6.81157398       5.54903364    
       29640   5.48163939       6.81743574       5.50566530    
       29700   5.45737696       6.81992579       5.46344995    
       29760   5.43196726       6.81801558       5.42093611    
       29820   5.40278673       6.81231308       5.37331104    
       29880   5.36426210       6.80506372       5.31905413    
       29940   5.31458998       6.79807472       5.26210070    
       30000   5.26262283       6.78916121       5.20825434    
       30060   5.20163918       6.77548027       5.16032887    
       30120   5.15327883       6.75908279       5.11752272    
       30180   5.10442638       6.74430370       5.07884216    
       30240   5.05393457       6.73368311       5.04318523    
       30300   4.99655724       6.72748709       5.00844765    
       30360   4.93065596       6.72442007       4.97332335    
       30420   4.88065577       6.72234869       4.93541193    
       30480   4.81540966       6.71831751       4.89323854    
       30540   4.76868868       6.70907259       4.84744072    
       30600   4.71754122       6.69315577       4.80278969    
       30660   4.65803289       6.67158365       4.76379633    
       30720   4.60606575       6.64688540       4.73199606    
       30780   4.54295063       6.62304735       4.70680380    
       30840   4.48229504       6.60445452       4.68629503    
       30900   4.43229485       6.59342813       4.67141151    
       30960   4.38360643       6.58922672       4.66285992    
       31020   4.34065580       6.58999729       4.65870619    
       31080   4.30016375       6.59518957       4.65559864    
       31140   4.26131153       6.60519886       4.65094280    
       31200   4.21836042       6.61901140       4.64366436    
       31260   4.17295074       6.63325310       4.63461494    
       31320   4.11196709       6.64392757       4.62524414    
       31380   4.04786873       6.64927149       4.61651278    
       31440   3.97573781       6.65055561       4.60918236    
       31500   3.92000008       6.65008450       4.60367107    
       31560   3.86098361       6.64944649       4.60138845    
       31620   3.79786897       6.64940691       4.60431051    
       31680   3.74344254       6.65045023       4.61343336    
       31740   3.69016385       6.65365314       4.62922478    
       31800   3.63655734       6.66129208       4.65189934    
       31860   3.58721304       6.67531395       4.67796659    
       31920   3.53393435       6.69523907       4.69987345    
       31980   3.47786880       6.71915245       4.71250486    
       32040   3.42426229       6.74428082       4.71612835    
       32100   3.36278677       6.76577234       4.71204948    
       32160   3.30098367       6.77875996       4.70273447    
       32220   3.23524594       6.78211355       4.69354534    
       32280   3.17081976       6.77744484       4.68875885    
       32340   3.10032797       6.76833344       4.68691969    
       32400   3.04049182       6.75962782       2.92356730    
       32460   2.98721313       6.75328112       2.86512518    
       32520   2.93065572       6.74681234       2.80969453    
       32580   2.87622952       6.73788881       2.75900412    
       32640   2.82295084       6.72767305       2.70831704    
       32700   2.77868843       6.71892977       2.65270209    
       32760   2.74262285       6.71193361       2.59045792    
       32820   2.70327878       6.70220137       2.52152538    
       32880   2.66721320       6.68390465       2.45030308    
       32940   2.62622952       6.65582848       2.37836242    
       33000   2.57836056       6.62106657       2.31174159    
       33060   2.52721310       6.58329010       2.25257373    
       33120   2.48836064       6.54625988       2.19837379    
       33180   2.45065570       6.51333046       2.15069962    
       33240   2.41131139       6.48471737       2.10907507    
       33300   2.38098359       6.45891762       2.07155299    
       33360   2.35803270       6.43602133       2.03256989    
       33420   2.34016395       6.41657686       1.98998821    
       33480   2.31639338       6.39851522       1.94808221    
       33540   2.29426241       6.37821054       1.90972388    
       33600   2.26885247       6.35614204       1.87595212    
       33660   2.24262285       6.33590651       1.84655178    
       33720   2.21639347       6.31837225       1.82457352    
       33780   2.19262290       6.30220461       1.81576049    
       33840   2.16524601       6.28761196       1.82177854    
       33900   2.14524579       6.27823830       1.83746731    
       33960   2.12721300       6.27971745       1.85793364    
       34020   2.12065578       6.29494905       1.87847447    
       34080   2.11196733       6.32104063       1.89672840    
       34140   2.09311485       6.35117626       1.91294956    
       34200   2.06360650       6.37968683       1.92606211    
       34260   2.03983617       6.40428877       1.93390453    
       34320   2.02590156       6.42472506       1.93536866    
       34380   2.00081968       6.44037485       1.93027973    
       34440   1.98639345       6.44957399       1.91914403    
       34500   1.96754098       6.45125771       1.90365314    
       34560   1.93606555       6.44627571       1.88482094    
       34620   1.91147542       6.43597174       1.86364257    
       34680   1.88901639       6.42054367       1.84273934    
       34740   1.87459016       6.40014839       1.82645762    
       34800   1.85770488       6.37661934       1.81715083    
       34860   1.84213114       6.35326815       1.81427014    
       34920   1.83540988       6.33321953       1.81434667    
       34980   1.84065568       6.31791258       1.81374121    
       35040   1.85344267       6.30662632       1.81166685    
       35100   1.87229514       6.29695320       1.80785549    
       35160   1.87229514       6.28623867       1.80121446    
       35220   1.86901641       6.27336979       1.78935516    
       35280   1.86573768       6.25833845       1.76968980    
       35340   1.85262299       6.24026442       1.74178565    
       35400   1.84409833       6.21682501       1.70687711    
       35460   1.83836067       6.18594170       1.66576993    
       35520   1.82819676       6.14719772       1.62104821    
       35580   1.82213116       6.10031080       1.57924914    
       35640   1.81229508       6.04559898       1.54576182    
       35700   1.80459011       5.98744297       1.52103817    
       35760   1.80622947       5.93289757       1.50311446    
       35820   1.82131147       5.88582802       1.48863363    
       35880   1.84147537       5.84683752       1.47435951    
       35940   1.86327875       5.81496859       1.45907354    
       36000   1.89114749       5.78694916       1.90493500    
       36060   1.91491807       5.75865364       1.92701805    
       36120   1.93491805       5.72803307       1.95214415    
       36180   1.95295084       5.69644403       1.97718072    
       36240   1.96360660       5.66756582       1.99758506    
       36300   1.97754097       5.64359140       2.01476765    
       36360   1.98459017       5.62281513       2.03176022    
       36420   1.98819673       5.60242081       2.04929209    
       36480   1.98360658       5.58171415       2.06523585    
       36540   1.97245896       5.56065369       2.07847977    
       36600   1.96639347       5.53893089       2.09086680    
       36660   1.96672130       5.51650810       2.10325813    
       36720   1.96885240       5.49283504       2.11766076    
       36780   1.95655739       5.46729898       2.13570762    
       36840   1.95032787       5.44159555       2.15373898    
       36900   1.95196724       5.41872883       2.16961026    
       36960   1.94377053       5.39943314       2.18316913    
       37020   1.93524587       5.38174677       2.19583631    
       37080   1.92245901       5.36356258       2.20847702    
       37140   1.91557372       5.34475136       2.22033358    
       37200   1.91180325       5.32634258       2.23059678    
       37260   1.91721308       5.30836821       2.23601341    
       37320   1.92540979       5.28964663       2.23477602    
       37380   1.93606555       5.26860428       2.22544193    
       37440   1.94475412       5.24289370       2.20452762    
       37500   1.95901644       5.20890188       2.17171836    
       37560   1.95983613       5.16328621       2.12985206    
       37620   1.96147537       5.10577154       2.08030725    
       37680   1.96590161       5.03944540       2.02448058    
       37740   1.96885240       4.96799517       1.96538305    
       37800   1.98032784       4.89242744       1.90746176    
       37860   1.99065578       4.81179428       1.85589445    
       37920   1.99508202       4.72687387       1.81377709    
       37980   2.00213122       4.64224911       1.78109705    
       38040   2.01032782       4.56366777       1.75692582    
       38100   2.01278687       4.49474096       1.74012446    
       38160   2.01688528       4.43653488       1.72817910    
       38220   2.02836061       4.38848543       1.71608996    
       38280   2.03606558       4.34907532       1.69916928    
       38340   2.04295087       4.31524229       1.67507744    
       38400   2.04377055       4.28239536       1.64377975    
       38460   2.04426241       4.24572802       1.60677814    
       38520   2.04836059       4.20193243       1.56573963    
       38580   2.04606557       4.15009212       1.52331626    
       38640   2.05098367       4.09148884       1.48168600    
       38700   2.05098367       4.02930403       1.44137597    
       38760   2.05213118       3.96718478       1.40261388    
       38820   2.05754089       3.90693974       1.36635435    
       38880   2.06213117       3.84885907       1.33436823    
       38940   2.07475400       3.79356027       1.30870712    
       39000   2.09196711       3.74232316       1.29138303    
       39060   2.11229515       3.69682574       1.28305352    
       39120   2.12836075       3.65884137       1.28253603    
       39180   2.15213108       3.62940097       1.28732204    
       39240   2.17868853       3.60838985       1.29387999    
       39300   2.20163941       3.59453106       1.29834259    
       39360   2.22524595       3.58539391       1.29746091    
       39420   2.24327874       3.57812428       1.29022527    
       39480   2.24491811       3.56984401       1.27876341    
       39540   2.24245906       3.55833316       1.26695168    
       39600   2.23918033       3.54308081       2.21178412    
       39660   2.23393440       3.52503800       2.21162152    
       39720   2.22983599       3.50581622       2.21172357    
       39780   2.22622943       3.48650169       2.21218872    
       39840   2.22737694       3.46657228       2.21606135    
       39900   2.23704910       3.44562006       2.22513127    
       39960   2.24163938       3.42605853       2.23865104    
       40020   2.24442625       3.41210127       2.25748420    
       40080   2.24081969       3.40537953       2.28543377    
       40140   2.24295092       3.40378761       2.32317781    
       40200   2.25868845       3.40619493       2.36452627    
       40260   2.27245903       3.41595817       2.40268373    
       40320   2.28688526       3.43591905       2.43346763    
       40380   2.30901647       3.46232057       2.45600653    
       40440   2.33606553       3.48666096       2.47019362    
       40500   2.35540986       3.50236559       2.47691226    
       40560   2.37229514       3.50887585       2.48044872    
       40620   2.39081979       3.50872469       2.48398399    
       40680   2.40786886       3.50379276       2.48914051    
       40740   2.42672133       3.49656034       2.49794316    
       40800   2.44344258       3.49021077       2.51163697    
       40860   2.45245910       3.48734808       2.53218198    
       40920   2.46147537       3.48980927       2.56335425    
       40980   2.47327876       3.49909687       2.60633945    
       41040   2.48147535       3.51692653       2.65780306    
       41100   2.49786878       3.54531145       2.71450973    
       41160   2.50901628       3.58510900       2.77255654    
       41220   2.52098370       3.63453698       2.83100700    
       41280   2.53114748       3.69028544       2.89258933    
       41340   2.53901649       3.74970841       2.95856142    
       41400   2.54557371       3.81183147       3.02583432    
       41460   2.55459023       3.87699890       3.08876467    
       41520   2.56114745       3.94457531       3.14390135    
       41580   2.57721305       4.01078224       3.18986559    
       41640   2.59278679       4.07072973       3.22851372    
       41700   2.60098362       4.12162066       3.26299596    
       41760   2.61049175       4.16348171       3.29550505    
       41820   2.61213112       4.19858837       3.32874489    
       41880   2.61131144       4.23006296       3.36562920    
       41940   2.61950827       4.26121283       3.40747809    
       42000   2.62934422       4.29558802       3.45259190    
       42060   2.63950825       4.33643198       3.49652290    
       42120   2.64918041       4.38479662       3.53523946    
       42180   2.65524602       4.43797302       3.56734085    
       42240   2.66459012       4.49042320       3.59393048    
       42300   2.67606568       4.53692961       3.61711740    
       42360   2.69442630       4.57521725       3.63850784    
       42420   2.71737695       4.60619116       3.65927148    
       42480   2.73409843       4.63211060       3.68038321    
       42540   2.73557377       4.65499210       3.70232773    
       42600   2.73114753       4.67638397       3.72470975    
       42660   2.72000003       4.69751072       3.74606061    
       42720   2.70819664       4.71902037       3.76460481    
       42780   2.69672132       4.74060059       3.77923584    
       42840   2.68114758       4.76097775       3.78975344    
       42900   2.66311479       4.77860594       3.79686451    
       42960   2.65032792       4.79254484       3.80240464    
       43020   2.64754105       4.80286789       3.80888319    
       43080   2.64590168       4.81072807       3.81781101    
       43140   2.64836073       4.81825733       3.82770467    
       43200   2.64475417       4.82792282       2.62834835    
       43260   2.63360667       4.84098816       2.60830641    
       43320   2.62081957       4.85531092       2.58316302    
       43380   2.61229515       4.86563778       2.55244207    
       43440   2.61442614       4.86778736       2.51795721    
       43500   2.62016392       4.86100531       2.48192096    
       43560   2.62196732       4.84630442       2.44733810    
       43620   2.62770486       4.82541275       2.41766548    
       43680   2.64377046       4.80165148       2.39270377    
       43740   2.66590166       4.77919054       2.36745930    
       43800   2.70196724       4.76003742       2.33998179    
       43860   2.72557378       4.74259424       2.31646132    
       43920   2.75442624       4.72497940       2.30390477    
       43980   2.77606559       4.70896006       2.30383682    
       44040   2.79409838       4.69960356       2.31394315    
       44100   2.80999994       4.70083809       2.33135176    
       44160   2.82999992       4.71201992       2.35293007    
       44220   2.85442615       4.73092651       2.37372518    
       44280   2.87770486       4.75674391       2.38890123    
       44340   2.90081978       4.78707123       2.39761090    
       44400   2.92377043       4.81707096       2.40138888    
       44460   2.94918036       4.84206772       2.40223718    
       44520   2.98245907       4.85959196       2.40197611    
       44580   3.00737715       4.86966181       2.39845157    
       44640   3.02557373       4.87361145       2.38773680    
       44700   3.04606557       4.87243128       2.36892176    
       44760   3.05573773       4.86591196       2.34404039    
       44820   3.07032776       4.85337830       2.31790709    
       44880   3.08573771       4.83481264       2.29521656    
       44940   3.10016394       4.81208944       2.27756977    
       45000   3.11655736       4.78873539       2.26417899    
       45060   3.13540983       4.76770592       2.25493002    
       45120   3.14196730       4.75017881       2.24893260    
       45180   3.15540981       4.73622417       2.24394679    
       45240   3.16442633       4.72561693       2.23780799    
       45300   3.16278696       4.71775150       2.22936702    
       45360   3.18000007       4.71107006       2.21784711    
       45420   3.20081973       4.70323324       2.20293045    
       45480   3.22754097       4.69258404       2.18750310    
       45540   3.26606560       4.67860460       2.17647362    
       45600   3.29475403       4.66083765       2.17405438    
       45660   3.31983614       4.64021921       2.18255472    
       45720   3.34655738       4.62144279       2.20265722    
       45780   3.37327862       4.61076832       2.23311830    
       45840   3.39950824       4.61250067       2.27064228    
       45900   3.42049170       4.62763023       2.31059527    
       45960   3.43491793       4.65400457       2.34904027    
       46020   3.44278693       4.68771696       2.38482642    
       46080   3.44819665       4.72414875       2.41884613    
       46140   3.46508193       4.75901604       2.45209122    
       46200   3.49426222       4.78999376       2.48503184    
       46260   3.51885247       4.81719780       2.51858187    
       46320   3.54344273       4.84197426       2.55456614    
       46380   3.56557369       4.86555958       2.59447289    
       46440   3.58229518       4.88921595       2.63719010    
       46500   3.60655737       4.91487932       2.67931914    
       46560   3.62786889       4.94458437       2.71851945    
       46620   3.64590168       4.97857809       2.75457573    
       46680   3.65409827       5.01416445       2.78852272    
       46740   3.66606569       5.04798841       2.82245803    
       46800   3.67557383       5.07856894       3.73159051    
       46860   3.69229507       5.10648918       3.75238991    
       46920   3.70295072       5.13428545       3.78284144    
       46980   3.71885252       5.16587877       3.82133293    
       47040   3.73393440       5.20434809       3.86541677    
       47100   3.74081969       5.25022125       3.91208506    
       47160   3.74114752       5.30220366       3.95794320    
       47220   3.73983598       5.35803890       4.00007200    
       47280   3.74262285       5.41454458       4.03712130    
       47340   3.73934436       5.46831322       4.06719208    
       47400   3.73475409       5.51676655       4.08648157    
       47460   3.72278690       5.55834866       4.09602880    
       47520   3.71590161       5.59224558       4.09630060    
       47580   3.70442629       5.61802244       4.08696795    
       47640   3.69262290       5.63475370       4.07119513    
       47700   3.67901635       5.64164972       4.05353785    
       47760   3.66672134       5.63934708       4.03666782    
       47820   3.65245891       5.63024616       4.02446461    
       47880   3.63213110       5.61818933       4.01968431    
       47940   3.60967207       5.60764551       4.02278614    
       48000   3.58918023       5.60260677       4.03049612    
       48060   3.56540990       5.60581112       4.03724813    
       48120   3.54131150       5.61781979       4.03886986    
       48180   3.51918030       5.63546038       4.03363085    
       48240   3.50327873       5.65233040       4.02349138    
       48300   3.49508190       5.66268969       4.01226234    
       48360   3.49098372       5.66474724       4.00207281    
       48420   3.48983598       5.66094255       3.99446702    
       48480   3.48918033       5.65596056       3.99042273    
       48540   3.48688531       5.65327406       3.99191999    
       48600   3.48409843       5.65334034       4.00007534    
       48660   3.47868848       5.65569448       4.01392746    
       48720   3.46639347       5.66176271       4.03125620    
       48780   3.46803284       5.67375898       4.05228662    
       48840   3.46311474       5.69172955       4.07755947    
       48900   3.45573759       5.71419859       4.10631514    
       48960   3.46262288       5.74043083       4.13654280    
       49020   3.45819664       5.77048254       4.16571426    
       49080   3.46311474       5.80372286       4.19388580    
       49140   3.46803284       5.83820152       4.22011948    
       49200   3.45573759       5.87225962       4.24103451    
       49260   3.44475412       5.90455198       4.25345087    
       49320   3.43409824       5.93218184       4.25733709    
       49380   3.42180324       5.95216322       4.25450516    
       49440   3.41147542       5.96369839       4.24807405    
       49500   3.41278696       5.96771574       4.24160147    
       49560   3.42016387       5.96593475       4.23816824    
       49620   3.42672133       5.96063328       4.23916340    
       49680   3.43540978       5.95510721       4.24317503    
       49740   3.44032788       5.95286274       4.24795437    
       49800   3.42836070       5.95502567       4.25153017    
       49860   3.41819668       5.95954990       4.25276613    
       49920   3.41065574       5.96347046       4.25137091    
       49980   3.40459013       5.96516514       4.24681091    
       50040   3.39803290       5.96378756       4.23882008    
       50100   3.39721322       5.95839691       4.22911692    
       50160   3.39229512       5.94852209       4.22111750    
       50220   3.40262294       5.93530607       4.21773624    
       50280   3.41622949       5.92214203       4.22104359    
       50340   3.43885255       5.91238976       4.23193312    
       50400   3.45770502       5.90757179       3.50749302    
       50460   3.47770500       5.90831232       3.53124285    
       50520   3.49377060       5.91520739       3.55109668    
       50580   3.51540995       5.92750406       3.56391215    
       50640   3.52868843       5.94135809       3.57068896    
       50700   3.53721309       5.95146608       3.57399344    
       50760   3.54540992       5.95481873       3.57426882    
       50820   3.55409837       5.95215750       3.57222962    
       50880   3.55950809       5.94617033       3.56809258    
       50940   3.55737710       5.93882418       3.56150770    
       51000   3.56475401       5.92995262       3.55410028    
       51060   3.57049179       5.91783381       3.55347228    
       51120   3.56639338       5.90189838       3.56375170    
       51180   3.56770492       5.88497925       3.58666778    
       51240   3.56885242       5.87199926       3.61692977    
       51300   3.56672120       5.86743450       3.64107060    
       51360   3.56590176       5.87432337       3.65531182    
       51420   3.56393433       5.88973570       3.66317606    
       51480   3.55573773       5.90257311       3.66242003    
       51540   3.54918027       5.90556479       3.65622258    
       51600   3.54459023       5.90066624       3.65260959    
       51660   3.54573774       5.88914251       3.65749812    
       51720   3.55557370       5.87224483       3.67380905    
       51780   3.56327868       5.85659504       3.70285034    
       51840   3.56770492       5.85035419       3.74280214    
       51900   3.56934428       5.85713053       3.78918576    
       51960   3.56852460       5.87635946       3.83700275    
       52020   3.56639338       5.90547132       3.88365173    
       52080   3.56442618       5.94106293       3.92921734    
       52140   3.56278682       5.97921944       3.97288823    
       52200   3.56557369       6.01566458       4.01303625    
       52260   3.57081962       6.04895878       4.05045891    
       52320   3.57573771       6.07766724       4.08745575    
       52380   3.58557367       6.10005903       4.12357569    
       52440   3.59426236       6.11908150       4.15693331    
       52500   3.60049176       6.13907337       4.18770647    
       52560   3.60426235       6.16065407       4.21731186    
       52620   3.60262299       6.18203640       4.24575710    
       52680   3.59885240       6.20265388       4.27468443    
       52740   3.58737707       6.22360325       4.30637980    
       52800   3.57262301       6.24526024       4.34202051    
       52860   3.57131147       6.26669931       4.37982225    
       52920   3.57360649       6.28819942       4.41778183    
       52980   3.57524586       6.31153011       4.45660734    
       53040   3.57852459       6.33748579       4.49597692    
       53100   3.58114743       6.36490107       4.53309727    
       53160   3.57459021       6.39367819       4.56751823    
       53220   3.56262302       6.42424011       4.60325670    
       53280   3.55032778       6.45372581       4.64658165    
       53340   3.53147531       6.47982073       4.70115852    
       53400   3.51950812       6.50522518       4.76276684    
       53460   3.51590157       6.53622389       4.82165098    
       53520   3.50803280       6.57809973       4.87108088    
       53580   3.49754095       6.63008308       4.91102219    
       53640   3.48967218       6.68430090       4.94561100    
       53700   3.48442626       6.73145819       4.97863340    
       53760   3.48196721       6.76785088       5.01149178    
       53820   3.47459006       6.79593658       5.04439211    
       53880   3.45819664       6.82036972       5.07699633    
       53940   3.43770480       6.84443235       5.10793161    
       54000   3.41344261       6.86870527       3.38475013    
       54060   3.38918042       6.89202833       3.35786843    
       54120   3.36426234       6.91270447       3.33305430    
       54180   3.34377050       6.93037796       3.31213522    
       54240   3.32377052       6.94754028       3.29668593    
       54300   3.30524588       6.96693993       3.28610158    
       54360   3.28524590       6.98891592       3.27730203    
       54420   3.26311469       7.01255226       3.26723218    
       54480   3.24147534       7.03690624       3.25641513    
       54540   3.22622943       7.06103039       3.24890900    
       54600   3.21491814       7.08381557       3.24800563    
       54660   3.19688535       7.10542870       3.25174880    
       54720   3.17967224       7.12870598       3.25396109    
       54780   3.16540980       7.15622950       3.24974442    
       54840   3.14573765       7.18669891       3.23632121    
       54900   3.12491798       7.21465349       3.21864200    
       54960   3.10442615       7.23319006       3.20722842    
       55020   3.08278680       7.24160051       3.20173693    
       55080   3.06016397       7.24866104       3.19671249    
       55140   3.04131150       7.26028156       3.19314694    
       55200   3.02081966       7.27400637       3.19179773    
       55260   3.00278687       7.28872824       3.18970013    
       55320   2.98114753       7.30405378       3.18480992    
       55380   2.95540977       7.31698179       3.17766356    
       55440   2.93081975       7.32586336       3.16915751    
       55500   2.90508199       7.33091068       3.15903473    
       55560   2.87754107       7.33195496       3.14758515    
       55620   2.84672141       7.33009577       3.13690877    
       55680   2.81360650       7.32664680       3.12874818    
       55740   2.78081965       7.32281446       3.12171698    
       55800   2.74672127       7.32156944       3.11516166    
       55860   2.70901632       7.32293606       3.10804725    
       55920   2.66918039       7.32433939       3.09725714    
       55980   2.62983608       7.32381296       3.08083415    
       56040   2.59049177       7.31892252       3.06089187    
       56100   2.54983616       7.30835104       3.04094982    
       56160   2.51409841       7.29324484       3.02378559    
       56220   2.48000002       7.27573967       3.01081491    
       56280   2.44278693       7.25731993       3.00180149    
       56340   2.40967202       7.23988056       2.99492311    
       56400   2.37360644       7.22644281       2.98645115    
       56460   2.34245896       7.21771145       2.97303534    
       56520   2.30803275       7.21011782       2.95563459    
       56580   2.27163935       7.19903421       2.93756843    
       56640   2.24081969       7.18238878       2.91994500    
       56700   2.21049190       7.16192436       2.90418005    
       56760   2.17606568       7.13967323       2.89281559    
       56820   2.14360666       7.11664724       2.88508034    
       56880   2.10836077       7.09574842       2.87640977    
       56940   2.08131146       7.07863617       2.86099625    
       57000   2.05245900       7.06242371       2.83537889    
       57060   2.02622962       7.04155779       2.80263972    
       57120   2.00442624       7.01152658       2.77154493    
       57180   1.98770487       6.97250509       2.74900699    
       57240   1.97459018       6.93087149       2.73534584    
       57300   1.96311474       6.89462709       2.72606611    
       57360   1.95163929       6.86671257       2.71622348    
       57420   1.93934429       6.84471607       2.70387316    
       57480   1.93360651       6.82454348       2.68947434    
       57540   1.92573774       6.80304050       2.67319870    
       57600   1.91836071       6.77902603       1.86703372    
       57660   1.90819669       6.75260687       1.84865808    
       57720   1.89885247       6.72383165       1.82596886    
       57780   1.89147544       6.69180155       1.80433238    
       57840   1.87918031       6.65483475       1.78809965    
       57900   1.86737704       6.61337614       1.77692091    
       57960   1.85803282       6.57136202       1.76887488    
       58020   1.84901643       6.53281116       1.76481116    
       58080   1.84163940       6.49940872       1.76673663    
       58140   1.83426225       6.47152805       1.77321649    
       58200   1.82819676       6.45016003       1.77993345    
       58260   1.82114756       6.43549538       1.78394330    
       58320   1.80999994       6.42380285       1.78695047    
       58380   1.80180323       6.40973759       1.79216802    
       58440   1.79475415       6.39153433       1.80162132    
       58500   1.78688526       6.37218189       1.81537652    
       58560   1.77704918       6.35624218       1.83321369    
       58620   1.77163935       6.34593916       1.85526466    
       58680   1.76262295       6.34065056       1.87967896    
       58740   1.75655735       6.33940220       1.90473604    
       58800   1.75311470       6.34178114       1.92959595    
       58860   1.74983609       6.34695816       1.95189393    
       58920   1.74377048       6.35301733       1.97038245    
       58980   1.73459017       6.35699224       1.98671126    
       59040   1.72754097       6.35626221       2.00213337    
       59100   1.71360660       6.35140896       2.01582170    
       59160   1.70278692       6.34512329       2.02773976    
       59220   1.69622946       6.33812332       2.03863382    
       59280   1.69426227       6.33027220       2.04799509    
       59340   1.69213116       6.32210541       2.05408454    
       59400   1.69131148       6.31342554       2.05646181    
       59460   1.69377053       6.30336761       2.05378366    
       59520   1.69540989       6.29122972       2.04525805    
       59580   1.69754100       6.27606821       2.03135967    
       59640   1.69754100       6.25637817       2.01321101    
       59700   1.69918036       6.23088074       1.99178553    
       59760   1.70409834       6.19971037       1.96790671    
       59820   1.70573771       6.16400528       1.94313419    
       59880   1.70950818       6.12422085       1.92027867    
       59940   1.71278691       6.07983160       1.90216851    
       60000   1.72131145       6.03168535       1.88560772    
       60060   1.72672129       5.98457050       1.86527848    
       60120   1.73245907       5.94396353       1.84215748    
       60180   1.73573768       5.90955067       1.82187772    
       60240   1.73983610       5.87539005       1.80667758    
       60300   1.74147546       5.83786631       1.79495263    
       60360   1.74065578       5.80000353       1.78595543    
       60420   1.73901641       5.76565313       1.78140712    
       60480   1.73459017       5.73494291       1.78156912    
       60540   1.73262298       5.70671415       1.78207970    
       60600   1.72229505       5.68195677       1.77716637    
       60660   1.71704912       5.66227341       1.76479721    
       60720   1.70393443       5.64553595       1.74798548    
       60780   1.69245899       5.62676811       1.73194492    
       60840   1.68672132       5.60258007       1.72064233    
       60900   1.68622947       5.57362270       1.71514618    
       60960   1.68295085       5.54345703       1.71495366    
       61020   1.67557383       5.51586723       1.71909201    
       61080   1.67114758       5.49308777       1.72433841    
       61140   1.66459012       5.47611284       1.72650778    
       61200   1.65557373       5.46495724       1.61443484    
       61260   1.64409840       5.45712709       1.59624875    
       61320   1.62967217       5.44823933       1.57991481    
       61380   1.61639345       5.43612337       1.56751037    
       61440   1.60278690       5.42238426       1.55678165    
       61500   1.58868849       5.40905571       1.54559827    
       61560   1.57344258       5.39557028       1.53320825    
       61620   1.55622947       5.37980461       1.51981568    
       61680   1.54557371       5.36085176       1.50625432    
       61740   1.53327870       5.33979368       1.49264801    
       61800   1.52180326       5.31818628       1.47912741    
       61860   1.50901639       5.29702950       1.46507049    
       61920   1.49672127       5.27716780       1.44948506    
       61980   1.48819673       5.25864267       1.43155134    
       62040   1.47754097       5.23967314       1.41158259    
       62100   1.46852458       5.21770287       1.39001977    
       62160   1.46360660       5.19148827       1.36684024    
       62220   1.46229506       5.16197395       1.34087241    
       62280   1.46081972       5.13101959       1.31062388    
       62340   1.46327865       5.09924126       1.27829313    
       62400   1.45868850       5.06563902       1.24741650    
       62460   1.44934428       5.02958345       1.21908975    
       62520   1.44229507       4.99235296       1.18991005    
       62580   1.43606555       4.95608902       1.15794706    
       62640   1.43163931       4.92123365       1.12291288    
       62700   1.42344260       4.88540888       1.08505762    
       62760   1.42229509       4.84586859       1.04568601    
       62820   1.41950822       4.80233574       1.00688887    
       62880   1.41295087       4.75641394      0.971600711    
       62940   1.40885246       4.70996189      0.940769970    
       63000   1.40475404       4.66483355      0.922584653    
       63060   1.39655733       4.62351370      0.908447146    
       63120   1.38393438       4.59243870      0.898922443    
       63180   1.37196720       4.57070208      0.894481897    
       63240   1.36049175       4.55411100      0.895446122    
       63300   1.35229504       4.54303741      0.901794493    
       63360   1.34524596       4.53739643      0.913445354    
       63420   1.33655739       4.53698015      0.929278672    
       63480   1.33049178       4.54174948      0.945264280    
       63540   1.32393444       4.55102205      0.956470847    
       63600   1.32393444       4.56203318      0.960828543    
       63660   1.32147539       4.57008696      0.964047730    
       63720   1.32098365       4.57147694      0.974594653    
       63780   1.31967211       4.56837654      0.992416322    
       63840   1.31754100       4.56908560       1.01007998    
       63900   1.31459022       4.57865381       1.02301776    
       63960   1.31508195       4.59245348       1.03171730    
       64020   1.31836069       4.60353470       1.03621602    
       64080   1.32606554       4.60980320       1.03332448    
       64140   1.33295083       4.61172152       1.02197206    
       64200   1.33819675       4.60744858       1.00764620    
       64260   1.34147537       4.59410477      0.998951912    
       64320   1.34524596       4.57392025       1.00067842    
       64380   1.35918033       4.55472803       1.01076782    
       64440   1.36606562       4.54408264       1.02254975    
       64500   1.36721313       4.54367065       1.02898514    
       64560   1.36688530       4.54878139       1.02605748    
       64620   1.37065578       4.55194330       1.01286745    
       64680   1.37967217       4.54720879      0.991371155    
       64740   1.38540983       4.53204823      0.967976034    
