 20181027
 Seconds  Measures(WS-m/s)  Meso-NH(WS-m/s)  FORECAST_AR(WS-m/s)
        7260   5.88295078       7.97623873       5.52252579    
        7320   5.88016415       7.94231987       5.51762533    
        7380   5.83393431       7.90768337       5.51817083    
        7440   5.78557396       7.88118839       5.51842356    
        7500   5.72737694       7.86747217       5.51763773    
        7560   5.69754076       7.86087561       5.52002478    
        7620   5.64950800       7.85338640       5.52859402    
        7680   5.57901621       7.84313297       5.54350471    
        7740   5.53360653       7.83385038       5.56134701    
        7800   5.48065567       7.83006954       5.57695723    
        7860   5.45327854       7.83335590       5.58693981    
        7920   5.42508173       7.84074926       5.59165335    
        7980   5.36934423       7.84674406       5.59569693    
        8040   5.33163929       7.84732914       5.60449457    
        8100   5.31819677       7.84262323       5.62045860    
        8160   5.26360655       7.83652258       5.64332294    
        8220   5.21475410       7.83348131       5.67103863    
        8280   5.17245913       7.83607006       5.70171881    
        8340   5.13098383       7.84464169       5.73468685    
        8400   5.10885239       7.85838938       5.77048254    
        8460   5.07327890       7.87679338       5.80862808    
        8520   5.05327892       7.90012932       5.84917450    
        8580   5.04426241       7.92815828       5.89246750    
        8640   5.01672125       7.95913792       5.93746710    
        8700   4.98557377       7.99158812       5.98241806    
        8760   4.98836088       8.02505112       6.02449656    
        8820   4.98344278       8.05874634       6.05949259    
        8880   4.96295071       8.09078789       6.08426189    
        8940   4.96016407       8.11828995       6.10064840    
        9000   4.96180344       8.13823032       6.11471653    
        9060   4.94786882       8.14914227       6.13329315    
        9120   4.90934420       8.15320015       6.16103029    
        9180   4.92442608       8.15602493       6.19769764    
        9240   4.92278671       8.16365910       6.24036884    
        9300   4.91950798       8.17966366       6.28555059    
        9360   4.93344259       8.20406151       6.32990026    
        9420   4.92524576       8.23436451       6.37265587    
        9480   4.91541004       8.26708412       6.41638374    
        9540   4.90229511       8.29958820       6.46459341    
        9600   4.90196705       8.33194733       6.51835489    
        9660   4.88918018       8.36635685       6.57591391    
        9720   4.86409855       8.40494251       6.63400412    
        9780   4.86491823       8.44851112       6.68741608    
        9840   4.85311460       8.49646854       6.73183203    
        9900   4.84540987       8.54631424       6.76738596    
        9960   4.82852459       8.59342957       6.80028486    
       10020   4.77409840       8.63285065       6.83718348    
       10080   4.75622940       8.66319370       6.88110590    
       10140   4.73934412       8.68822765       6.93123484    
       10200   4.71065569       8.71374035       6.98425627    
       10260   4.67540979       8.74387836       7.03454590    
       10320   4.65360641       8.78049278       7.07752323    
       10380   4.63721323       8.82251072       7.11081982    
       10440   4.61885262       8.86539745       7.13501930    
       10500   4.58475399       8.90297413       7.15393400    
       10560   4.57934427       8.93164062       7.17321348    
       10620   4.55475426       8.95129108       7.19690943    
       10680   4.54540968       8.96540546       7.22574520    
       10740   4.53229523       8.97917366       7.25618458    
       10800   4.52360678       8.99643612       7.28080273    
       10860   4.52737713       9.01793957       7.23712206    
       10920   4.51508188       9.03995514       7.23186731    
       10980   4.52786875       9.05533600       7.21489191    
       11040   4.55081987       9.05784798       7.19385481    
       11100   4.57999992       9.04690742       7.17540979    
       11160   4.60049200       9.02789116       7.15952349    
       11220   4.60442638       9.00677967       7.14320421    
       11280   4.64213133       8.98557758       7.12450647    
       11340   4.67377043       8.96303749       7.10388851    
       11400   4.69950819       8.93760204       7.08392334    
       11460   4.72786903       8.90920925       7.06767464    
       11520   4.75491810       8.88035297       7.05763578    
       11580   4.78524590       8.85458374       7.05488825    
       11640   4.81672144       8.83435440       7.05750942    
       11700   4.86147547       8.82019424       7.06053400    
       11760   4.87540960       8.81095314       7.06040287    
       11820   4.92213106       8.80438137       7.05656815    
       11880   4.97377062       8.79740810       7.05149889    
       11940   5.00590181       8.78727722       7.05074739    
       12000   5.01999998       8.77323151       7.05961514    
       12060   5.05442619       8.75804710       7.07989836    
       12120   5.08180332       8.74704838       7.10978222    
       12180   5.10836077       8.74583435       7.14440441    
       12240   5.13655758       8.75702190       7.17849588    
       12300   5.17786884       8.77955055       7.20953178    
       12360   5.19065571       8.80883217       7.23888683    
       12420   5.21819687       8.83924198       7.26936007    
       12480   5.26032782       8.86665821       7.30236483    
       12540   5.28819656       8.89101887       7.33836603    
       12600   5.28901625       8.91570187       7.37569380    
       12660   5.30049181       8.94358921       7.41076756    
       12720   5.30098343       8.97489357       7.44167042    
       12780   5.34885263       9.00780010       7.46968126    
       12840   5.35213137       9.03808880       7.49917269    
       12900   5.38377047       9.06227303       7.53164768    
       12960   5.39803267       9.08111572       7.56163120    
       13020   5.39688540       9.09978676       7.58323383    
       13080   5.41360664       9.12261200       7.59448624    
       13140   5.41327858       9.14758587       7.59454441    
       13200   5.42885256       9.16790581       7.58219862    
       13260   5.42999983       9.17860222       7.55818176    
       13320   5.42885256       9.17736149       7.52651596    
       13380   5.43459034       9.16283131       7.49259996    
       13440   5.42475414       9.13554001       7.46202517    
       13500   5.41885233       9.10000610       7.43862343    
       13560   5.41295099       9.06334114       7.42217302    
       13620   5.37983608       9.03168201       7.40765524    
       13680   5.39950800       9.00725079       7.38832140    
       13740   5.40967226       8.98742867       7.35891294    
       13800   5.39868832       8.96621704       7.31819916    
       13860   5.41541004       8.93775177       7.26984262    
       13920   5.43327856       8.89886761       7.22072172    
       13980   5.44065571       8.85035515       7.17672205    
       14040   5.45081949       8.79698658       7.14113808    
       14100   5.45819664       8.74509048       7.11537218    
       14160   5.47377062       8.69904995       7.09809351    
       14220   5.49311495       8.66099548       7.08583307    
       14280   5.50704908       8.63098145       7.07420254    
       14340   5.50655746       8.60746479       7.05984259    
       14400   5.53360653       8.58786201       7.04224110    
       14460   5.53819656       8.56930161       4.66782570    
       14520   5.54557371       8.54971504       4.66751289    
       14580   5.55213118       8.52900791       4.67499828    
       14640   5.53983593       8.50917625       4.69324636    
       14700   5.53442621       8.49328995       4.72125959    
       14760   5.53918028       8.48467731       4.75602865    
       14820   5.54409838       8.48486042       4.79648542    
       14880   5.56458998       8.49317646       4.84012556    
       14940   5.56754112       8.50760460       4.88369942    
       15000   5.57655716       8.52636337       4.92467451    
       15060   5.59081984       8.54813194       4.96320486    
       15120   5.59934425       8.57075310       5.00044203    
       15180   5.58819675       8.59218597       5.03605318    
       15240   5.58491802       8.61152649       5.06708050    
       15300   5.58868837       8.62901878       5.08959913    
       15360   5.57999992       8.64429951       5.10278940    
       15420   5.59475422       8.65543747       5.10862494    
       15480   5.58868837       8.65974808       5.10868883    
       15540   5.58377028       8.65564728       5.10235977    
       15600   5.59114742       8.64366245       5.08743382    
       15660   5.61196709       8.62419987       5.06088161    
       15720   5.61819649       8.59613323       5.02197552    
       15780   5.62442636       8.55768585       4.97373104    
       15840   5.64573765       8.50837231       4.92228365    
       15900   5.65721321       8.44877911       4.87467241    
       15960   5.65901661       8.38186932       4.83542871    
       16020   5.66967201       8.31297016       4.80447388    
       16080   5.65655756       8.24799156       4.77833557    
       16140   5.64131165       8.19004631       4.75502586    
       16200   5.63590145       8.13872147       4.73256826    
       16260   5.64967203       8.09269142       4.70933485    
       16320   5.65327883       8.05132294       4.68729591    
       16380   5.66147518       8.01339245       4.66297007    
       16440   5.64721298       7.97708988       4.62867260    
       16500   5.64426231       7.94218588       4.58028793    
       16560   5.62786865       7.90578079       4.52200556    
       16620   5.63327885       7.85892725       4.46375084    
       16680   5.63852453       7.79648161       4.41263247    
       16740   5.62967205       7.72492361       4.37132359    
       16800   5.63245916       7.65637970       4.34158659    
       16860   5.62868834       7.59737158       4.32562828    
       16920   5.63081980       7.54888678       4.32370663    
       16980   5.65081978       7.51145411       4.33149529    
       17040   5.66065598       7.48629904       4.34315777    
       17100   5.66098356       7.47325468       4.35496664    
       17160   5.66065598       7.46957588       4.36679220    
       17220   5.66770506       7.47092104       4.38057327    
       17280   5.69557381       7.47363901       4.39846659    
       17340   5.69344282       7.47614050       4.42187023    
       17400   5.70049191       7.47930527       4.45100594    
       17460   5.71475410       7.48570204       4.48529863    
       17520   5.71065569       7.49775934       4.52421570    
       17580   5.71655750       7.51658773       4.56689024    
       17640   5.72032785       7.54132748       4.61107779    
       17700   5.73393440       7.57086325       4.65348101    
       17760   5.73967218       7.60412073       4.69041348    
       17820   5.73524570       7.63906097       4.71946335    
       17880   5.72491789       7.67245436       4.73950052    
       17940   5.71918011       7.70063925       4.74954033    
       18000   5.72442627       7.72147894       4.75096560    
       18060   5.71377039       7.73479795       5.67467976    
       18120   5.72606564       7.74080753       5.67376471    
       18180   5.73098373       7.73941660       5.67201614    
       18240   5.72754097       7.73362875       5.66600943    
       18300   5.72704935       7.72820759       5.65558243    
       18360   5.72475433       7.72213554       5.64421606    
       18420   5.71655750       7.71096373       5.63624763    
       18480   5.71819687       7.69340944       5.63182878    
       18540   5.73016405       7.67269659       5.62905836    
       18600   5.74114752       7.65308285       5.62650156    
       18660   5.74065590       7.63706684       5.62357187    
       18720   5.74442625       7.62519598       5.62027264    
       18780   5.73180342       7.61668444       5.61695290    
       18840   5.72819662       7.60984802       5.61493587    
       18900   5.74163914       7.60262442       5.61699438    
       18960   5.75065565       7.59461164       5.62574291    
       19020   5.75934410       7.58815002       5.64226294    
       19080   5.76557398       7.58706236       5.66481543    
       19140   5.77327871       7.59401464       5.69052935    
       19200   5.78229523       7.60890198       5.71551085    
       19260   5.79491806       7.62972879       5.73721361    
       19320   5.80852461       7.65371847       5.75870895    
       19380   5.81737709       7.67748785       5.78297710    
       19440   5.82836056       7.69867611       5.80719519    
       19500   5.83491802       7.71887636       5.82595730    
       19560   5.83950806       7.74161053       5.83645058    
       19620   5.84278679       7.76532269       5.83995914    
       19680   5.85590172       7.78361988       5.84068441    
       19740   5.87049198       7.79167366       5.84328985    
       19800   5.88163948       7.78937054       5.84923267    
       19860   5.88983583       7.78141689       5.85666943    
       19920   5.89032793       7.77425432       5.86115932    
       19980   5.88868856       7.77219677       5.85953999    
       20040   5.90049171       7.77612925       5.85867882    
       20100   5.92049170       7.78033304       5.86709452    
       20160   5.94639349       7.78016043       5.88420439    
       20220   5.96934414       7.78070354       5.90267181    
       20280   5.97672129       7.78885937       5.91780233    
       20340   5.98852444       7.80402088       5.93024492    
       20400   6.00967216       7.82019138       5.94230032    
       20460   6.03836060       7.83347702       5.95413494    
       20520   6.05721331       7.84372759       5.96138430    
       20580   6.07180309       7.85190201       5.95849037    
       20640   6.07672119       7.85802984       5.94685793    
       20700   6.09065580       7.85953426       5.93575859    
       20760   6.11901617       7.85262203       5.93285990    
       20820   6.14032793       7.83754969       5.93607044    
       20880   6.16327858       7.82108831       5.93810987    
       20940   6.18163919       7.81114769       5.93480730    
       21000   6.18295097       7.80796766       5.92543268    
       21060   6.18081951       7.80461884       5.91228771    
       21120   6.18491793       7.79564285       5.89967012    
       21180   6.19999981       7.78031874       5.89075899    
       21240   6.21508217       7.76080132       5.88661289    
       21300   6.21672153       7.74043941       5.88780594    
       21360   6.21262312       7.72270393       5.89466381    
       21420   6.21540976       7.71013355       5.90518856    
       21480   6.22196722       7.70423746       5.91535616    
       21540   6.22655725       7.70601559       5.92248249    
       21600   6.23639345       7.71429348       5.92911577    
       21660   6.24803257       7.72536373       5.78622580    
       21720   6.26327848       7.73634195       5.80621719    
       21780   6.27213097       7.74737692       5.83665848    
       21840   6.28278685       7.75981522       5.87741375    
       21900   6.30327892       7.77585316       5.92384100    
       21960   6.32098341       7.80072451       5.97029829    
       22020   6.33147526       7.83812904       6.01295376    
       22080   6.34147549       7.88371992       6.04997444    
       22140   6.34721327       7.92842531       6.08194208    
       22200   6.35016394       7.96588469       6.11072445    
       22260   6.35229492       7.99529362       6.13799286    
       22320   6.35754108       8.01984024       6.16524506    
       22380   6.35885239       8.04305553       6.19296312    
       22440   6.37934446       8.06688309       6.22103786    
       22500   6.40098381       8.09174252       6.24775839    
       22560   6.40508175       8.11666489       6.26933813    
       22620   6.40704918       8.14012146       6.28447056    
       22680   6.40409851       8.16113567       6.29461479    
       22740   6.40573788       8.17801094       6.30156708    
       22800   6.40491819       8.18866253       6.30706453    
       22860   6.39885235       8.19336700       6.31415462    
       22920   6.38540983       8.19451904       6.32362556    
       22980   6.36639357       8.19487381       6.33099031    
       23040   6.34803295       8.19720078       6.33439207    
       23100   6.32672119       8.20108032       6.34000635    
       23160   6.30295086       8.20237732       6.35527420    
       23220   6.27590179       8.20039940       6.38062572    
       23280   6.24426222       8.20073223       6.40928459    
       23340   6.20737696       8.20933437       6.43324471    
       23400   6.16852474       8.22643471       6.44850302    
       23460   6.13327885       8.24549007       6.45564842    
       23520   6.09967232       8.25836182       6.45939922    
       23580   6.06196737       8.26180840       6.46686888    
       23640   6.03131151       8.25893879       6.48016024    
       23700   5.99655724       8.25671196       6.49425507    
       23760   5.95229530       8.26062393       6.50440693    
       23820   5.90442610       8.26950741       6.51108932    
       23880   5.85442638       8.27751350       6.51716995    
       23940   5.80688524       8.28132153       6.52410555    
       24000   5.76196718       8.28282928       6.53205633    
       24060   5.71049166       8.28489113       6.54103231    
       24120   5.66590166       8.28791237       6.55157995    
       24180   5.63967228       8.29064751       6.56558371    
       24240   5.61065578       8.29243183       6.58528042    
       24300   5.58327866       8.29550266       6.60946655    
       24360   5.54754114       8.30413437       6.63229036    
       24420   5.51147556       8.31971836       6.64975214    
       24480   5.48606539       8.33751583       6.66451025    
       24540   5.46196699       8.35066795       6.68085909    
       24600   5.43606567       8.35821915       6.69930601    
       24660   5.41672134       8.36544132       6.71892023    
       24720   5.39672136       8.37581062       6.73826694    
       24780   5.37754107       8.38867760       6.75493765    
       24840   5.35836077       8.40214634       6.76757240    
       24900   5.34327888       8.41373730       6.77769661    
       24960   5.33458996       8.42065716       6.78666496    
       25020   5.32918024       8.42208290       6.79357815    
       25080   5.32098341       8.42009354       6.79857731    
       25140   5.30983591       8.41748619       6.80419302    
       25200   5.29786873       8.41601562       6.81235743    
       25260   5.28852463       8.41701412       7.33070230    
       25320   5.27901649       8.42210579       7.33316278    
       25380   5.27032804       8.43133736       7.32414389    
       25440   5.26016378       8.44026089       7.30076027    
       25500   5.25065565       8.44130421       7.26899052    
       25560   5.23426247       8.42816067       7.24041080    
       25620   5.23983622       8.39995289       7.22322130    
       25680   5.24606562       8.36389160       7.21656418    
       25740   5.23573780       8.33045387       7.21184635    
       25800   5.23278666       8.30648708       7.20065737    
       25860   5.22573757       8.29246044       7.18087101    
       25920   5.23754120       8.28267956       7.15513611    
       25980   5.25032806       8.26981068       7.12600756    
       26040   5.25557375       8.25033855       7.09310436    
       26100   5.25180340       8.22504044       7.05458927    
       26160   5.24278688       8.19582939       7.01430511    
       26220   5.24950838       8.16275692       6.98414373    
       26280   5.24868870       8.12419701       6.97154522    
       26340   5.24672127       8.08262348       6.97137547    
       26400   5.24754095       8.04765701       6.97439098    
       26460   5.24836063       8.02804565       6.97534609    
       26520   5.23803282       8.02318001       6.97304821    
       26580   5.22606564       8.02509880       6.97100687    
       26640   5.21426249       8.02629280       6.97742319    
       26700   5.22032785       8.02414894       6.99845409    
       26760   5.22163916       8.02146530       7.03091383    
       26820   5.22540998       8.02441692       7.06447268    
       26880   5.22163916       8.03803539       7.09373951    
       26940   5.24213123       8.06170273       7.12129688    
       27000   5.25852442       8.08925438       7.15025043    
       27060   5.28147554       8.11546135       7.18228245    
       27120   5.28967190       8.14101410       7.21800327    
       27180   5.32360649       8.16762638       7.25479412    
       27240   5.36262274       8.19605732       7.28782034    
       27300   5.39541006       8.22790146       7.31572723    
       27360   5.42114735       8.26258850       7.34119940    
       27420   5.46672153       8.29620457       7.36653948    
       27480   5.50475407       8.32591724       7.39145279    
       27540   5.53754091       8.35262871       7.41394472    
       27600   5.55590153       8.37811661       7.43400049    
       27660   5.59770489       8.40324116       7.45355844    
       27720   5.64196730       8.42711258       7.47189283    
       27780   5.67639351       8.44809151       7.48648214    
       27840   5.70147562       8.46625519       7.49792528    
       27900   5.71590185       8.48169613       7.50873995    
       27960   5.73918056       8.49341774       7.51867771    
       28020   5.77540970       8.50209332       7.52469635    
       28080   5.80213118       8.51014137       7.52434540    
       28140   5.81852436       8.51804066       7.51869392    
       28200   5.83524609       8.52284622       7.51154757    
       28260   5.86491823       8.52121449       7.50633001    
       28320   5.89524603       8.51342583       7.50387049    
       28380   5.92475414       8.50318909       7.50357580    
       28440   5.94065571       8.49423981       7.50478458    
       28500   5.94311476       8.48790073       7.50523472    
       28560   5.96147537       8.48357868       7.49983263    
       28620   5.96442604       8.48014069       7.48382282    
       28680   5.96032810       8.47537613       7.45755672    
       28740   5.95786905       8.46561623       7.42694426    
       28800   5.96606541       8.44805431       7.39868641    
       28860   5.98655748       8.42270279       5.65599728    
       28920   5.98819685       8.39291000       5.65696192    
       28980   5.97786903       8.36461544       5.66811657    
       29040   5.96688509       8.34298038       5.68922186    
       29100   5.96409845       8.33061314       5.71847820    
       29160   5.96622944       8.32844162       5.75014305    
       29220   5.96803284       8.33565617       5.77669907    
       29280   5.95754099       8.34929752       5.79285717    
       29340   5.94524574       8.36356831       5.79933214    
       29400   5.94655752       8.37128735       5.80317307    
       29460   5.94540977       8.36857414       5.81035280    
       29520   5.93606567       8.35834980       5.81980562    
       29580   5.90295076       8.34834480       5.82729626    
       29640   5.88377047       8.34404659       5.83243704    
       29700   5.87852478       8.34400272       5.83926964    
       29760   5.87934446       8.34305859       5.85174417    
       29820   5.87409830       8.33942604       5.86780405    
       29880   5.85196733       8.33662033       5.87928867    
       29940   5.83672142       8.33711720       5.88128328    
       30000   5.82688522       8.33618355       5.87771416    
       30060   5.80672121       8.32658291       5.87484646    
       30120   5.78737688       8.30835247       5.87462759    
       30180   5.77721310       8.28906059       5.87621164    
       30240   5.77967215       8.27459431       5.87734556    
       30300   5.78836060       8.26497078       5.87269831    
       30360   5.76672125       8.25669861       5.85695934    
       30420   5.75885248       8.24482250       5.83105659    
       30480   5.76213121       8.22359657       5.80236578    
       30540   5.77688503       8.19023705       5.77555895    
       30600   5.76590157       8.14915848       5.74931765    
       30660   5.76295090       8.10803986       5.72023487    
       30720   5.75426245       8.06952381       5.68370771    
       30780   5.75967216       8.03217888       5.63681507    
       30840   5.73803282       7.99265623       5.58233643    
       30900   5.72737694       7.94636631       5.52693653    
       30960   5.72442627       7.89156246       5.47524500    
       31020   5.72524595       7.83164930       5.42826223    
       31080   5.70803261       7.77149725       5.38534164    
       31140   5.70196724       7.71340227       5.34639215    
       31200   5.69704914       7.65810919       5.31343555    
       31260   5.70360661       7.60630512       5.28727198    
       31320   5.69491816       7.55965662       5.26667833    
       31380   5.69032764       7.51970768       5.25166082    
       31440   5.68491793       7.48527861       5.24211931    
       31500   5.67459011       7.45494413       5.23427439    
       31560   5.67131138       7.43005085       5.22449398    
       31620   5.64803267       7.41124773       5.21439648    
       31680   5.62213135       7.39533663       5.20806408    
       31740   5.61180305       7.37893391       5.20559978    
       31800   5.61393452       7.36323547       5.20217991    
       31860   5.61278677       7.35186863       5.19313097    
       31920   5.59885263       7.34481859       5.17790222    
       31980   5.58278704       7.33698177       5.15919638    
       32040   5.56147528       7.32283163       5.13911486    
       32100   5.56360674       7.30115700       5.11699677    
       32160   5.57393456       7.27475691       5.09182310    
       32220   5.55754089       7.24639273       5.06538868    
       32280   5.54639339       7.21682119       5.04224634    
       32340   5.54770470       7.18639278       5.02594995    
       32400   5.53999996       7.15717459       5.01507521    
       32460   5.52524567       7.13241863       5.42633533    
       32520   5.49655724       7.11334801       5.41307402    
       32580   5.49524593       7.09761238       5.39329529    
       32640   5.50032806       7.08188915       5.36556149    
       32700   5.49622965       7.06310940       5.33068228    
       32760   5.48393440       7.03857994       5.29085779    
       32820   5.46901655       7.00678539       5.25057411    
       32880   5.45901632       6.96723890       5.21500444    
       32940   5.44754076       6.92188120       5.18536377    
       33000   5.43934441       6.87541151       5.15832043    
       33060   5.44459009       6.83280230       5.13027763    
       33120   5.44098377       6.79636002       5.10143232    
       33180   5.44245911       6.76382160       5.07661390    
       33240   5.44524574       6.73168850       5.06000376    
       33300   5.43114758       6.70059490       5.05156183    
       33360   5.42786884       6.67490673       5.05031300    
       33420   5.42508173       6.65730047       5.05531979    
       33480   5.40983629       6.64602423       5.06229687    
       33540   5.40442610       6.63902140       5.06605864    
       33600   5.39918041       6.63681412       5.06479883    
       33660   5.38114738       6.63774204       5.05974674    
       33720   5.38524580       6.63690424       5.05449104    
       33780   5.39442635       6.63101673       5.05364704    
       33840   5.39606571       6.62125349       5.05990458    
       33900   5.36737728       6.61185217       5.07190323    
       33960   5.34098339       6.60707664       5.08455229    
       34020   5.32786894       6.60883808       5.09242058    
       34080   5.31721306       6.61655045       5.09140873    
       34140   5.30442619       6.62683296       5.08048677    
       34200   5.29508209       6.63398695       5.06271029    
       34260   5.28229523       6.63273191       5.04301500    
       34320   5.27081966       6.62107754       5.02532101    
       34380   5.26803255       6.60148287       5.01068926    
       34440   5.26426220       6.57949877       4.99833441    
       34500   5.25491810       6.56058025       4.98698044    
       34560   5.22655725       6.54684019       4.97547626    
       34620   5.20032787       6.53686285       4.96344090    
       34680   5.18229485       6.52775383       4.95140219    
       34740   5.16344261       6.51688337       4.94039011    
       34800   5.13999987       6.50295258       4.93056202    
       34860   5.12524605       6.48674536       4.92070627    
       34920   5.10721302       6.47044611       4.90959644    
       34980   5.07852459       6.45536900       4.89648438    
       35040   5.04737711       6.44067097       4.88113308    
       35100   5.02245903       6.42432356       4.86531401    
       35160   4.99786901       6.40477133       4.85283661    
       35220   4.96868849       6.38241529       4.84516573    
       35280   4.94442606       6.36040306       4.83946848    
       35340   4.90639353       6.34299469       4.83291721    
       35400   4.86540985       6.33109570       4.82639074    
       35460   4.83622932       6.32158041       4.82255554    
       35520   4.80295086       6.31216383       4.82237816    
       35580   4.76557398       6.30444622       4.82474279    
       35640   4.71967220       6.30076647       4.82866096    
       35700   4.67950821       6.30040264       4.83465528    
       35760   4.62491798       6.30061865       4.84390926    
       35820   4.56868839       6.30022144       4.85693979    
       35880   4.51901627       6.30101585       4.87328529    
       35940   4.47721291       6.30593061       4.89188623    
       36000   4.43049192       6.31605911       4.91181612    
       36060   4.39147520       6.33007574       5.11742687    
       36120   4.35704899       6.34582663       5.13701963    
       36180   4.32508183       6.36213303       5.15744114    
       36240   4.27180338       6.37960863       5.17951536    
       36300   4.22213125       6.39957190       5.20461130    
       36360   4.17491817       6.42222357       5.23307133    
       36420   4.13999987       6.44725847       5.26392794    
       36480   4.10163927       6.47484112       5.29511452    
       36540   4.05868864       6.50466347       5.32414007    
       36600   4.01360655       6.53499746       5.35035849    
       36660   3.96901631       6.56327057       5.37524986    
       36720   3.91245914       6.58843517       5.39948082    
       36780   3.86081958       6.61198902       5.42211628    
       36840   3.81491804       6.63590622       5.44144726    
       36900   3.77803278       6.66026783       5.45653772    
       36960   3.74491811       6.68326759       5.46838903    
       37020   3.68491793       6.70271540       5.47793913    
       37080   3.62098360       6.71728468       5.48561668    
       37140   3.58131146       6.72625542       5.49391556    
       37200   3.53459024       6.72962236       5.50602245    
       37260   3.48622942       6.73079491       5.52119017    
       37320   3.45377040       6.73462868       5.53550291    
       37380   3.40426230       6.74338150       5.54602814    
       37440   3.34770489       6.75582123       5.55261183    
       37500   3.29770494       6.76785755       5.55461502    
       37560   3.26901650       6.77510548       5.55081940    
       37620   3.24213123       6.77640200       5.54365635    
       37680   3.21344256       6.77305365       5.53761053    
       37740   3.17491794       6.76674986       5.53603554    
       37800   3.12114763       6.76011610       5.53831434    
       37860   3.06459022       6.75637388       5.54044819    
       37920   3.02081966       6.75741053       5.53990984    
       37980   2.96786880       6.76146364       5.53840256    
       38040   2.90557384       6.76392984       5.54116726    
       38100   2.84409833       6.76199341       5.55244350    
       38160   2.79081964       6.75817394       5.57319641    
       38220   2.74409842       6.75833082       5.60239124    
       38280   2.68918037       6.76725245       5.63761234    
       38340   2.63967204       6.78599977       5.67471313    
       38400   2.59295082       6.81262493       5.70921755    
       38460   2.54426241       6.84406996       5.73891211    
       38520   2.49377060       6.87689161       5.76466227    
       38580   2.45000005       6.90791893       5.78858805    
       38640   2.41114759       6.93550205       5.81275702    
       38700   2.37065578       6.95949364       5.83809519    
       38760   2.32049179       6.98048639       5.86322355    
       38820   2.28114748       6.99973631       5.88516521    
       38880   2.24180317       7.01876736       5.90290499    
       38940   2.19803286       7.03745079       5.91887569    
       39000   2.16639352       7.05441284       5.93613005    
       39060   2.13573766       7.06906605       5.95593166    
       39120   2.09016395       7.08252430       5.97857523    
       39180   2.05573773       7.09663439       6.00414896    
       39240   2.02377057       7.11312723       6.03045511    
       39300   2.00786877       7.13299084       6.05256653    
       39360   1.99180329       7.15598440       6.06596661    
       39420   1.98032784       7.17963076       6.06981564    
       39480   1.96803284       7.19915104       6.06687021    
       39540   1.95704913       7.21029377       6.06075716    
       39600   1.94311476       7.21221495       6.05362892    
       39660   1.92622948       7.20718241       4.55084229    
       39720   1.91196716       7.19821405       4.55081558    
       39780   1.89606559       7.18732405       4.55275297    
       39840   1.88213110       7.17500305       4.56029606    
       39900   1.87311471       7.16178513       4.57435846    
       39960   1.86573768       7.15057087       4.59275675    
       40020   1.85672128       7.14512348       4.61188459    
       40080   1.83622956       7.14650249       4.62831640    
       40140   1.81606555       7.15253162       4.63941813    
       40200   1.80377054       7.15974665       4.64431143    
       40260   1.78688526       7.16474819       4.64411163    
       40320   1.76557374       7.16457033       4.64208555    
       40380   1.74229503       7.15812635       4.64282131    
       40440   1.72377050       7.14662123       4.64953184    
       40500   1.70590162       7.13291788       4.66241169    
       40560   1.68672132       7.12106466       4.68066216    
       40620   1.67409837       7.11481190       4.70196390    
       40680   1.66639340       7.11541367       4.72119761    
       40740   1.66262293       7.12129545       4.73339701    
       40800   1.65688527       7.12887478       4.73781300    
       40860   1.64590168       7.13366461       4.73699856    
       40920   1.64065576       7.13216066       4.73472595    
       40980   1.63245904       7.12305689       4.73385429    
       41040   1.62754095       7.10813522       4.73330545    
       41100   1.62245905       7.09203100       4.72836781    
       41160   1.62491798       7.07837725       4.71803236    
       41220   1.62540984       7.06552553       4.70757580    
       41280   1.62491798       7.04878092       4.70172501    
       41340   1.62163937       7.02703619       4.70003557    
       41400   1.61672127       7.00428820       4.70023203    
       41460   1.62737703       6.98526621       4.70198298    
       41520   1.64163935       6.97090244       4.70609140    
       41580   1.65262294       6.95971346       4.71268463    
       41640   1.66950822       6.95125198       4.72113323    
       41700   1.68459022       6.94500208       4.72986221    
       41760   1.69901645       6.93924284       4.73755550    
       41820   1.71245897       6.93254757       4.74430847    
       41880   1.72803283       6.92457676       4.75072336    
       41940   1.75344265       6.91579676       4.75658178    
       42000   1.76573765       6.90675545       4.76125526    
       42060   1.77540982       6.89767694       4.76385880    
       42120   1.78754103       6.88900328       4.76487827    
       42180   1.79655743       6.88149261       4.76719522    
       42240   1.80590165       6.87479258       4.77409554    
       42300   1.81655741       6.86755800       4.78443813    
       42360   1.83049178       6.85973454       4.79343128    
       42420   1.84704924       6.85319424       4.79734612    
       42480   1.85639346       6.84880400       4.79492283    
       42540   1.87081969       6.84476137       4.78743267    
       42600   1.89704919       6.83882141       4.77810764    
       42660   1.91803277       6.82952023       4.76853514    
       42720   1.93606555       6.81541109       4.75802660    
       42780   1.94967210       6.79704762       4.74633980    
       42840   1.95819676       6.77671814       4.73418188    
       42900   1.96721315       6.75571489       4.72256279    
       42960   1.97049177       6.73404312       4.71303415    
       43020   1.97344267       6.71266413       4.70734549    
       43080   1.97459018       6.69379187       4.70597029    
       43140   1.97950816       6.67902660       4.70751047    
       43200   1.98196721       6.66875744       4.70997286    
       43260   1.98688519       6.66228676       2.32896352    
       43320   1.99426234       6.65786934       2.35151649    
       43380   1.99672127       6.65353060       2.38044047    
       43440   1.99704921       6.64884377       2.41308665    
       43500   2.00081968       6.64596844       2.44467306    
       43560   2.00540972       6.64729738       2.47357082    
       43620   2.00918031       6.65211439       2.50095510    
       43680   2.01459026       6.65748835       2.52850080    
       43740   2.02163935       6.66183186       2.55847073    
       43800   2.02950811       6.66623211       2.59248972    
       43860   2.03655744       6.67251587       2.62859702    
       43920   2.04770494       6.68219948       2.66323280    
       43980   2.06606555       6.69631624       2.69407535    
       44040   2.08491802       6.71362400       2.72016764    
       44100   2.10262299       6.73006868       2.74108768    
       44160   2.11491799       6.74141884       2.75721049    
       44220   2.12590170       6.74596786       2.76981592    
       44280   2.13688517       6.74501801       2.78165627    
       44340   2.15131140       6.74016333       2.79724383    
       44400   2.16770482       6.73212051       2.82045245    
       44460   2.18163943       6.72321129       2.85054994    
       44520   2.20409846       6.71837616       2.88230205    
       44580   2.21967220       6.72181225       2.91057634    
       44640   2.23524594       6.73287201       2.93474483    
       44700   2.25409842       6.74663591       2.95793796    
       44760   2.27147532       6.75839615       2.98358583    
       44820   2.28819680       6.76744843       3.01115203    
       44880   2.30737710       6.77703762       3.03599739    
       44940   2.31934428       6.78989363       3.05433559    
       45000   2.33737707       6.80411243       3.06682229    
       45060   2.35491800       6.81481218       3.07665062    
       45120   2.36655736       6.81977272       3.08740234    
       45180   2.37524581       6.82013464       3.10236645    
       45240   2.38344264       6.81804323       3.12209702    
       45300   2.39360666       6.81616974       3.14354563    
       45360   2.40639353       6.81707478       3.16323519    
       45420   2.41983604       6.82129812       3.17977738    
       45480   2.44114757       6.82696486       3.19288564    
       45540   2.45590162       6.83171082       3.20150113    
       45600   2.46737695       6.83414841       3.20449805    
       45660   2.48704910       6.83365297       3.20270872    
       45720   2.50639343       6.82958555       3.19943476    
       45780   2.52540994       6.82156229       3.19714093    
       45840   2.54393435       6.81080341       3.19427848    
       45900   2.56196713       6.79956722       3.18689466    
       45960   2.58852458       6.78812170       3.17466044    
       46020   2.60737705       6.77349472       3.16257811    
       46080   2.63426232       6.75288200       3.15648556    
       46140   2.66262293       6.72789574       3.15955925    
       46200   2.69819665       6.70399427       3.17076850    
       46260   2.73327875       6.68743038       3.18479085    
       46320   2.76885247       6.68150187       3.19749451    
       46380   2.79672122       6.68351412       3.21018505    
       46440   2.82295084       6.68775988       3.22719264    
       46500   2.86065578       6.69088793       3.25115967    
       46560   2.90114760       6.69340944       3.28043962    
       46620   2.93311477       6.69836187       3.30965853    
       46680   2.96377039       6.70965004       3.33464909    
       46740   3.00557375       6.72879887       3.35595822    
       46800   3.04278684       6.75179863       3.37784433    
       46860   3.08262300       6.77246571       2.88498569    
       46920   3.11836076       6.78870010       2.91515613    
       46980   3.14344263       6.80337954       2.94213223    
       47040   3.18114758       6.82019711       2.96126604    
       47100   3.23032784       6.83819771       2.97228265    
       47160   3.27786875       6.85228634       2.97686005    
       47220   3.32377052       6.85922194       2.97662950    
       47280   3.36508203       6.85978413       2.97354507    
       47340   3.41540980       6.85543966       2.97032928    
       47400   3.46295071       6.84655428       2.96908116    
       47460   3.51360655       6.83449173       2.97042322    
       47520   3.55819678       6.82148695       2.97535419    
       47580   3.61262298       6.80938911       2.98612356    
       47640   3.66475415       6.80056858       3.00364876    
       47700   3.72245908       6.79746771       3.02617645    
       47760   3.78147531       6.80088949       3.05094862    
       47820   3.84377050       6.81001711       3.07536173    
       47880   3.90524602       6.82345533       3.09662056    
       47940   3.95327878       6.84006739       3.11220074    
       48000   4.00065565       6.85772514       3.12088346    
       48060   4.04901648       6.87237549       3.12373638    
       48120   4.11000013       6.87980270       3.12371635    
       48180   4.15557384       6.87837124       3.12419772    
       48240   4.20557356       6.87026930       3.12771583    
       48300   4.25524569       6.86027193       3.13524032    
       48360   4.30278683       6.85255289       3.14636850    
       48420   4.34459019       6.84857464       3.15976429    
       48480   4.37950802       6.84794235       3.17446876    
       48540   4.42377043       6.85036325       3.19000316    
       48600   4.47459030       6.85585546       3.20632672    
       48660   4.51770496       6.86420822       3.22399473    
       48720   4.56655741       6.87458515       3.24359941    
       48780   4.61688519       6.88610649       3.26496387    
       48840   4.66688538       6.89803839       3.28668737    
       48900   4.71655750       6.90972805       3.30682492    
       48960   4.76950836       6.92045164       3.32359242    
       49020   4.81786871       6.92978334       3.33570671    
       49080   4.86754084       6.93793917       3.34296536    
       49140   4.91016388       6.94475985       3.34677410    
       49200   4.95655727       6.94881392       3.35009694    
       49260   5.00491810       6.94862604       3.35574055    
       49320   5.04409838       6.94484663       3.36435843    
       49380   5.08557367       6.94043112       3.37448454    
       49440   5.12475395       6.93846369       3.38473415    
       49500   5.16245890       6.93984461       3.39574933    
       49560   5.19606543       6.94298458       3.41013408    
       49620   5.22229528       6.94581795       3.43033838    
       49680   5.25508213       6.94809628       3.45583439    
       49740   5.28098345       6.95152760       3.48304152    
       49800   5.31049204       6.95807505       3.50779080    
       49860   5.33590174       6.96834183       3.52736402    
       49920   5.35901642       6.98153925       3.54214001    
       49980   5.38360643       6.99550056       3.55450726    
       50040   5.41295099       7.00732422       3.56496072    
       50100   5.44377041       7.01543236       3.57115650    
       50160   5.46688509       7.01978302       3.57155943    
       50220   5.48704910       7.01939154       3.56901026    
       50280   5.51573753       7.01227713       3.56956792    
       50340   5.54655743       6.99928856       3.57737684    
       50400   5.56590176       6.98629093       3.59153295    
       50460   5.58852482       6.97952604       4.01260567    
       50520   5.60901642       6.98041296       4.02174234    
       50580   5.63360643       6.98588705       4.02651119    
       50640   5.66918039       6.99092388       4.03000307    
       50700   5.69000006       6.99206638       4.03530741    
       50760   5.69950819       6.98956776       4.04372835    
       50820   5.70557356       6.98596144       4.05495358    
       50880   5.71163940       6.98408699       4.06702662    
       50940   5.72606564       6.98627234       4.07759953    
       51000   5.72573757       6.99271822       4.08541155    
       51060   5.73180342       7.00062466       4.09007454    
       51120   5.73360634       7.00648022       4.09233427    
       51180   5.74344254       7.00809002       4.09372187    
       51240   5.74311495       7.00525427       4.09465504    
       51300   5.73688507       6.99994469       4.09342957    
       51360   5.72672129       6.99422550       4.08742476    
       51420   5.71672153       6.98813629       4.07544184    
       51480   5.70639324       6.98037481       4.05860233    
       51540   5.69622946       6.96949577       4.03993845    
       51600   5.69295073       6.95508432       4.02236795    
       51660   5.68983603       6.93785286       4.00656176    
       51720   5.68655729       6.91884279       3.99080968    
       51780   5.67262316       6.89899969       3.97386885    
       51840   5.67131138       6.87863731       3.95653725    
       51900   5.66967201       6.85713482       3.93958950    
       51960   5.66344261       6.83406162       3.92221165    
       52020   5.65360641       6.81038618       3.90316224    
       52080   5.65442610       6.78681946       3.88218141    
       52140   5.65721321       6.76268673       3.85974979    
       52200   5.64541006       6.73740673       3.83637214    
       52260   5.62901640       6.71140242       3.81190634    
       52320   5.61918020       6.68530560       3.78546190    
       52380   5.61098337       6.65921259       3.75544333    
       52440   5.59426212       6.63222694       3.72042847    
       52500   5.57540989       6.60243845       3.68151617    
       52560   5.55819654       6.56757784       3.64311242    
       52620   5.53278685       6.52605295       3.61028361    
       52680   5.51114750       6.47885275       3.58583689    
       52740   5.48852444       6.43101549       3.57019234    
       52800   5.46557379       6.38917685       3.56245732    
       52860   5.44262314       6.35691261       3.56031728    
       52920   5.41114759       6.33366394       3.56051922    
       52980   5.38213110       6.31746244       3.56026483    
       53040   5.35344267       6.30651999       3.55879712    
       53100   5.32114744       6.29910469       3.55782628    
       53160   5.28754091       6.29342031       3.55915332    
       53220   5.26901627       6.28768015       3.56112266    
       53280   5.24606562       6.28093195       3.55895567    
       53340   5.22016382       6.27328014       3.54896307    
       53400   5.19557381       6.26379776       3.53124428    
       53460   5.16737700       6.24969053       3.51040554    
       53520   5.13540983       6.22915125       3.49374151    
       53580   5.10590172       6.20366096       3.48579764    
       53640   5.07278681       6.17718077       3.48483920    
       53700   5.04131126       6.15453005       3.48491669    
       53760   5.01295090       6.13893604       3.48038840    
       53820   4.98213100       6.12995481       3.46885419    
       53880   4.94819689       6.12333870       3.45139003    
       53940   4.91655731       6.11325121       3.43040252    
       54000   4.88377047       6.09592485       3.40738249    
       54060   4.84688520       6.07186413       4.86391068    
       54120   4.81114769       6.04367924       4.83253765    
       54180   4.77754116       6.01302242       4.80523920    
       54240   4.74393463       5.98128271       4.78289843    
       54300   4.70918036       5.95081186       4.76257420    
       54360   4.67360640       5.92387104       4.73863459    
       54420   4.63999987       5.90112782       4.70922041    
       54480   4.61016417       5.88073730       4.67627192    
       54540   4.57901621       5.85834742       4.64279032    
       54600   4.54491806       5.83143091       4.61086178    
       54660   4.51819658       5.80164576       4.58054733    
       54720   4.48918056       5.77136660       4.55089188    
       54780   4.46049166       5.74181080       4.52093315    
       54840   4.42737722       5.71262646       4.49046040    
       54900   4.39163923       5.68284607       4.45985508    
       54960   4.35852480       5.65198183       4.43045759    
       55020   4.32163954       5.62026262       4.40429258    
       55080   4.28393459       5.58864975       4.38197565    
       55140   4.24672127       5.55922270       4.36271715    
       55200   4.21344280       5.53454685       4.34655762    
       55260   4.17934418       5.51567793       4.33351898    
       55320   4.14360666       5.50081253       4.32137251    
       55380   4.10754108       5.48721170       4.30763674    
       55440   4.07360649       5.47431135       4.29113722    
       55500   4.04163933       5.46188545       4.27300644    
       55560   4.00967216       5.44857264       4.25575876    
       55620   3.98262286       5.43225336       4.24086714    
       55680   3.95721316       5.41282177       4.22778940    
       55740   3.92770481       5.39300537       4.21659946    
       55800   3.89655733       5.37560272       4.20948792    
       55860   3.87032795       5.36118889       4.20912457    
       55920   3.84442616       5.34961987       4.21696472    
       55980   3.81393433       5.34217596       4.23247004    
       56040   3.78081965       5.34135771       4.25333309    
       56100   3.74918032       5.34886885       4.27583838    
       56160   3.72114754       5.36453819       4.29592419    
       56220   3.69245911       5.38627243       4.31045008    
       56280   3.66754103       5.40974522       4.31847811    
       56340   3.64409828       5.42902946       4.32115173    
       56400   3.62245893       5.44033146       4.31951094    
       56460   3.60081959       5.44390297       4.31302929    
       56520   3.57737708       5.44196606       4.30135441    
       56580   3.55967212       5.43557930       4.28665113    
       56640   3.54163933       5.42461205       4.27423525    
       56700   3.52311468       5.40951061       4.26892710    
       56760   3.51081967       5.39255095       4.27079201    
       56820   3.50016403       5.37780380       4.27605820    
       56880   3.47688532       5.36852741       4.28162956    
       56940   3.45442629       5.36427736       4.28696585    
       57000   3.43065572       5.36261511       4.29327011    
       57060   3.40655732       5.36230278       4.30254126    
       57120   3.38360667       5.36342525       4.31495190    
       57180   3.36147547       5.36658621       4.32705307    
       57240   3.33688521       5.37267780       4.33559418    
       57300   3.31262302       5.38069582       4.34082270    
       57360   3.28934431       5.38711452       4.34611130    
       57420   3.26770496       5.38978243       4.35485363    
       57480   3.25377059       5.39089298       4.36735201    
       57540   3.24475408       5.39449310       4.38103867    
       57600   3.23655748       5.40278053       4.39357185    
       57660   3.22868848       5.41458750       4.13800955    
       57720   3.22672129       5.42706585       4.14564085    
       57780   3.22393441       5.43799305       4.14896536    
       57840   3.21803284       5.44633293       4.14575243    
       57900   3.21262288       5.45117903       4.13620472    
       57960   3.20721316       5.45108175       4.12679672    
       58020   3.20721316       5.44408274       4.12589264    
       58080   3.20557380       5.43030167       4.13556004    
       58140   3.20049191       5.41598654       4.15528822    
       58200   3.19770503       5.40932751       4.18443632    
       58260   3.19196725       5.41302490       4.21900845    
       58320   3.18245912       5.42636490       4.25265265    
       58380   3.17459011       5.44871187       4.28038168    
       58440   3.16967201       5.47793436       4.30129623    
       58500   3.16590166       5.50858450       4.31590271    
       58560   3.16475415       5.53464079       4.32304049    
       58620   3.16557384       5.55335808       4.32168388    
       58680   3.16967201       5.56500006       4.31298065    
       58740   3.17147541       5.56931400       4.30060005    
       58800   3.17393446       5.56533241       4.28892469    
       58860   3.17278695       5.55415916       4.28026199    
       58920   3.17524600       5.53955841       4.27560854    
       58980   3.17934418       5.52463341       4.27728605    
       59040   3.17983603       5.50988960       4.28719378    
       59100   3.18098354       5.49723625       4.30427313    
       59160   3.17885256       5.49079418       4.32407379    
       59220   3.17557383       5.49351549       4.34306049    
       59280   3.16819668       5.50400305       4.36166382    
       59340   3.15950823       5.51714802       4.38127756    
       59400   3.15573764       5.52883911       4.40093756    
       59460   3.15459013       5.53990793       4.41786432    
       59520   3.15409827       5.55283260       4.42963982    
       59580   3.15459013       5.56660271       4.43570328    
       59640   3.15459013       5.57774734       4.43689108    
       59700   3.15491796       5.58376408       4.43498802    
       59760   3.15573764       5.58442402       4.43265676    
       59820   3.15295076       5.58120203       4.43203115    
       59880   3.15213108       5.57642746       4.43416405    
       59940   3.15409827       5.57219124       4.44043303    
       60000   3.15655732       5.56890202       4.45257759    
       60060   3.15278697       5.56643581       4.47069168    
       60120   3.14901638       5.56597567       4.49277210    
       60180   3.15065575       5.57011223       4.51655436    
       60240   3.15311480       5.58071423       4.54058313    
       60300   3.15836072       5.59723186       4.56298113    
       60360   3.16409826       5.61703539       4.58158159    
       60420   3.16868854       5.63665867       4.59513664    
       60480   3.17393446       5.65298605       4.60383320    
       60540   3.18098354       5.66439009       4.60913610    
       60600   3.18918037       5.67073822       4.61320877    
       60660   3.19786882       5.67290878       4.61757231    
       60720   3.20934415       5.67242479       4.62199163    
       60780   3.21836066       5.67088842       4.62544155    
       60840   3.22983599       5.66915655       4.62753057    
       60900   3.23918033       5.66733932       4.62782049    
       60960   3.24819660       5.66534853       4.62612534    
       61020   3.25754094       5.66275978       4.62296391    
       61080   3.26245904       5.65874720       4.61916590    
       61140   3.25836062       5.65315247       4.61567497    
       61200   3.25163937       5.64646101       4.61324835    
       61260   3.24442625       5.63949919       3.57142258    
       61320   3.23672128       5.63330460       3.57704520    
       61380   3.22229505       5.62870169       3.58330035    
       61440   3.20836067       5.62546492       3.59157610    
       61500   3.19327879       5.62287188       3.60386682    
       61560   3.17491794       5.62090874       3.61968899    
       61620   3.15196729       5.62098789       3.63376451    
       61680   3.12901640       5.62439871       3.64082289    
       61740   3.10229516       5.62902975       3.63982081    
       61800   3.07901645       5.62985754       3.63114238    
       61860   3.05688524       5.62369537       3.61552000    
       61920   3.03524590       5.60984755       3.59725213    
       61980   3.02016401       5.58784389       3.58321643    
       62040   2.99639344       5.55944729       3.57866907    
       62100   2.97131157       5.53043938       3.58405828    
       62160   2.94540977       5.50757027       3.59811807    
       62220   2.92081976       5.49446154       3.62130451    
       62280   2.89868855       5.49118710       3.65427089    
       62340   2.87573767       5.49751472       3.69606137    
       62400   2.84901643       5.51389694       3.74433422    
       62460   2.82196712       5.54004049       3.79597735    
       62520   2.80229497       5.57447815       3.84671903    
       62580   2.77819681       5.61495781       3.89202094    
       62640   2.75491810       5.65818453       3.92900133    
       62700   2.72950816       5.69953775       3.95767450    
       62760   2.70868850       5.73458195       3.98062778    
       62820   2.68049169       5.76112747       4.00095415    
       62880   2.65540981       5.77993584       4.01936245    
       62940   2.62508202       5.79397631       4.03478003    
       63000   2.59721303       5.80585718       4.04523325    
       63060   2.57508206       5.81533146       4.05513191    
       63120   2.54475403       5.82010460       4.06641960    
       63180   2.51114750       5.82183695       4.08015060    
       63240   2.48000002       5.82414961       4.09653664    
       63300   2.45065570       5.82861423       4.11578608    
       63360   2.42196727       5.83582067       4.13838768    
       63420   2.40557384       5.84595966       4.16466856    
       63480   2.39377046       5.85941315       4.19389057    
       63540   2.38180327       5.87663555       4.22376204    
       63600   2.37081957       5.89746618       4.25044966    
       63660   2.34950829       5.92040730       4.27028847    
       63720   2.32901645       5.94234324       4.28250837    
       63780   2.30606556       5.95923615       4.28994036    
       63840   2.28967214       5.96856260       4.29635477    
       63900   2.27131152       5.97141695       4.30346012    
       63960   2.25540972       5.97143745       4.31087017    
       64020   2.23573780       5.97160196       4.31775475    
       64080   2.21098351       5.97249079       4.32396364    
       64140   2.19049191       5.97335196       4.32972050    
       64200   2.15639353       5.97368288       4.33491325    
       64260   2.12278700       5.97355509       4.33867073    
       64320   2.08081961       5.97305346       4.33964491    
       64380   2.04065585       5.97170353       4.33738184    
       64440   1.99262297       5.96829319       4.33301353    
       64500   1.94918036       5.96175575       4.32827854    
       64560   1.90409839       5.95243835       4.32450056    
       64620   1.85868847       5.94192410       4.32235575    
       64680   1.82098365       5.93183088       4.32206869    
       64740   1.78573775       5.92317152       4.32359219    
       61260   9999.00000       9999.00000       3.21681094    
