 20181103
 Seconds  Measures(WS-m/s)  Meso-NH(WS-m/s)  FORECAST_AR(WS-m/s)
        7260   6.57114744       7.99047518       6.66492081    
        7320   6.59245920       7.99616528       6.68420076    
        7380   6.61918020       8.00647068       6.69893885    
        7440   6.64606571       8.01828384       6.71069431    
        7500   6.65639353       8.02754211       6.72412777    
        7560   6.65475416       8.03216553       6.74247599    
        7620   6.65967226       8.03458309       6.76516581    
        7680   6.66786861       8.03960514       6.78748512    
        7740   6.66622972       8.04920483       6.80364943    
        7800   6.68262291       8.06121731       6.81051159    
        7860   6.69409847       8.07145596       6.80856848    
        7920   6.71622944       8.07666874       6.80263901    
        7980   6.73819685       8.07648373       6.79818010    
        8040   6.74721289       8.07296562       6.79823065    
        8100   6.76573753       8.06929493       6.80177736    
        8160   6.78885269       8.06783104       6.80623341    
        8220   6.80114746       8.06802559       6.80852699    
        8280   6.82229519       8.06732464       6.80501127    
        8340   6.83295059       8.06340599       6.79410982    
        8400   6.85229492       8.05484581       6.77797699    
        8460   6.86754084       8.04141426       6.76042223    
        8520   6.87737703       8.02425671       6.74548578    
        8580   6.89508200       8.00464153       6.73780203    
        8640   6.88442612       7.98325205       6.74150038    
        8700   6.89213133       7.96232128       6.75759029    
        8760   6.89655733       7.94674826       6.78275919    
        8820   6.90213108       7.94300318       6.80963564    
        8880   6.90098381       7.95515347       6.83022738    
        8940   6.90999985       7.98139429       6.83978844    
        9000   6.91213131       8.01373196       6.83653212    
        9060   6.93459034       8.04159737       6.82190037    
        9120   6.94836044       8.05613518       6.79947138    
        9180   6.96114731       8.05369663       6.77313089    
        9240   6.97540998       8.03628349       6.74551582    
        9300   6.98721313       8.00895119       6.71941900    
        9360   6.98934412       7.97658348       6.69851971    
        9420   6.99229527       7.94256306       6.68585968    
        9480   6.98639345       7.91033030       6.68215466    
        9540   6.98344278       7.88414145       6.68621063    
        9600   6.98508215       7.86722374       6.69770765    
        9660   6.98803282       7.85994577       6.71822453    
        9720   6.99475431       7.86073589       6.74709511    
        9780   6.98409843       7.86858511       6.77778673    
        9840   6.97426224       7.88459158       6.80047321    
        9900   6.96770477       7.90979147       6.80966902    
        9960   6.97098351       7.94001484       6.80475187    
       10020   6.96606541       7.96601439       6.78593493    
       10080   6.95819664       7.97957325       6.75790310    
       10140   6.94885254       7.97877264       6.73183537    
       10200   6.94836044       7.96476698       6.72002745    
       10260   6.93229485       7.94029617       6.72839928    
       10320   6.91803265       7.91272688       6.74923944    
       10380   6.90983629       7.89298487       6.76418400    
       10440   6.91393423       7.89037800       6.75961733    
       10500   6.89786863       7.90477180       6.73749447    
       10560   6.88262272       7.92273855       6.71100426    
       10620   6.86081982       7.92759132       6.69009018    
       10680   6.82967234       7.91345072       6.67716932    
       10740   6.80999994       7.88780975       6.67279434    
       10800   6.78868866       7.86158562       6.67620993    
       10860   6.76049185       7.84030628       7.07134390    
       10920   6.71672153       7.82655525       7.06825924    
       10980   6.69295073       7.82170773       7.05630112    
       11040   6.67081976       7.82337761       7.04362917    
       11100   6.64721298       7.82343626       7.03861570    
       11160   6.62836075       7.81466150       7.04253626    
       11220   6.61262274       7.80004454       7.04968929    
       11280   6.60655737       7.78820133       7.05008459    
       11340   6.58114767       7.78443432       7.03653526    
       11400   6.57000017       7.78687716       7.01123571    
       11460   6.54540968       7.78739691       6.98484373    
       11520   6.53508186       7.77773380       6.97074032    
       11580   6.51081944       7.75707579       6.97550821    
       11640   6.50852442       7.73355961       6.99371529    
       11700   6.50688505       7.71945572       7.01530361    
       11760   6.49426222       7.72350025       7.03344584    
       11820   6.47049189       7.74347782       7.04504585    
       11880   6.45163918       7.76889944       7.04771328    
       11940   6.45213127       7.79018641       7.04118299    
       12000   6.44639349       7.80314589       7.03111267    
       12060   6.44032764       7.80746174       7.02413464    
       12120   6.44278669       7.80413389       7.01948643    
       12180   6.43622971       7.79686260       7.00970125    
       12240   6.42803288       7.79068232       6.98725605    
       12300   6.42754078       7.78551292       6.94985104    
       12360   6.42803288       7.77434540       6.90441179    
       12420   6.45098352       7.74956846       6.86235762    
       12480   6.44901657       7.70923042       6.82866096    
       12540   6.46655750       7.66092253       6.80318594    
       12600   6.46327877       7.61874247       6.78919220    
       12660   6.46393442       7.59159231       6.79369926    
       12720   6.43491793       7.57727146       6.81929827    
       12780   6.44819689       7.57152843       6.86321402    
       12840   6.43475389       7.57658863       6.91691256    
       12900   6.42819691       7.59725475       6.96662951    
       12960   6.43147564       7.63422728       7.00044203    
       13020   6.43688536       7.68321037       7.01639462    
       13080   6.42868853       7.73339939       7.02069855    
       13140   6.43491793       7.77104187       7.02356958    
       13200   6.42721319       7.78960085       7.03177023    
       13260   6.43950796       7.79298830       7.04362965    
       13320   6.45213127       7.79078197       7.05450487    
       13380   6.45655727       7.79163980       7.06639433    
       13440   6.47426224       7.79636383       7.08492517    
       13500   6.48688507       7.80081987       7.11201906    
       13560   6.50000000       7.80799389       7.14691496    
       13620   6.50704908       7.82717991       7.19348574    
       13680   6.51754093       7.86168051       7.25684834    
       13740   6.53852463       7.90607691       7.32885599    
       13800   6.56065559       7.95970440       7.39056301    
       13860   6.60540962       8.02748489       7.42581940    
       13920   6.63000011       8.10309505       7.43340015    
       13980   6.66967201       8.16655636       7.43060875    
       14040   6.70327854       8.19971085       7.44281054    
       14100   6.72918034       8.20287323       7.48263884    
       14160   6.76163912       8.19855881       7.54038858    
       14220   6.79442644       8.21431541       7.59600830    
       14280   6.84081984       8.26075554       7.63820744    
       14340   6.87262297       8.32450008       7.66632652    
       14400   6.89639330       8.38317013       7.68360472    
       14460   6.93213129       8.42477036       6.82896519    
       14520   6.95754099       8.44830704       6.84207582    
       14580   7.00213099       8.45795345       6.86261082    
       14640   7.02918053       8.46212196       6.89010096    
       14700   7.06032801       8.47224331       6.91443968    
       14760   7.08901644       8.49433517       6.92273045    
       14820   7.11442614       8.52124023       6.90890598    
       14880   7.13950825       8.54040813       6.87816811    
       14940   7.16278696       8.54266739       6.84504175    
       15000   7.20098352       8.52523232       6.82427025    
       15060   7.22065592       8.49457836       6.82245827    
       15120   7.25295067       8.46292782       6.83554554    
       15180   7.27754116       8.44063282       6.85018015    
       15240   7.30377054       8.43127441       6.85410357    
       15300   7.33819675       8.43105221       6.84713268    
       15360   7.37836075       8.43151188       6.83677721    
       15420   7.39885235       8.42681217       6.83048153    
       15480   7.41590166       8.41730690       6.83539867    
       15540   7.45557356       8.40643024       6.85968828    
       15600   7.47196722       8.39733696       6.90742683    
       15660   7.49327850       8.39543343       6.97121334    
       15720   7.50229502       8.40979671       7.03845167    
       15780   7.49852467       8.44574070       7.10376644    
       15840   7.51655722       8.49834061       7.16756916    
       15900   7.53983593       8.55798817       7.23566151    
       15960   7.56901646       8.61986828       7.31084394    
       16020   7.58868837       8.68281651       7.38516140    
       16080   7.57475424       8.74793434       7.44925308    
       16140   7.58458996       8.81658936       7.50642157    
       16200   7.57524586       8.88331890       7.57223415    
       16260   7.57360649       8.94320011       7.65177298    
       16320   7.57245922       8.99964142       7.72629499    
       16380   7.58475399       9.06031227       7.77562332    
       16440   7.57245922       9.12775993       7.79812002    
       16500   7.57524586       9.19102192       7.80562973    
       16560   7.57688522       9.23250389       7.81448793    
       16620   7.57163954       9.24749947       7.83472872    
       16680   7.57360649       9.24940681       7.86408567    
       16740   7.58016396       9.25653267       7.89479828    
       16800   7.58508205       9.27687931       7.91735554    
       16860   7.60557365       9.30496788       7.92452860    
       16920   7.60311460       9.33014393       7.91754198    
       16980   7.60770512       9.34372807       7.90281153    
       17040   7.60852480       9.34264278       7.88363791    
       17100   7.62803268       9.32867908       7.86142349    
       17160   7.63885260       9.30421543       7.83972931    
       17220   7.63393450       9.27286243       7.82341194    
       17280   7.64163923       9.24164677       7.80963326    
       17340   7.64704895       9.21601582       7.78722668    
       17400   7.64327860       9.19436741       7.75635004    
       17460   7.64131165       9.17217731       7.73145866    
       17520   7.63459015       9.14668560       7.72338104    
       17580   7.63426208       9.11900806       7.73160124    
       17640   7.62032795       9.09699535       7.75123596    
       17700   7.62721300       9.08652973       7.77334547    
       17760   7.62721300       9.08461952       7.79323339    
       17820   7.63622952       9.08746433       7.81789970    
       17880   7.64311457       9.09450626       7.85011768    
       17940   7.63819695       9.10641670       7.88557148    
       18000   7.64491796       9.12842464       7.92324162    
       18060   7.65016413       9.16156960       8.32450199    
       18120   7.64442635       9.19776154       8.35337353    
       18180   7.65508175       9.23128033       8.36940098    
       18240   7.67590141       9.26155472       8.38123512    
       18300   7.69803286       9.28596020       8.39901352    
       18360   7.72426224       9.30081940       8.42844105    
       18420   7.75819683       9.30980968       8.47711277    
       18480   7.79213095       9.32271862       8.54769230    
       18540   7.80245924       9.34712410       8.63393688    
       18600   7.81524611       9.39107037       8.72468853    
       18660   7.83114767       9.45842171       8.80880547    
       18720   7.85049200       9.54275703       8.87692642    
       18780   7.88000011       9.63101387       8.92708206    
       18840   7.90180349       9.71076488       8.96365929    
       18900   7.91868830       9.77374172       8.98690414    
       18960   7.90868855       9.81931496       9.00481129    
       19020   7.92098379       9.85551739       9.03848171    
       19080   7.93852472       9.88524723       9.09310436    
       19140   7.95836067       9.90662861       9.14565277    
       19200   7.96737719       9.93133926       9.18521118    
       19260   7.99032784       9.97162724       9.21867466    
       19320   8.01573753       10.0146265       9.23829937    
       19380   8.03327847       10.0416365       9.23624325    
       19440   8.06327915       10.0602741       9.21868134    
       19500   8.08819675       10.0771275       9.19524097    
       19560   8.09573746       10.0814190       9.16915035    
       19620   8.10065556       10.0703678       9.14037132    
       19680   8.12688541       10.0488882       9.11545372    
       19740   8.16426277       10.0196810       9.10036182    
       19800   8.19704914       9.98727894       9.09336662    
       19860   8.23803234       9.95953655       9.07917213    
       19920   8.27245903       9.94266224       9.04256248    
       19980   8.30442619       9.93196011       8.99603367    
       20040   8.34442616       9.91371346       8.96306419    
       20100   8.37508202       9.87936306       8.95639324    
       20160   8.41278648       9.83868313       8.97890472    
       20220   8.45590210       9.80690289       9.01696682    
       20280   8.50000000       9.79203415       9.04736328    
       20340   8.53688526       9.80028439       9.07508659    
       20400   8.56967258       9.83064365       9.11496162    
       20460   8.59393406       9.86583519       9.16266155    
       20520   8.60114765       9.89518070       9.21348953    
       20580   8.60721302       9.93136406       9.26210785    
       20640   8.59934425       9.97941971       9.29899311    
       20700   8.61131191       10.0335817       9.32940674    
       20760   8.59836102       10.0869713       9.36458969    
       20820   8.59163952       10.1280394       9.40809917    
       20880   8.59131145       10.1554718       9.45387363    
       20940   8.59098339       10.1842775       9.49374771    
       21000   8.57737732       10.2231255       9.52722836    
       21060   8.56475449       10.2667160       9.55650616    
       21120   8.55032825       10.3102980       9.58376408    
       21180   8.53409863       10.3539362       9.61488914    
       21240   8.51688480       10.3920994       9.64715004    
       21300   8.50098324       10.4200888       9.65940762    
       21360   8.47393417       10.4429646       9.64447880    
       21420   8.44721317       10.4641085       9.62078285    
       21480   8.41721344       10.4732141       9.60382748    
       21540   8.39098358       10.4605122       9.60373974    
       21600   8.36672115       10.4329338       9.62443829    
       21660   8.34737682       10.4082880       8.82076836    
       21720   8.33803272       10.4014711       8.86108589    
       21780   8.32688522       10.4154119       8.90839577    
       21840   8.31163979       10.4420910       8.95892429    
       21900   8.28999996       10.4756832       9.00025082    
       21960   8.25852489       10.5200691       9.03203869    
       22020   8.22491837       10.5714264       9.05595684    
       22080   8.19508171       10.6122656       9.06346130    
       22140   8.16885281       10.6372080       9.04981899    
       22200   8.15393448       10.6498880       9.02428150    
       22260   8.13049221       10.6484451       8.99976158    
       22320   8.09557343       10.6303959       8.97969818    
       22380   8.07622910       10.6014204       8.96623230    
       22440   8.04180336       10.5728054       8.95911503    
       22500   8.01180363       10.5507555       8.95635509    
       22560   7.99196720       10.5353765       8.96269703    
       22620   7.98967218       10.5252800       8.97463417    
       22680   7.96098375       10.5241795       8.97560310    
       22740   7.92983627       10.5343571       8.96084499    
       22800   7.90393448       10.5404949       8.94058228    
       22860   7.86459017       10.5259180       8.91042709    
       22920   7.82245922       10.5002575       8.85836601    
       22980   7.77868843       10.4761791       8.79659367    
       23040   7.73655748       10.4394703       8.74371052    
       23100   7.69803286       10.3853445       8.70164394    
       23160   7.65131140       10.3305206       8.66525555    
       23220   7.61393452       10.2837687       8.63362503    
       23280   7.57836056       10.2437096       8.60607624    
       23340   7.52180338       10.2048941       8.57678604    
       23400   7.47836065       10.1660662       8.54230213    
       23460   7.42639351       10.1286716       8.50166321    
       23520   7.37786865       10.0898399       8.45893764    
       23580   7.33606577       10.0478830       8.42478657    
       23640   7.29393435       10.0043840       8.39953518    
       23700   7.24278688       9.96466541       8.37291813    
       23760   7.20754099       9.93131828       8.33190250    
       23820   7.15836048       9.89964104       8.26844025    
       23880   7.10426235       9.86007595       8.19030094    
       23940   7.05196714       9.80020523       8.11843872    
       24000   7.00901651       9.71913719       8.05336285    
       24060   6.96803284       9.63625050       7.98693275    
       24120   6.93262291       9.56256294       7.92866230    
       24180   6.90803289       9.48612309       7.88458538    
       24240   6.88508177       9.40676117       7.85444784    
       24300   6.86049175       9.33693886       7.84096479    
       24360   6.83344269       9.28457832       7.83858919    
       24420   6.80754089       9.25307369       7.83866787    
       24480   6.78475428       9.23572445       7.83643436    
       24540   6.76180315       9.22031021       7.83122540    
       24600   6.73098373       9.20539474       7.82451868    
       24660   6.71016407       9.19409752       7.82182121    
       24720   6.69327879       9.18678188       7.82975578    
       24780   6.66786861       9.18401241       7.84150600    
       24840   6.64147520       9.18743324       7.84228516    
       24900   6.62213135       9.19693756       7.83230734    
       24960   6.60573769       9.20417213       7.83074665    
       25020   6.58934402       9.19798183       7.84546804    
       25080   6.57049179       9.18565083       7.85953617    
       25140   6.54475403       9.18640518       7.85546732    
       25200   6.51786900       9.19970894       7.82941341    
       25260   6.49049187       9.20762539       6.61287785    
       25320   6.45524597       9.19560051       6.56281042    
       25380   6.41622972       9.15988064       6.50639868    
       25440   6.37934446       9.10713482       6.43578005    
       25500   6.34114742       9.04748535       6.35564232    
       25560   6.30918026       8.98337078       6.27931023    
       25620   6.27377033       8.91248417       6.20711756    
       25680   6.22377062       8.83756161       6.13767052    
       25740   6.17131138       8.76050472       6.07861900    
       25800   6.12311459       8.68032551       6.03706264    
       25860   6.08508205       8.60178375       6.00816059    
       25920   6.04540968       8.53491974       5.97934294    
       25980   6.00983620       8.48377609       5.94473553    
       26040   5.95934439       8.44272327       5.90634584    
       26100   5.90737724       8.40480232       5.86933804    
       26160   5.86852455       8.36379242       5.83566666    
       26220   5.81622934       8.31680489       5.80593872    
       26280   5.75950813       8.26871681       5.77985954    
       26340   5.71196699       8.22552872       5.75459337    
       26400   5.66196728       8.18829060       5.72747517    
       26460   5.61819649       8.15344429       5.70304203    
       26520   5.57196712       8.11565208       5.68539190    
       26580   5.53540993       8.07698822       5.67407131    
       26640   5.49360657       8.04552841       5.67126989    
       26700   5.44557381       8.02394199       5.67842197    
       26760   5.40688515       8.01005840       5.69444704    
       26820   5.36721325       8.00251865       5.71633863    
       26880   5.33770514       8.00167847       5.73765230    
       26940   5.30983591       8.00898647       5.75557423    
       27000   5.28557396       8.02047062       5.77265739    
       27060   5.25311470       8.02974510       5.79269981    
       27120   5.22475433       8.03646374       5.82175684    
       27180   5.19377041       8.04327869       5.86626387    
       27240   5.15852451       8.05397511       5.92755461    
       27300   5.12737703       8.07429790       5.99856138    
       27360   5.09540987       8.10784912       6.06792784    
       27420   5.05524588       8.15475655       6.12877512    
       27480   5.01639366       8.21293068       6.18122578    
       27540   4.97934437       8.27505016       6.23087454    
       27600   4.94311476       8.33048439       6.28171206    
       27660   4.90377045       8.37641335       6.32540798    
       27720   4.86606550       8.41885853       6.34985781    
       27780   4.83262300       8.46143723       6.35114193    
       27840   4.79868841       8.49742413       6.33333826    
       27900   4.76950836       8.51407623       6.30112886    
       27960   4.74491787       8.50547314       6.25834560    
       28020   4.72606564       8.47840405       6.21285057    
       28080   4.70475388       8.43977737       6.17019510    
       28140   4.69163942       8.38747406       6.12898254    
       28200   4.68213129       8.32331944       6.08617640    
       28260   4.68213129       8.26069546       6.04387665    
       28320   4.68377066       8.20717335       6.00627279    
       28380   4.68180323       8.15983868       5.97299290    
       28440   4.66426229       8.11527538       5.94448376    
       28500   4.65573788       8.07202625       5.91823244    
       28560   4.63360643       8.03087902       5.88895035    
       28620   4.60065556       7.99565649       5.85918045    
       28680   4.56622934       7.96435118       5.83811760    
       28740   4.53229523       7.92822647       5.82918882    
       28800   4.49704933       7.88786888       5.83004379    
       28860   4.46672153       7.85497665       5.06359625    
       28920   4.45639324       7.83843422       5.06748104    
       28980   4.44327879       7.83479548       5.06581163    
       29040   4.41672134       7.83550358       5.06341934    
       29100   4.37786865       7.83367634       5.06917858    
       29160   4.33786869       7.82692289       5.08427954    
       29220   4.29163933       7.82243395       5.10153723    
       29280   4.25573778       7.82928514       5.11695099    
       29340   4.22950840       7.84464121       5.13014078    
       29400   4.20409822       7.85909796       5.13790560    
       29460   4.18311453       7.86753798       5.13483763    
       29520   4.16180325       7.87000990       5.11987495    
       29580   4.14655733       7.86618280       5.10251188    
       29640   4.12491798       7.85341883       5.09389400    
       29700   4.10295105       7.83187389       5.09011459    
       29760   4.08409834       7.80923796       5.07991314    
       29820   4.06163931       7.79325008       5.06409740    
       29880   4.05016375       7.78093767       5.05330372    
       29940   4.03999996       7.76377535       5.05219650    
       30000   4.02934408       7.74029779       5.05463696    
       30060   4.01950836       7.71823454       5.05181837    
       30120   4.00836086       7.70453787       5.03685522    
       30180   3.99885249       7.69592667       5.00907469    
       30240   3.98327875       7.68570948       4.97503853    
       30300   3.97540975       7.66823721       4.94191074    
       30360   3.97344255       7.64050388       4.91101027    
       30420   3.96213126       7.60302544       4.88381577    
       30480   3.95770502       7.55982924       4.86588764    
       30540   3.94754100       7.51551676       4.85780716    
       30600   3.94213104       7.47413826       4.85283375    
       30660   3.93770480       7.44069147       4.84411812    
       30720   3.93245912       7.41802835       4.82767105    
       30780   3.92754102       7.40207958       4.80228472    
       30840   3.91885257       7.38455677       4.76875782    
       30900   3.90688515       7.35887527       4.72583818    
       30960   3.90114760       7.32152843       4.67398834    
       31020   3.89672136       7.27172232       4.62083006    
       31080   3.88934422       7.21226406       4.57375097    
       31140   3.88442612       7.15004730       4.53761864    
       31200   3.87918043       7.09194899       4.51089478    
       31260   3.87196732       7.03896761       4.48799372    
       31320   3.86245894       6.99163723       4.46903086    
       31380   3.85344267       6.95193100       4.46024704    
       31440   3.84065580       6.92092657       4.46209764    
       31500   3.82672143       6.90007448       4.47237158    
       31560   3.80344272       6.88952208       4.49663639    
       31620   3.78672123       6.88692427       4.53598452    
       31680   3.75393438       6.89200068       4.57282543    
       31740   3.72737694       6.90931988       4.59365129    
       31800   3.69377041       6.93639135       4.60263062    
       31860   3.65737700       6.95820904       4.61024570    
       31920   3.61229515       6.96783495       4.62234735    
       31980   3.56065583       6.97151709       4.64134502    
       32040   3.51147532       6.97596359       4.66750193    
       32100   3.47868848       6.98245716       4.69051170    
       32160   3.43491793       6.99129438       4.70278311    
       32220   3.39885235       7.00544548       4.71242809    
       32280   3.36950827       7.02413511       4.72119808    
       32340   3.34540987       7.03856564       4.72311258    
       32400   3.31950831       7.04380417       4.71954489    
       32460   3.29245901       7.03999281       4.20104933    
       32520   3.26081967       7.02829170       4.20470047    
       32580   3.20508194       7.01434660       4.21429396    
       32640   3.15016389       7.00306559       4.23042488    
       32700   3.11114764       6.99603891       4.24816513    
       32760   3.07983613       6.99513054       4.26436663    
       32820   3.04655743       7.00010061       4.28017235    
       32880   3.01409841       7.00793791       4.29679966    
       32940   2.97213125       7.01696777       4.31271648    
       33000   2.93081975       7.02733898       4.32532740    
       33060   2.88163924       7.03771448       4.33487606    
       33120   2.82426238       7.04460955       4.34370518    
       33180   2.76114750       7.04705715       4.35585070    
       33240   2.69967222       7.04836893       4.37445593    
       33300   2.64967203       7.05146742       4.39941311    
       33360   2.60868859       7.05580854       4.42967987    
       33420   2.56147552       7.06091452       4.46521139    
       33480   2.50278687       7.07141733       4.50348282    
       33540   2.44000006       7.09279203       4.53733873    
       33600   2.37688518       7.12255096       4.56306791    
       33660   2.31540990       7.15148878       4.58360147    
       33720   2.26327872       7.17299652       4.60348034    
       33780   2.20836067       7.18865919       4.62838364    
       33840   2.15508199       7.20334339       4.66140413    
       33900   2.10803270       7.22256708       4.69927263    
       33960   2.05803275       7.25032330       4.73421001    
       34020   2.01360655       7.28528023       4.76231146    
       34080   1.97000003       7.32022667       4.78264284    
       34140   1.91983604       7.34846210       4.79223776    
       34200   1.86491799       7.36751270       4.78945160    
       34260   1.81213117       7.37563229       4.77751350    
       34320   1.75803280       7.37200212       4.76311111    
       34380   1.70672131       7.36001301       4.75199842    
       34440   1.65016389       7.34389782       4.74378443    
       34500   1.59770489       7.32634401       4.73072338    
       34560   1.55836070       7.31015968       4.70582008    
       34620   1.51688528       7.29480076       4.66976404    
       34680   1.47245896       7.27500057       4.62897396    
       34740   1.43885243       7.24632692       4.58829689    
       34800   1.40114748       7.20821095       4.54259253    
       34860   1.36803281       7.16335058       4.48664665    
       34920   1.33393443       7.11312628       4.42295980    
       34980   1.29999995       7.05555439       4.35867929    
       35040   1.26065576       6.99046946       4.29652500    
       35100   1.21524584       6.92116022       4.23628330    
       35160   1.16934431       6.85081911       4.17705774    
       35220   1.13049185       6.78076649       4.11555004    
       35280   1.08540988       6.71144629       4.05050135    
       35340   1.04688525       6.64068890       3.98510337    
       35400   1.00540984       6.56543541       3.92036629    
       35460  0.966393471       6.48879385       3.85572481    
       35520  0.928196728       6.41569805       3.79087830    
       35580  0.895409822       6.34623098       3.72632051    
       35640  0.863114774       6.27804184       3.66083193    
       35700  0.833606541       6.20848417       3.59322619    
       35760  0.806065559       6.13525200       3.53249121    
       35820  0.780655742       6.05661964       3.48864961    
       35880  0.750819683       5.97818375       3.45468092    
       35940  0.721639335       5.91432810       3.42287445    
       36000  0.695737720       5.86689329       3.39137650    
       36060  0.670000017       5.82544518       1.29420710    
       36120  0.648196697       5.78433657       1.26642966    
       36180  0.626557350       5.74332237       1.23794532    
       36240  0.605245888       5.70286703       1.20803201    
       36300  0.594262302       5.66335297       1.17746401    
       36360  0.586393416       5.62335634       1.14922345    
       36420  0.578360677       5.58138084       1.12557411    
       36480  0.572295070       5.53940010       1.10777855    
       36540  0.565409839       5.50119162       1.09591746    
       36600  0.564754069       5.46865606       1.08780932    
       36660  0.575409830       5.44200659       1.07997918    
       36720  0.592131138       5.42063808       1.07132745    
       36780  0.612622976       5.40253019       1.06401885    
       36840  0.641639352       5.38482571       1.05703712    
       36900  0.672459006       5.36683226       1.04416311    
       36960  0.695737720       5.34901476       1.02247036    
       37020  0.719016373       5.32794762      0.999456644    
       37080  0.749836087       5.29752874      0.985522211    
       37140  0.783934414       5.25776434      0.982006550    
       37200  0.818360627       5.21712637      0.983726978    
       37260  0.851147532       5.18438721      0.987017035    
       37320  0.877049208       5.16178560      0.990778565    
       37380  0.901803255       5.14648294      0.995554447    
       37440  0.926393449       5.13524961       1.00181770    
       37500  0.955573797       5.12678957       1.00895798    
       37560  0.982131124       5.12123871       1.01681745    
       37620   1.00836062       5.11842489       1.02737534    
       37680   1.03229511       5.11673307       1.04243636    
       37740   1.05573773       5.11456203       1.06197679    
       37800   1.08245897       5.11263084       1.08586717    
       37860   1.10868847       5.11270380       1.11582017    
       37920   1.12786889       5.11570835       1.15523887    
       37980   1.14459014       5.12337208       1.20289719    
       38040   1.16459012       5.13919401       1.25335348    
       38100   1.19049180       5.16504049       1.30172575    
       38160   1.21426225       5.19829321       1.34823513    
       38220   1.23032784       5.23480558       1.39661968    
       38280   1.24590158       5.27267981       1.44995558    
       38340   1.26573765       5.31254482       1.50691497    
       38400   1.28131151       5.35591841       1.56456554    
       38460   1.30295086       5.40212107       1.62292659    
       38520   1.31639349       5.44806671       1.68375158    
       38580   1.33852458       5.49254799       1.74677205    
       38640   1.36065578       5.53840780       1.80886233    
       38700   1.38491797       5.58835030       1.86747348    
       38760   1.40704918       5.64101982       1.92240977    
       38820   1.42639339       5.69224167       1.97475350    
       38880   1.44393444       5.73924971       2.02492523    
       38940   1.46688521       5.78155756       2.07325649    
       39000   1.49426234       5.81972265       2.12242794    
       39060   1.51508200       5.85452604       2.17638350    
       39120   1.53065574       5.88792086       2.23718643    
       39180   1.54295087       5.92372561       2.30233836    
       39240   1.54737699       5.96572638       2.36545348    
       39300   1.55393445       6.01536512       2.42042971    
       39360   1.55967212       6.06969595       2.46440411    
       39420   1.56672132       6.12171364       2.49946237    
       39480   1.57327867       6.16488218       2.52952147    
       39540   1.58344257       6.19690132       2.55539107    
       39600   1.59622955       6.21996927       2.57385850    
       39660   1.60442626       6.23788357       2.47315788    
       39720   1.61540985       6.25196886       2.47673798    
       39780   1.62901640       6.25974894       2.47629666    
       39840   1.64573765       6.25886631       2.47324252    
       39900   1.66655743       6.25077629       2.46650839    
       39960   1.68081963       6.23906088       2.45474029    
       40020   1.69163930       6.22534943       2.43855333    
       40080   1.70426226       6.20839643       2.42025161    
       40140   1.71475410       6.18667507       2.40146160    
       40200   1.72786880       6.16070747       2.38257766    
       40260   1.73934424       6.13239765       2.36484098    
       40320   1.73967218       6.10334015       2.35192728    
       40380   1.73590159       6.07476807       2.34746981    
       40440   1.72819674       6.04832649       2.35189462    
       40500   1.71065569       6.02634859       2.36399627    
       40560   1.69295084       6.01148796       2.38261104    
       40620   1.67934430       6.00511694       2.40511060    
       40680   1.66131151       6.00708914       2.42618489    
       40740   1.64360654       6.01570129       2.44021106    
       40800   1.63573766       6.02691078       2.44612694    
       40860   1.62590158       6.03478765       2.44673038    
       40920   1.62098360       6.03548956       2.44486213    
       40980   1.62344265       6.03031158       2.44258928    
       41040   1.61967218       6.02258015       2.44149947    
       41100   1.61557376       6.01448536       2.44273067    
       41160   1.60573769       6.00729179       2.44726634    
       41220   1.59508193       6.00222206       2.45493460    
       41280   1.58327866       6.00048399       2.46376014    
       41340   1.56344259       6.00214481       2.47166896    
       41400   1.54622948       6.00523472       2.47719097    
       41460   1.52983606       6.00707626       2.47901893    
       41520   1.51754093       6.00626421       2.47695756    
       41580   1.50360656       6.00227833       2.47129130    
       41640   1.49459016       5.99472380       2.46312737    
       41700   1.48524594       5.98339510       2.45474076    
       41760   1.47000003       5.96867704       2.45139503    
       41820   1.45852458       5.95230961       2.45638609    
       41880   1.44573772       5.93749905       2.46946406    
       41940   1.43147540       5.92883730       2.48771167    
       42000   1.41459012       5.92945194       2.50578022    
       42060   1.39786887       5.93837261       2.51740050    
       42120   1.37737703       5.95226336       2.51871085    
       42180   1.35819674       5.96635914       2.51016474    
       42240   1.33491802       5.97496080       2.49457002    
       42300   1.31196725       5.97436333       2.47411895    
       42360   1.29065573       5.96451855       2.44919109    
       42420   1.27377045       5.94788694       2.41901326    
       42480   1.26344264       5.92620850       2.38281798    
       42540   1.25442624       5.89944792       2.34109235    
       42600   1.24245906       5.86621380       2.29580998    
       42660   1.22852457       5.82529449       2.24912739    
       42720   1.22081971       5.77705383       2.20375323    
       42780   1.21721315       5.72338200       2.16271710    
       42840   1.21639347       5.66672850       2.12875271    
       42900   1.22344267       5.60986853       2.10402775    
       42960   1.22459018       5.55733967       2.08886504    
       43020   1.22622955       5.51378489       2.08280206    
       43080   1.22655737       5.48153400       2.08277941    
       43140   1.22360659       5.46003914       2.08422422    
       43200   1.21786880       5.44735956       2.08678675    
       43260   1.20918036       5.44055367       1.02140820    
       43320   1.20131147       5.43640280       1.04625916    
       43380   1.19557381       5.43468714       1.07945800    
       43440   1.18852460       5.43883753       1.11770320    
       43500   1.18573773       5.45135260       1.15932739    
       43560   1.18672132       5.47148609       1.20468915    
       43620   1.19000006       5.49740648       1.25356185    
       43680   1.19229507       5.52796412       1.30377591    
       43740   1.19688523       5.56282616       1.35286117    
       43800   1.20360661       5.60142040       1.39993036    
       43860   1.20803285       5.64133263       1.44608843    
       43920   1.21163929       5.67970848       1.49208391    
       43980   1.21688521       5.71541023       1.53585935    
       44040   1.22524595       5.74932051       1.57290614    
       44100   1.23540986       5.78176975       1.60125542    
       44160   1.24819672       5.81053400       1.62348258    
       44220   1.25672126       5.83239079       1.64348388    
       44280   1.26049185       5.84572268       1.66319168    
       44340   1.26540983       5.85210943       1.68118668    
       44400   1.26999998       5.85522938       1.69295132    
       44460   1.26885247       5.85826063       1.69454122    
       44520   1.27098358       5.86154461       1.68697476    
       44580   1.27065575       5.86175585       1.67474794    
       44640   1.27098358       5.85431671       1.66213167    
       44700   1.27721310       5.83790064       1.65225255    
       44760   1.28426230       5.81544018       1.64755082    
       44820   1.29491806       5.79109812       1.64935291    
       44880   1.30442619       5.76844168       1.65635550    
       44940   1.31295085       5.75042772       1.66441631    
       45000   1.32491803       5.73860121       1.67035472    
       45060   1.33147538       5.73221588       1.67448080    
       45120   1.33311474       5.72784662       1.67801607    
       45180   1.33229506       5.72179747       1.68075335    
       45240   1.33393443       5.71352673       1.68244553    
       45300   1.33098364       5.70462561       1.68372178    
       45360   1.32491803       5.69528341       1.68433666    
       45420   1.32491803       5.68480062       1.68165541    
       45480   1.32213116       5.67361736       1.67330074    
       45540   1.32131147       5.66140127       1.66028786    
       45600   1.32032788       5.64642429       1.64579868    
       45660   1.32491803       5.62740469       1.63443851    
       45720   1.32737708       5.60420561       1.63079524    
       45780   1.32819676       5.58000803       1.63698888    
       45840   1.32442617       5.56024933       1.65227389    
       45900   1.32065570       5.54955292       1.67514265    
       45960   1.32016397       5.54948807       1.70448375    
       46020   1.32262290       5.55871391       1.73933506    
       46080   1.32016397       5.57559490       1.77811313    
       46140   1.31327868       5.59921026       1.81917083    
       46200   1.31377053       5.62883091       1.86023200    
       46260   1.31836069       5.66261578       1.89873004    
       46320   1.32114756       5.69797564       1.93185472    
       46380   1.32606554       5.73203087       1.95671320    
       46440   1.33262300       5.76197672       1.97125852    
       46500   1.33885241       5.78511047       1.97596598    
       46560   1.33967209       5.79833364       1.97310078    
       46620   1.34459019       5.80057859       1.96530223    
       46680   1.35311472       5.79308987       1.95409322    
       46740   1.36704922       5.77842569       1.94120216    
       46800   1.38590169       5.75876808       1.92920899    
       46860   1.40885246       5.73591280       2.00532556    
       46920   1.43721306       5.71258020       1.99398482    
       46980   1.46754098       5.69094515       1.98001051    
       47040   1.49704921       5.66985464       1.96406460    
       47100   1.52459013       5.64641809       1.94691002    
       47160   1.54868853       5.61978340       1.92655802    
       47220   1.56918037       5.59155846       1.90122390    
       47280   1.59000003       5.56364727       1.87446666    
       47340   1.61262298       5.53492069       1.84995449    
       47400   1.63229513       5.50215864       1.82892132    
       47460   1.64852464       5.46698761       1.81164598    
       47520   1.66377044       5.43384409       1.79735637    
       47580   1.67655742       5.40410185       1.78499568    
       47640   1.68163931       5.37720823       1.77340496    
       47700   1.68737710       5.35263586       1.76072562    
       47760   1.68934429       5.33020926       1.74430001    
       47820   1.69000006       5.31015587       1.72322536    
       47880   1.69295084       5.29153538       1.69684255    
       47940   1.69508195       5.26987839       1.66514385    
       48000   1.69508195       5.24119234       1.63318419    
       48060   1.69213116       5.20546436       1.60897553    
       48120   1.68721306       5.16476583       1.59766877    
       48180   1.68229508       5.12501240       1.59767509    
       48240   1.67901635       5.09472275       1.60338449    
       48300   1.67377055       5.07814169       1.60992742    
       48360   1.66721308       5.07257223       1.61436343    
       48420   1.66016388       5.07207441       1.61481452    
       48480   1.65475404       5.07143736       1.60991681    
       48540   1.65180326       5.06747055       1.59967601    
       48600   1.65672135       5.05873632       1.58645976    
       48660   1.65836060       5.04494810       1.57280290    
       48720   1.66377044       5.02743912       1.55969453    
       48780   1.67360651       5.00818968       1.54912078    
       48840   1.68180323       4.98776531       1.54505944    
       48900   1.68721306       4.96626425       1.55076206    
       48960   1.69426227       4.94596243       1.56615794    
       49020   1.70114756       4.93068600       1.58842993    
       49080   1.70639348       4.92346478       1.61361682    
       49140   1.71606553       4.92596483       1.63916516    
       49200   1.72540987       4.93776131       1.66237950    
       49260   1.74311471       4.95633125       1.68078971    
       49320   1.76147544       4.97784948       1.69438660    
       49380   1.77737701       4.99748611       1.70517302    
       49440   1.79573774       5.01155853       1.71575522    
       49500   1.82163930       5.01928377       1.72780192    
       49560   1.84704924       5.02289915       1.74146569    
       49620   1.86885250       5.02578735       1.75635862    
       49680   1.88360655       5.03021526       1.77238905    
       49740   1.91426229       5.03675747       1.79028714    
       49800   1.94770491       5.04526281       1.81015205    
       49860   1.96819675       5.05597830       1.83147430    
       49920   1.98819673       5.06913853       1.85313785    
       49980   2.00999999       5.08458281       1.87504160    
       50040   2.03131151       5.10167599       1.89809442    
       50100   2.03459024       5.11950397       1.92361081    
       50160   2.03459024       5.13751984       1.95172763    
       50220   2.03262305       5.15583229       1.97970724    
       50280   2.03147531       5.17538118       2.00374532    
       50340   2.02409840       5.19691181       2.02435040    
       50400   2.00770497       5.21899462       2.04443216    
       50460   1.99459016       5.23794842       2.26830173    
       50520   1.97655737       5.25211906       2.28374505    
       50580   1.96262300       5.26436567       2.29451776    
       50640   1.93934429       5.27590370       2.30124736    
       50700   1.90622950       5.28435993       2.30435133    
       50760   1.88573766       5.28800821       2.30477524    
       50820   1.86475408       5.28679132       2.30531979    
       50880   1.84377050       5.28183889       2.30712700    
       50940   1.81639349       5.27611303       2.30684781    
       51000   1.78737700       5.27286386       2.30288363    
       51060   1.75852454       5.27050447       2.29636121    
       51120   1.73557377       5.26493788       2.28829646    
       51180   1.71950817       5.25510073       2.27966619    
       51240   1.69393444       5.24160433       2.27178335    
       51300   1.68409836       5.22531128       2.26650596    
       51360   1.67622948       5.20756102       2.26713657    
       51420   1.66655743       5.19046068       2.27713060    
       51480   1.64737701       5.17726517       2.29567432    
       51540   1.63065577       5.17199802       2.31987309    
       51600   1.61590159       5.17602777       2.34709525    
       51660   1.60114753       5.18738079       2.37302160    
       51720   1.59295082       5.20443439       2.39412308    
       51780   1.58704913       5.22430229       2.41027355    
       51840   1.59196723       5.24235916       2.42441607    
       51900   1.60049176       5.25561094       2.44008851    
       51960   1.60901642       5.26450777       2.45883179    
       52020   1.61721313       5.27207661       2.47886753    
       52080   1.62754095       5.28157187       2.49701929    
       52140   1.62557375       5.29450607       2.51239681    
       52200   1.61459017       5.30992270       2.52649093    
       52260   1.59081972       5.32515478       2.54064369    
       52320   1.57032788       5.33853626       2.55462217    
       52380   1.54557371       5.35061836       2.56689382    
       52440   1.52508199       5.36228895       2.57481456    
       52500   1.50622952       5.37287664       2.57520914    
       52560   1.49344265       5.38028812       2.56592441    
       52620   1.47491801       5.38148451       2.54847121    
       52680   1.46672130       5.37323761       2.52459288    
       52740   1.46803284       5.35390472       2.49421501    
       52800   1.47262299       5.32634068       2.46087408    
       52860   1.48131144       5.29588604       2.43041635    
       52920   1.46983612       5.26402044       2.40616393    
       52980   1.45475411       5.23071289       2.38921833    
       53040   1.44491804       5.19941092       2.37675285    
       53100   1.43311477       5.17247343       2.36262035    
       53160   1.40311480       5.15029383       2.34204030    
       53220   1.37573767       5.13185978       2.31435037    
       53280   1.35311472       5.11337042       2.28160167    
       53340   1.33459020       5.09023190       2.24650216    
       53400   1.30393445       5.06047058       2.21145415    
       53460   1.27786887       5.02522707       2.17825627    
       53520   1.25327873       4.98687506       2.14817286    
       53580   1.22819674       4.94779587       2.12174296    
       53640   1.20327866       4.91016436       2.09802294    
       53700   1.18606555       4.87578773       2.07393456    
       53760   1.18393445       4.84540558       2.04513860    
       53820   1.18721306       4.81790543       2.00864029    
       53880   1.20639348       4.79012394       1.96543467    
       53940   1.20754099       4.75813293       1.91985595    
       54000   1.21000004       4.71993399       1.87514281    
       54060   1.21655738       4.67669058      0.864342630    
       54120   1.21901643       4.62984991      0.828728974    
       54180   1.22852457       4.57955027      0.798492253    
       54240   1.22639346       4.52981424      0.773687780    
       54300   1.23262298       4.48577118      0.754098356    
       54360   1.25098360       4.44793510      0.737862408    
       54420   1.25918031       4.41475582      0.722024024    
       54480   1.26737702       4.38568020      0.704796135    
       54540   1.27557373       4.36030865      0.686849892    
       54600   1.28950822       4.33710194      0.670046628    
       54660   1.30409837       4.31431961      0.655913591    
       54720   1.32426226       4.29118252      0.645222604    
       54780   1.34573770       4.26811886      0.637651145    
       54840   1.36704922       4.24593925      0.631264389    
       54900   1.40147543       4.22522306      0.623375177    
       54960   1.42196727       4.20617485      0.612679541    
       55020   1.44459021       4.18788910      0.599619865    
       55080   1.47114754       4.16830301      0.584490180    
       55140   1.51180327       4.14604330      0.566973805    
       55200   1.54819667       4.12098837      0.547129393    
       55260   1.59229505       4.09332561      0.525512099    
       55320   1.63622952       4.06336498      0.502563775    
       55380   1.67475414       4.03190756      0.478135854    
       55440   1.71918035       3.99988580      0.451895416    
       55500   1.74852455       3.96757269      0.423793823    
       55560   1.77557373       3.93408513      0.393924892    
       55620   1.79081964       3.89799047      0.362523824    
       55680   1.81245899       3.85857773      0.331947327    
       55740   1.83327866       3.81637955      0.305713266    
       55800   1.85737705       3.77306485      0.285136580    
       55860   1.88770497       3.73176813      0.270024180    
       55920   1.92295086       3.69540834      0.259668499    
       55980   1.96770489       3.66451383      0.252073884    
       56040   2.02196717       3.63840485      0.244931564    
       56100   2.06180334       3.61692238      0.237197399    
       56160   2.09278679       3.59903407      0.228373855    
       56220   2.12934422       3.58241796      0.216916203    
       56280   2.16344261       3.56536293      0.200580224    
       56340   2.19704914       3.54700232      0.181293085    
       56400   2.22081971       3.52515101      0.165484160    
       56460   2.22901630       3.49840713      0.155515686    
       56520   2.23721313       3.47092199      0.149571508    
       56580   2.24786878       3.44771504      0.145625785    
       56640   2.25934434       3.42849469      0.140444085    
       56700   2.26426220       3.41164422      0.133132592    
       56760   2.27704906       3.39528799      0.126925528    
       56820   2.30081964       3.37771940      0.125543728    
       56880   2.31721306       3.36029267      0.129844338    
       56940   2.31606555       3.34655452      0.138176948    
       57000   2.31934428       3.33871436      0.148149192    
       57060   2.32918024       3.33633494      0.157585979    
       57120   2.32459021       3.33743834      0.165193081    
       57180   2.33065581       3.33957887      0.170938790    
       57240   2.34147549       3.34060979      0.175958574    
       57300   2.36885238       3.33934832      0.182274535    
       57360   2.38163924       3.33596683      0.192779496    
       57420   2.38245893       3.33191133      0.210822284    
       57480   2.37508202       3.32969546      0.239299878    
       57540   2.35590172       3.33258200      0.279518455    
       57600   2.35885239       3.34387732      0.329774737    
       57660   2.39459014       3.36604905       1.67386436    
       57720   2.42000008       3.39952993       1.72083759    
       57780   2.44508195       3.44146156       1.75937784    
       57840   2.46311474       3.48570561       1.79029155    
       57900   2.49639344       3.52662134       1.81462836    
       57960   2.52983618       3.56139970       1.83254182    
       58020   2.56393433       3.58914161       1.84505558    
       58080   2.60475421       3.60950780       1.85492158    
       58140   2.65196729       3.62334442       1.86557186    
       58200   2.70393443       3.63331866       1.87919331    
       58260   2.76098371       3.64246702       1.89644909    
       58320   2.81688523       3.65278196       1.91545832    
       58380   2.86885238       3.66499043       1.93204021    
       58440   2.92852449       3.67913795       1.94202209    
       58500   2.96590161       3.69416595       1.94472563    
       58560   3.01688528       3.70722365       1.94348454    
       58620   3.06442618       3.71507740       1.94146717    
       58680   3.11032796       3.71662974       1.93852675    
       58740   3.14475417       3.71365333       1.93359160    
       58800   3.17163944       3.70880222       1.92617488    
       58860   3.20245910       3.70297003       1.91615129    
       58920   3.22262287       3.69554234       1.90398097    
       58980   3.24885249       3.68620753       1.89086068    
       59040   3.27672124       3.67519045       1.87806964    
       59100   3.28655744       3.66301179       1.86601830    
       59160   3.30918026       3.65059114       1.85405123    
       59220   3.33049178       3.63870740       1.84122849    
       59280   3.35180330       3.62705874       1.82765126    
       59340   3.36163926       3.61464858       1.81348014    
       59400   3.38459015       3.60101724       1.79901981    
       59460   3.41295075       3.58619666       1.78518772    
       59520   3.42852449       3.57022953       1.77218831    
       59580   3.44819665       3.55356503       1.75942242    
       59640   3.46114755       3.53689623       1.74701512    
       59700   3.46836066       3.52064323       1.73482430    
       59760   3.48836064       3.50559783       1.72178018    
       59820   3.50852466       3.49279857       1.70708644    
       59880   3.52163935       3.48176265       1.69073260    
       59940   3.54704928       3.47077060       1.67288065    
       60000   3.56885242       3.45875978       1.65395820    
       60060   3.59557366       3.44533062       1.63494396    
       60120   3.61655736       3.42986012       1.61654139    
       60180   3.63262296       3.41205096       1.59844732    
       60240   3.66262293       3.39249682       1.57983303    
       60300   3.68672132       3.37205720       1.56042361    
       60360   3.71459007       3.35121894       1.54045665    
       60420   3.74032784       3.33017278       1.52041888    
       60480   3.77524590       3.30911732       1.50062239    
       60540   3.81295085       3.28814697       1.48097920    
       60600   3.87360644       3.26728272       1.46120572    
       60660   3.92934418       3.24666739       1.44109523    
       60720   3.97770500       3.22649670       1.42048430    
       60780   4.02475405       3.20672798       1.39915407    
       60840   4.06983614       3.18703914       1.37660158    
       60900   4.10590172       3.16692543       1.35221267    
       60960   4.12098360       3.14573979       1.32566488    
       61020   4.13442612       3.12270761       1.29696846    
       61080   4.16065598       3.09707665       1.26635408    
       61140   4.20196724       3.06837511       1.23403990    
       61200   4.22901630       3.03648472       1.20024145    
       61260   4.26098347       3.00160217       1.31857967    
       61320   4.24901628       2.96416807       1.28078628    
       61380   4.24032784       2.92486286       1.24746180    
       61440   4.22967196       2.88503957       1.22160089    
       61500   4.22508192       2.84752750       1.20334709    
       61560   4.20983601       2.81590605       1.19158721    
       61620   4.21655750       2.79206228       1.18493152    
       61680   4.22590160       2.77553701       1.18289042    
       61740   4.22852468       2.76487017       1.18544662    
       61800   4.21295071       2.75901079       1.19155645    
       61860   4.18639326       2.75769162       1.19882762    
       61920   4.15147543       2.76057363       1.20472002    
       61980   4.12721300       2.76620674       1.20801389    
       62040   4.11295080       2.77214694       1.21031594    
       62100   4.09131145       2.77646446       1.21408141    
       62160   4.07114744       2.77921033       1.21989429    
       62220   4.03836060       2.78226686       1.22548175    
       62280   4.01852465       2.78736663       1.22811985    
       62340   3.99639344       2.79364991       1.22712803    
       62400   3.99147534       2.79828739       1.22273934    
       62460   3.97360659       2.79953408       1.21522248    
       62520   3.95311475       2.79742885       1.20509803    
       62580   3.96754098       2.79216886       1.19292891    
       62640   3.95229506       2.78385663       1.17898500    
       62700   3.94540977       2.77297664       1.16363358    
       62760   3.95114756       2.75982642       1.14731181    
       62820   3.95491815       2.74444485       1.13021266    
       62880   3.95114756       2.72701859       1.11263955    
       62940   3.95360661       2.70782232       1.09477723    
       63000   3.96180320       2.68712234       1.10089266    
       63060   3.94836068       2.66515470       1.10525191    
       63120   3.93606567       2.65461254       1.10674548    
       63180   3.95557380       2.65580130       1.10445750    
       63240   3.95852470       2.65457773       1.09865248    
       63300   3.96032786       2.64984846       1.09079003    
       63360   3.98131156       2.64124441       1.08313179    
       63420   3.98131156       2.62959814       1.07777369    
       63480   3.99114752       2.61689067       1.07606566    
       63540   4.00704908       2.60544467       1.07877994    
       63600   4.01360655       2.59703207       1.08608782    
       63660   4.02016401       2.59275699       1.09675252    
       63720   4.01852465       2.59314632       1.10839224    
       63780   4.03442621       2.59770846       1.11865914    
       63840   4.03524590       2.60456848       1.12635243    
       63900   4.01475430       2.61120105       1.13167238    
       63960   4.02016401       2.61571789       1.13556218    
       64020   4.03131151       2.61764550       1.13890100    
       64080   4.03098345       2.61760616       1.14200187    
       64140   4.03131151       2.61660194       1.14481974    
       64200   4.02885246       2.61526942       1.14773440    
       64260   4.00622940       2.61369371       1.15186048    
       64320   3.99852467       2.61200261       1.15842795    
       64380   3.99491811       2.61098647       1.16836202    
       64440   4.00606537       2.61189866       1.18209219    
       64500   4.03360653       2.61589575       1.19972718    
       64560   4.05147552       2.62367988       1.22103071    
       64620   4.07000017       2.63553190       1.24520373    
       64680   4.09081984       2.65143895       1.27073574    
       64740   4.08508205       2.67090940       1.29557538    
       61260   9999.00000       9999.00000       4.20394897    
