 20190409
 Seconds  Measures(TAU-ms)  Meso-NH(TAU-ms)  FORECAST_AR(TAU-ms)
       25080   5.79691124       6.13186312       5.81565952    
       25140   5.81173325       6.13186312       5.81156540    
       25200   5.78993464       6.16453838       5.81200409    
       25260   5.78278255       6.16453838       5.81535625    
       25320   5.78758717       6.20503330       5.81920624    
       25380   5.80597782       6.20503330       5.82219267    
       25440   5.82397795       6.25354290       5.82620525    
       25500   5.80263042       6.25354290       5.83201981    
       25560   5.82728910       6.30112219       5.83922863    
       25620   5.84009075       6.30112219       5.84509277    
       25680   5.84132576       6.34799623       5.84991550    
       25740   5.84132576       6.34799623       5.84957170    
       25800   5.82842875       6.38982677       5.84416246    
       25860   5.82865858       6.38982677       5.84027624    
       25920   5.81032515       6.42827034       5.83884716    
       25980   5.81032515       6.42827034       5.83979177    
       26040   5.82392311       6.45239162       5.83897114    
       26100   5.82618427       6.45239162       5.83752632    
       26160   5.81324339       6.47969389       5.83479738    
       26220   5.81324339       6.47969389       5.83235168    
       26280   5.82238913       6.50682926       5.82882214    
       26340   5.82772207       6.50682926       5.82600832    
       26400   5.80600023       6.53563881       5.82520151    
       26460   5.81208324       6.53563881       5.82028151    
       26520   5.82286119       6.56456614       5.81438684    
       26580   5.77505398       6.56456614       5.80829000    
       26640   5.73608112       6.58818388       5.80239677    
       26700   5.70547199       6.58818388       5.79703569    
       26760   5.64994431       6.60532236       5.79040146    
       26820   5.62691879       6.60532236       5.78419876    
       26880   5.61452770       6.62118053       5.77971935    
       26940   5.56266689       6.62118053       5.77317953    
       27000   5.51763868       6.63471460       5.76311445    
       27060   5.54618931       6.63471460       5.75086784    
       27120   5.52408123       6.64835739       5.73557758    
       27180   5.49205542       6.64835739       5.71714783    
       27240   5.48558331       6.65348053       5.69446278    
       27300   5.47729731       6.65348053       5.66951036    
       27360   5.45243263       6.64440012       5.64302826    
       27420   5.43233347       6.64440012       5.61517477    
       27480   5.42477131       6.62255764       5.58761311    
       27540   5.42477131       6.62255764       5.56113958    
       27600   5.41945696       6.58711004       5.53764772    
       27660   5.38225698       6.58711004       5.51761770    
       27720   5.30797148       6.55196190       5.50077820    
       27780   5.30797148       6.55196190       5.48626566    
       27840   5.22634268       6.52653360       5.47365904    
       27900   5.20128584       6.52653360       5.46051931    
       27960   5.20671415       6.51307440       5.44602156    
       28020   5.19773531       6.51307440       5.43208361    
       28080   5.22137165       6.50319958       5.41604471    
       28140   5.22877121       6.50319958       5.39739990    
       28200   5.24542856       6.48865366       5.37503386    
       28260   5.24542856       6.48865366       5.34927273    
       28320   5.26757145       6.46223593       5.32222319    
       28380   5.26620007       6.46223593       5.29408407    
       28440   5.26000023       6.42016554       5.26789808    
       28500   5.26883316       6.42016554       5.24364853    
       28560   5.26082850       6.37057972       5.22284985    
       28620   5.30648565       6.37057972       5.20482731    
       28680   5.34128571       6.32653856       5.29704762    
       28740   5.35963869       6.32653856       5.30424833    
       28800   5.34502840       6.29438019       5.31076956    
       28860   5.37051439       6.29438019       5.31621075    
       28920   5.38108587       6.26982307       5.31718445    
       28980   5.39971447       6.26982307       5.31793642    
       29040   5.39971447       6.23601818       5.32488108    
       29100   5.40882874       6.23601818       5.33347273    
       29160   5.44777155       6.20502234       5.34244156    
       29220   5.44777155       6.20502234       5.35267782    
       29280   5.45247221       6.18190241       5.36499071    
       29340   5.46372986       6.18190241       5.37664747    
       29400   5.49739456       6.16255093       5.39183378    
       29460   5.49739456       6.16255093       5.40850830    
       29520   5.54425621       6.15008497       5.42465258    
       29580   5.56502485       6.15008497       5.44162607    
       29640   5.59090233       6.13838482       5.45263147    
       29700   5.59090233       6.13838482       5.46140242    
       29760   5.64349985       6.12652493       5.47403479    
       29820   5.66534901       6.12652493       5.48862791    
       29880   5.69390917       6.10533237       5.50341654    
       29940   5.69390917       6.10533237       5.51941586    
       30000   5.69690895       6.09179926       5.53519297    
       30060   5.72227287       6.09179926       5.54843712    
       30120   5.74795532       6.08030748       5.56356716    
       30180   5.73195457       6.08030748       5.57886791    
       30240   5.78809071       6.07141781       5.59337234    
       30300   5.82761383       6.07141781       5.60864210    
       30360   5.82504463       6.07059765       5.62327671    
       30420   5.85799980       6.07059765       5.63843107    
       30480   5.90959072       6.06471872       5.65422487    
       30540   5.95620012       6.06471872       5.67135334    
       30600   6.04366684       6.05848837       5.68631983    
       30660   6.06706810       6.05848837       5.70166159    
       30720   6.07163620       6.05623960       5.71753073    
       30780   6.10259104       6.05623960       5.73453188    
       30840   6.13931131       6.04780197       5.75156593    
       30900   6.13440895       6.04780197       5.76876068    
       30960   6.19668198       6.04806900       5.79111624    
       31020   6.25513649       6.04806900       5.81650114    
       31080   6.33271122       6.04692650       5.84352112    
       31140   6.41313028       6.04692650       5.87099266    
       31200   6.41313028       6.06396914       5.89512110    
       31260   6.50504351       6.06396914       5.91399431    
       31320   6.53042221       6.09626722       5.92586327    
       31380   6.68135548       6.09626722       5.93073130    
       31440   6.75808716       6.11454296       5.93383932    
       31500   6.87160873       6.11454296       5.93628359    
       31560   6.90655565       6.10776615       5.93847275    
       31620   7.02120018       6.10776615       5.94101191    
       31680   7.07636976       6.09906578       5.94169283    
       31740   7.15780449       6.09906578       5.94296217    
       31800   7.18726683       6.09043598       5.94419956    
       31860   7.32093334       6.09043598       5.94711924    
       31920   7.43278265       6.07681274       5.95615292    
       31980   7.46235561       6.07681274       5.96798229    
       32040   7.50843191       6.06592703       5.98358965    
       32100   7.56918621       6.06592703       6.00005007    
       32160   7.61659527       6.07559919       6.01430511    
       32220   7.67727900       6.07559919       6.02536392    
       32280   7.81372070       6.10279894       8.23030281    
       32340   7.85561895       6.10279894       8.31833553    
       32400   8.00202370       6.12347364       8.39686775    
       32460   8.04918575       6.12347364       8.47478580    
       32520   8.10509491       6.12720108       8.54890442    
       32580   8.22566700       6.12720108       8.61951351    
       32640   8.31392860       6.11752129       8.68989563    
       32700   8.34260464       6.11752129       8.75418091    
       32760   8.40804768       6.11624670       8.81647301    
       32820   8.46409512       6.11624670       8.87812996    
       32880   8.47416306       6.12269592       8.93684483    
       32940   8.58113956       6.12269592       8.98879623    
       33000   8.64571476       6.11665201       9.03765392    
       33060   8.71764278       6.11665201       9.08360958    
       33120   8.73995304       6.09950066       9.12502003    
       33180   8.80397701       6.09950066       9.16025734    
       33240   8.86180973       6.08921289       9.18835831    
       33300   8.92997646       6.08921289       9.21719360    
       33360   8.95295334       6.06278038       9.24821949    
       33420   9.03711605       6.06278038       9.27824879    
       33480   9.09554768       6.02380466       9.30034637    
       33540   9.20845222       6.02380466       9.32020760    
       33600   9.27797699       5.99449968       9.33840656    
       33660   9.39993000       5.99449968       9.35327148    
       33720   9.47754765       5.95780849       9.36356354    
       33780   9.55847645       5.95780849       9.37186241    
       33840   9.55847645       5.91556072       9.38718319    
       33900   9.63248825       5.91556072       9.40633774    
       33960   9.72350025       5.86771107       9.42801380    
       34020   9.82635880       5.86771107       9.45107937    
       34080   9.82635880       5.83705664       9.47450161    
       34140   9.89894772       5.83705664       9.49689579    
       34200   9.95008087       5.83624125       9.51428127    
       34260   9.99816704       5.83624125       9.53164387    
       34320   9.99816704       5.83169794       9.55188084    
       34380   10.0902567       5.83169794       9.56707764    
       34440   10.1898527       5.82372046       9.57785988    
       34500   10.2636366       5.82372046       9.58948994    
       34560   10.2853823       5.81982708       9.60029221    
       34620   10.3570910       5.81982708       9.60610390    
       34680   10.4553032       5.81751966       9.60715103    
       34740   10.5322428       5.81751966       9.60391235    
       34800   10.5825758       5.81777954       9.59817982    
       34860   10.5825758       5.81777954       9.59342957    
       34920   10.6911821       5.80583191       9.59176922    
       34980   10.7361765       5.80583191       9.59627628    
       35040   10.7837057       5.78427935       9.60402584    
       35100   10.8010607       5.78427935       9.60839462    
       35160   10.8950605       5.78511763       9.61024189    
       35220   10.8829708       5.78511763       9.61086369    
       35280   10.9025002       5.80245686       9.60987663    
       35340   10.9432125       5.80245686       9.60861206    
       35400   11.0245457       5.81737328       9.60699177    
       35460   11.0613527       5.81737328       9.60661316    
       35520   11.0698233       5.82875729       9.60578346    
       35580   11.0275154       5.82875729       9.60088253    
       35640   11.0736761       5.84616327       9.59155178    
       35700   11.1432285       5.84616327       9.57724285    
       35760   11.2156944       5.86685181       9.56134033    
       35820   11.2156944       5.86685181       9.54587460    
       35880   11.3053331       5.87323666       11.2636547    
       35940   11.3746948       5.87323666       11.3018560    
       36000   11.4463787       5.87365389       11.3391294    
       36060   11.4268055       5.87365389       11.3723488    
       36120   11.5288887       5.88839054       11.4015665    
       36180   11.6186752       5.88839054       11.4286413    
       36240   11.7595673       5.92289400       11.4503307    
       36300   11.9110270       5.92289400       11.4639788    
       36360   11.9766941       5.95561886       11.4671764    
       36420   12.0317297       5.95561886       11.4630127    
       36480   12.1037302       5.96336603       11.4521894    
       36540   12.2083788       5.96336603       11.4388733    
       36600   12.2636948       5.93966150       11.4250412    
       36660   12.2636948       5.93966150       11.4086285    
       36720   12.3351145       5.91621685       11.3907089    
       36780   12.4132938       5.91621685       11.3728867    
       36840   12.5611181       5.88470411       11.3635969    
       36900   12.5611181       5.88470411       11.3613186    
       36960   12.7424116       5.84638357       11.3620014    
       37020   12.8779707       5.84638357       11.3568945    
       37080   12.9550295       5.84594488       11.3443899    
       37140   12.9550295       5.84594488       11.3294706    
       37200   13.0700884       5.86130285       11.3180494    
       37260   13.1602945       5.86130285       11.3066587    
       37320   13.2312422       5.84640551       11.3009357    
       37380   13.2312422       5.84640551       11.3021584    
       37440   13.3235626       5.84934473       11.3022709    
       37500   13.3235626       5.84934473       11.2937746    
       37560   13.3235626       5.86644506       11.2801800    
       37620   13.2200003       5.86644506       11.2655802    
       37680   13.1176176       5.89723539       11.2450905    
       37740   13.1176176       5.89723539       11.2225552    
       37800   13.0554857       5.91594219       11.2027540    
       37860   12.9424725       5.91594219       11.1873465    
       37920   12.8874054       5.90327787       11.1685934    
       37980   12.8874054       5.90327787       11.1456623    
       38040   12.7517109       5.90747499       11.1267958    
       38100   12.6427946       5.90747499       11.1108618    
       38160   12.5560999       5.90563393       11.0957594    
       38220   12.5780754       5.90563393       11.0833178    
       38280   12.5780754       5.91074562       11.0727348    
       38340   12.5611248       5.91074562       11.0626678    
       38400   12.5094004       5.91862869       11.0500574    
       38460   12.4371500       5.91862869       11.0343924    
       38520   12.4371500       5.93542004       11.0161715    
       38580   12.3125248       5.93542004       10.9943819    
       38640   12.2143250       5.94314575       10.9781952    
       38700   12.0976496       5.94314575       10.9704342    
       38760   12.0976496       5.94708872       10.9626322    
       38820   12.0202246       5.94708872       10.9527826    
       38880   11.9976997       5.97375679       10.9427118    
       38940   12.0033588       5.97375679       10.9328279    
       39000   11.9098253       5.99928331       10.9245863    
       39060   11.8606749       5.99928331       10.9174948    
       39120   11.7708750       6.02856207       10.9049006    
       39180   11.7519484       6.02856207       10.8875532    
       39240   11.6569500       6.06252384       10.8718796    
       39300   11.5822754       6.06252384       10.8589659    
       39360   11.4765749       6.07383966       10.8489122    
       39420   11.4182310       6.07383966       10.8385973    
       39480   11.3628998       6.09058475       11.4206085    
       39540   11.2337999       6.09058475       11.3286428    
       39600   11.0917997       6.12096930       11.2354212    
       39660   11.0165386       6.12096930       11.1367111    
       39720   10.9505501       6.15429449       11.0432034    
       39780   10.8329496       6.15429449       10.9523125    
       39840   10.6645250       6.14998102       10.8611803    
       39900   10.5365896       6.14998102       10.7775860    
       39960   10.3276157       6.14262819       10.6984816    
       40020   10.2794247       6.14262819       10.6257734    
       40080   10.1185246       6.14513206       10.5509977    
       40140   10.0902052       6.14513206       10.4829540    
       40200   9.91458988       6.16970539       10.4226952    
       40260   9.84322453       6.16970539       10.3718138    
       40320   9.74636555       6.19649792       10.3239183    
       40380   9.74636555       6.19649792       10.2688627    
       40440   9.68209553       6.24359369       10.2209587    
       40500   9.50435734       6.24359369       10.1693153    
       40560   9.49358177       6.30495119       10.1178331    
       40620   9.34692860       6.30495119       10.0661535    
       40680   9.21992874       6.36956263       10.0212822    
       40740   9.10239029       6.36956263       9.98546219    
       40800   9.08442879       6.41096497       9.95093536    
       40860   8.91030979       6.41096497       9.91342926    
       40920   8.74566650       6.46426201       9.86943054    
       40980   8.74566650       6.46426201       9.82074165    
       41040   8.74713993       6.53202963       9.76888084    
       41100   8.74277306       6.53202963       9.72209835    
       41160   8.74264431       6.57530880       9.67143345    
       41220   8.74264431       6.57530880       9.61877251    
       41280   8.70782185       6.60595560       9.57167625    
       41340   8.66275597       6.60595560       9.53265762    
       41400   8.63713074       6.62280512       9.49680710    
       41460   8.58588886       6.62280512       9.45740604    
       41520   8.55971146       6.64900160       9.41538429    
       41580   8.51980019       6.64900160       9.37519741    
       41640   8.51980019       6.68471575       9.34220886    
       41700   8.55004406       6.68471575       9.31182384    
       41760   8.53355598       6.69522619       9.28303337    
       41820   8.52602196       6.69522619       9.25518894    
       41880   8.44974995       6.72588205       9.22347641    
       41940   8.44962215       6.72588205       9.19111824    
       42000   8.42144489       6.75785923       9.16000366    
       42060   8.38068867       6.75785923       9.13456821    
       42120   8.37109089       6.78225088       9.11539841    
       42180   8.38506699       6.78225088       9.10166645    
       42240   8.40522194       6.80270529       9.09369564    
       42300   8.40777302       6.80270529       9.08121967    
       42360   8.46647739       6.84193182       9.06556129    
       42420   8.52771091       6.84193182       9.05489254    
       42480   8.49711323       6.89622736       9.04580784    
       42540   8.50836372       6.89622736       9.03481388    
       42600   8.53020000       6.93072176       9.02541637    
       42660   8.53629589       6.93072176       9.01683426    
       42720   8.52093220       6.96336508       9.00829506    
       42780   8.50154591       6.96336508       9.00657272    
       42840   8.49295521       6.99154425       9.00889778    
       42900   8.50524998       6.99154425       9.01021671    
       42960   8.52872753       7.01619625       9.01059723    
       43020   8.55259132       7.01619625       9.01019669    
       43080   8.56435585       7.05665779       8.58728504    
       43140   8.54979515       7.05665779       8.58246899    
       43200   8.54763603       7.08964539       8.57809448    
       43260   8.51322746       7.08964539       8.58024502    
       43320   8.49106693       7.12040043       8.58646965    
       43380   8.49365902       7.12040043       8.59152699    
       43440   8.45915890       7.14113283       8.59656525    
       43500   8.44954586       7.14113283       8.60692978    
       43560   8.40653324       7.16936159       8.61071205    
       43620   8.43209076       7.16936159       8.60857296    
       43680   8.38606834       7.18295717       8.61032963    
       43740   8.36795425       7.18295717       8.62208080    
       43800   8.36795425       7.17741108       8.64024353    
       43860   8.37247753       7.17741108       8.65676880    
       43920   8.36665916       7.17696953       8.67023373    
       43980   8.37390900       7.17696953       8.68346500    
       44040   8.37390900       7.20032501       8.70103168    
       44100   8.39027309       7.20032501       8.70961857    
       44160   8.39863682       7.21110344       8.71906376    
       44220   8.38369751       7.21110344       8.72901344    
       44280   8.36359119       7.21428919       8.73789406    
       44340   8.32379532       7.21428919       8.74801636    
       44400   8.33940029       7.21946287       8.75540257    
       44460   8.33920479       7.21946287       8.76763344    
       44520   8.33954525       7.23446941       8.77880287    
       44580   8.34452248       7.23446941       8.79185581    
       44640   8.34452248       7.22814989       8.80850029    
       44700   8.32456779       7.22814989       8.82983398    
       44760   8.32340908       7.22985220       8.84722042    
       44820   8.30438614       7.22985220       8.86304665    
       44880   8.30438614       7.24588966       8.88425636    
       44940   8.27415943       7.24588966       8.90153599    
       45000   8.24011326       7.25802422       8.91184330    
       45060   8.25769806       7.25802422       8.91932106    
       45120   8.20172691       7.27976370       8.92716122    
       45180   8.16697693       7.27976370       8.93941307    
       45240   8.12924957       7.28121138       8.95511723    
       45300   8.12924957       7.28121138       8.96768570    
       45360   8.09424973       7.28519249       8.97719574    
       45420   8.05909061       7.28519249       8.98595047    
       45480   8.03256798       7.30189085       8.99134827    
       45540   8.03256798       7.30189085       8.99783325    
       45600   8.02884102       7.30875683       9.00255394    
       45660   8.00583744       7.30875683       9.00502205    
       45720   7.99102306       7.31520653       9.00588036    
       45780   8.00145435       7.31520653       9.00137329    
       45840   7.98597717       7.30880880       8.99739456    
       45900   7.95848846       7.30880880       8.99336815    
       45960   7.95279551       7.29827690       8.98760509    
       46020   7.92500019       7.29827690       8.97836781    
       46080   7.84832573       7.28703833       8.96506691    
       46140   7.84147739       7.28703833       8.95288372    
       46200   7.79754543       7.26546955       8.94137669    
       46260   7.77238655       7.26546955       8.92814827    
       46320   7.77238655       7.22901487       8.91581440    
       46380   7.79024982       7.22901487       8.90469265    
       46440   7.84293175       7.19406033       8.89257717    
       46500   7.88827276       7.19406033       8.88256645    
       46560   7.88827276       7.16327381       8.87392902    
       46620   7.84572744       7.16327381       8.86627865    
       46680   7.82463646       7.13485336       7.85184574    
       46740   7.85611343       7.13485336       7.86224508    
       46800   7.85611343       7.11253214       7.87299681    
       46860   7.86284113       7.11253214       7.88608313    
       46920   7.90450001       7.09687710       7.89458466    
       46980   7.91353512       7.09687710       7.90318251    
       47040   7.95636368       7.07870960       7.91039753    
       47100   7.99693203       7.07870960       7.91674805    
       47160   8.03068161       7.05481291       7.93016577    
       47220   8.06595325       7.05481291       7.95166540    
       47280   8.09949970       7.04244995       7.98469543    
       47340   8.14774990       7.04244995       8.01508522    
       47400   8.19697762       7.04540777       8.03428173    
       47460   8.19697762       7.04540777       8.04190445    
       47520   8.23056793       7.07361889       8.04662037    
       47580   8.26374435       7.07361889       8.05260849    
       47640   8.34744167       7.07676983       8.05589390    
       47700   8.35456848       7.07676983       8.06103516    
       47760   8.36823273       7.06537104       8.07127762    
       47820   8.38269806       7.06537104       8.08674622    
       47880   8.40265942       7.04849958       8.10092163    
       47940   8.44522762       7.04849958       8.11316586    
       48000   8.46855831       7.05389643       8.12187099    
       48060   8.46388340       7.05389643       8.12754154    
       48120   8.47254562       7.05707407       8.13390827    
       48180   8.48679543       7.05707407       8.14246750    
       48240   8.48488331       7.04452324       8.15905666    
       48300   8.48172760       7.04452324       8.17532921    
       48360   8.47875023       7.04072618       8.18603706    
       48420   8.47816277       7.04072618       8.19579506    
       48480   8.52153492       7.05044222       8.20832729    
       48540   8.51684093       7.05044222       8.22196579    
       48600   8.55190659       7.05333090       8.23182869    
       48660   8.61134911       7.05333090       8.24364471    
       48720   8.61254501       7.06135893       8.26112366    
       48780   8.67807007       7.06135893       8.27991199    
       48840   8.71109295       7.06527424       8.28766346    
       48900   8.71109295       7.06527424       8.28925133    
       48960   8.71034050       7.07118845       8.28858089    
       49020   8.73727894       7.07118845       8.28374958    
       49080   8.81576729       7.05729961       8.28427601    
       49140   8.87176704       7.05729961       8.28878307    
       49200   8.89370441       7.02873755       8.29439735    
       49260   8.90797710       7.02873755       8.30242729    
       49320   8.90261364       7.01850128       8.30694866    
       49380   8.91565895       7.01850128       8.30794048    
       49440   8.91815948       7.00904942       8.31380272    
       49500   8.93209267       7.00904942       8.31968403    
       49560   8.93402290       7.00035191       8.32448483    
       49620   8.96253490       7.00035191       8.33272648    
       49680   8.95485687       7.00474548       8.34233570    
       49740   8.95485687       7.00474548       8.35408878    
       49800   8.98919487       7.01382923       8.36431313    
       49860   9.01029968       7.01382923       8.37333679    
       49920   9.02635860       7.02570343       8.37982273    
       49980   9.02635860       7.02570343       8.38137913    
       50040   8.98497391       7.03622866       8.38167477    
       50100   8.95351315       7.03622866       8.38095951    
       50160   8.92138863       7.03983402       8.38106060    
       50220   8.92138863       7.03983402       8.38085651    
       50280   8.92568588       7.03751898       8.86766338    
       50340   8.91167641       7.03751898       8.83469582    
       50400   8.86454582       7.03630066       8.80319977    
       50460   8.86454582       7.03630066       8.76977348    
       50520   8.87625027       7.02348232       8.73517227    
       50580   8.86035442       7.02348232       8.69981670    
       50640   8.86035442       7.00563717       8.67130947    
       50700   8.82909966       7.00563717       8.64770889    
       50760   8.81396580       6.98564720       8.62805080    
       50820   8.80103588       6.98564720       8.60371876    
       50880   8.80103588       6.97531509       8.57717800    
       50940   8.77359295       6.97531509       8.54741573    
       51000   8.78419209       6.97924042       8.51809502    
       51060   8.77772045       6.97924042       8.49431705    
       51120   8.77772045       6.97214222       8.47117233    
       51180   8.82691669       6.97214222       8.44388008    
       51240   8.82691669       6.94833803       8.41724300    
       51300   8.78504372       6.94833803       8.39464760    
       51360   8.79068184       6.92616701       8.37897778    
       51420   9999.00000       6.92616701       8.36536407    
       51480   9999.00000       6.91667223       8.34632015    
       51540   9999.00000       6.91667223       8.32571888    
       51600   9999.00000       6.92784023       8.30120277    
       51660   9999.00000       6.92784023       8.27303600    
       51720   9999.00000       6.92262650       8.24565220    
       51780   9999.00000       6.92262650       8.21813679    
       51840   9999.00000       6.90081787       8.18833065    
       51900   9999.00000       6.90081787       8.15245819    
       51960   9999.00000       6.88395834       8.11902714    
       52020   9999.00000       6.88395834       8.09121227    
       52080   9999.00000       6.85545158       8.06315899    
       52140   9999.00000       6.85545158       8.03586769    
       52200   9999.00000       6.83795166       8.00360775    
       52260   9999.00000       6.83795166       7.96959686    
       52320   9999.00000       6.81811190       7.93325329    
       52380   9999.00000       6.81811190       7.89037037    
       52440   9999.00000       6.78889847       7.84265280    
       52500   9999.00000       6.78889847       7.79846668    
       52560   9999.00000       6.74703741       7.75982714    
       52620   9999.00000       6.74703741       7.72514200    
       52680   9999.00000       6.68809271       7.69413280    
       52740   9999.00000       6.68809271       7.65680218    
       52800   9999.00000       6.64502764       7.61956072    
       52860   9999.00000       6.64502764       7.58607149    
       52920   9999.00000       6.61839008       7.55368519    
       52980   9999.00000       6.61839008       7.52745676    
       53040   9999.00000       6.58737326       7.50545073    
       53100   9999.00000       6.58737326       7.48102903    
       53160   9999.00000       6.55990362       7.45205116    
       53220   9999.00000       6.55990362       7.41827583    
       53280   9999.00000       6.54531765       7.37951231    
       53340   9999.00000       6.54531765       7.33828402    
       53400   9999.00000       6.51224661       7.29922152    
       53460   9999.00000       6.51224661       7.26500893    
       53520   9999.00000       6.45904922       7.23464012    
       53580   9999.00000       6.45904922       7.20916462    
       53640   9999.00000       6.41309547       7.18501806    
       53700   9999.00000       6.41309547       7.15936422    
       53760   9999.00000       6.37642193       7.13392735    
       53820   9999.00000       6.37642193       7.10726690    
