 20190605
 Seconds  Measures(GLF-%)  Meso-NH(GLF-%)  FORECAST_AR(GLF-%)
       21480   72.2681808       88.8424759       69.3000031    
       21540   71.5659103       88.8424759       69.3000031    
       21600   71.6534882       88.8927841       69.3000031    
       21660   71.4159088       88.8927841       69.3000031    
       21720   71.5727310       89.0020447       69.3000031    
       21780   71.5545425       89.0020447       69.3000031    
       21840   71.3023224       89.2028198       69.3000031    
       21900   71.1636353       89.2028198       69.3000031    
       21960   71.0590897       89.3407898       69.3000031    
       22020   70.8249969       89.3407898       69.3000031    
       22080   70.7441864       89.6563873       69.3000031    
       22140   70.4227295       89.6563873       69.3000031    
       22200   70.3772736       89.7574921       69.3000031    
       22260   70.4727249       89.7574921       69.3000031    
       22320   70.2116241       89.7603455       69.3000031    
       22380   70.4590912       89.7603455       69.3000031    
       22440   70.3249969       89.7399139       69.3000031    
       22500   70.5795441       89.7399139       69.3000031    
       22560   70.8023224       90.0465393       69.3000031    
       22620   71.0477295       90.0465393       69.3000031    
       22680   71.2181854       90.3242340       69.3000031    
       22740   71.3933334       90.3242340       69.3000031    
       22800   71.3933334       90.4178543       69.3000031    
       22860   71.6260834       90.4178543       69.3000031    
       22920   71.8978271       90.4509735       69.3000031    
       22980   71.6999969       90.4509735       69.3000031    
       23040   71.8666687       90.6672592       69.3000031    
       23100   72.0622253       90.6672592       69.3000031    
       23160   72.0673904       90.6214218       69.3000031    
       23220   72.1711121       90.6214218       69.3000031    
       23280   72.4177780       90.5617981       69.3000031    
       23340   72.8022232       90.5617981       69.3000031    
       23400   72.9217377       90.7167587       69.3000031    
       23460   73.0022202       90.7167587       69.3000031    
       23520   73.5577774       91.2972946       69.3000031    
       23580   74.1266632       91.2972946       69.3000031    
       23640   74.3369598       91.4352722       69.3000031    
       23700   74.3399963       91.4352722       69.3000031    
       23760   74.2266693       91.4376068       69.3000031    
       23820   74.2399979       91.4376068       69.3000031    
       23880   74.2891312       91.7370605       69.3000031    
       23940   74.1600037       91.7370605       69.3000031    
       24000   74.0488892       92.2526016       69.3000031    
       24060   74.0488892       92.2526016       69.3000031    
       24120   74.0840912       92.4536057       69.3000031    
       24180   73.9627914       92.4536057       69.3000031    
       24240   73.8023834       92.5503387       69.3000031    
       24300   73.8023834       92.5503387       69.3000031    
       24360   73.8902435       92.5268631       69.3000031    
       24420   73.6804886       92.5268631       69.3000031    
       24480   73.4599991       92.7320557       69.3000031    
       24540   73.4975586       92.7320557       69.3000031    
       24600   73.4609756       92.8283005       69.3000031    
       24660   73.2658539       92.8283005       69.3000031    
       24720   73.1804886       93.0601730       69.3000031    
       24780   73.1804886       93.0601730       69.3000031    
       24840   73.0634155       93.1361313       69.3000031    
       24900   72.8975601       93.1361313       69.3000031    
       24960   73.0317078       93.1294861       69.3000031    
       25020   73.0317078       93.1294861       69.3000031    
       25080   73.1999969       93.1324921       78.3000031    
       25140   73.7463379       93.1324921       78.3000031    
       25200   74.0634155       93.1633072       78.3000031    
       25260   74.0634155       93.1633072       78.3000031    
       25320   74.4756088       93.1988068       78.3000031    
       25380   74.4804840       93.1988068       78.3000031    
       25440   74.2097549       93.1780701       78.3000031    
       25500   74.2097549       93.1780701       78.3000031    
       25560   73.9487839       93.1783524       78.3000031    
       25620   73.9902420       93.1783524       78.3000031    
       25680   74.4902420       93.1318588       78.3000031    
       25740   74.4902420       93.1318588       78.3000031    
       25800   74.8317108       93.0734940       78.3000031    
       25860   74.7463379       93.0734940       78.3000031    
       25920   74.5780487       93.0115509       78.3000031    
       25980   74.5780487       93.0115509       78.3000031    
       26040   74.1634140       92.9234161       78.3000031    
       26100   74.0073166       92.9234161       78.3000031    
       26160   74.1365891       92.8177872       78.3000031    
       26220   74.1365891       92.8177872       78.3000031    
       26280   73.9853668       92.7462540       78.3000031    
       26340   73.8000031       92.7462540       78.3000031    
       26400   73.6682892       92.6047516       78.3000031    
       26460   73.6682892       92.6047516       78.3000031    
       26520   73.4390259       92.5726852       78.3000031    
       26580   73.0951233       92.5726852       78.3000031    
       26640   72.9880981       92.5732880       78.3000031    
       26700   72.8756104       92.5732880       78.3000031    
       26760   72.5658569       92.4728622       78.3000031    
       26820   72.4048767       92.4728622       78.3000031    
       26880   72.1999969       92.4594650       78.3000031    
       26940   72.1756134       92.4594650       78.3000031    
       27000   71.9219513       92.4433289       78.3000031    
       27060   71.9268265       92.4433289       78.3000031    
       27120   72.1642838       92.3145905       78.3000031    
       27180   72.0658569       92.3145905       78.3000031    
       27240   72.1317062       92.1900177       78.3000031    
       27300   71.9463425       92.1900177       78.3000031    
       27360   72.0809555       92.0706100       78.3000031    
       27420   72.2073135       92.0706100       78.3000031    
       27480   72.2146378       92.0434647       78.3000031    
       27540   72.2170715       92.0434647       78.3000031    
       27600   72.4214249       91.9990997       78.3000031    
       27660   72.2756119       91.9990997       78.3000031    
       27720   72.3142853       91.9841690       78.3000031    
       27780   72.4534912       91.9841690       78.3000031    
       27840   72.4534912       91.9015045       78.3000031    
       27900   72.6363602       91.9015045       78.3000031    
       27960   72.8311081       91.8118515       78.3000031    
       28020   72.9739151       91.8118515       78.3000031    
       28080   73.0311127       91.6760635       78.3000031    
       28140   73.2891312       91.6760635       78.3000031    
       28200   73.5413055       91.5901413       78.3000031    
       28260   73.5913010       91.5901413       78.3000031    
       28320   73.6244431       91.5877991       78.3000031    
       28380   73.7666702       91.5877991       78.3000031    
       28440   73.8673935       91.5682297       78.3000031    
       28500   74.0934753       91.5682297       78.3000031    
       28560   74.0377808       91.6627121       78.3000031    
       28620   74.2688904       91.6627121       78.3000031    
       28680   74.3695679       91.7242355       64.0000000    
       28740   74.4326096       91.7242355       64.0000000    
       28800   74.4222260       91.7168198       64.0000000    
       28860   74.6044464       91.7168198       64.0000000    
       28920   74.8782578       91.7579727       64.0000000    
       28980   75.0130463       91.7579727       64.0000000    
       29040   75.0755539       91.7431107       64.0000000    
       29100   75.6111145       91.7431107       64.0000000    
       29160   75.8565216       91.7470856       64.0000000    
       29220   76.3311081       91.7470856       64.0000000    
       29280   76.7288895       91.5851288       64.0000000    
       29340   76.7977753       91.5851288       64.0000000    
       29400   77.0086975       91.2384415       64.0000000    
       29460   77.1511078       91.2384415       64.0000000    
       29520   77.4755554       91.1700516       64.0000000    
       29580   77.8244476       91.1700516       64.0000000    
       29640   77.8244476       91.1626129       64.0000000    
       29700   78.3088913       91.1626129       64.0000000    
       29760   78.7533340       90.9818497       64.0000000    
       29820   78.9599991       90.9818497       64.0000000    
       29880   78.9599991       90.9542694       64.0000000    
       29940   79.0955582       90.9542694       64.0000000    
       30000   79.3622208       90.9138260       64.0000000    
       30060   79.4755554       90.9138260       64.0000000    
       30120   79.3347855       90.7057343       64.0000000    
       30180   79.4822235       90.7057343       64.0000000    
       30240   79.7266693       90.7691879       64.0000000    
       30300   80.1022186       90.7691879       64.0000000    
       30360   80.1391296       90.8068314       64.0000000    
       30420   80.6133347       90.8068314       64.0000000    
       30480   81.0533371       90.8723526       64.0000000    
       30540   81.6133347       90.8723526       64.0000000    
       30600   81.7978287       90.9018707       64.0000000    
       30660   82.1933365       90.9018707       64.0000000    
       30720   82.4777756       90.9750290       64.0000000    
       30780   82.7200012       90.9750290       64.0000000    
       30840   82.9695663       91.1669922       64.0000000    
       30900   82.9888916       91.1669922       64.0000000    
       30960   83.3444443       91.3234177       64.0000000    
       31020   83.7311096       91.3234177       64.0000000    
       31080   83.8804321       91.3925323       64.0000000    
       31140   84.0933304       91.3925323       64.0000000    
       31200   84.1866684       91.4594650       64.0000000    
       31260   84.3199997       91.4594650       64.0000000    
       31320   84.2195663       91.5908508       64.0000000    
       31380   84.4488907       91.5908508       64.0000000    
       31440   84.3977814       91.5531158       64.0000000    
       31500   84.2065201       91.5531158       64.0000000    
       31560   84.3413010       91.5386505       64.0000000    
       31620   84.4066696       91.5386505       64.0000000    
       31680   84.6555557       91.5263367       64.0000000    
       31740   84.7608719       91.5263367       64.0000000    
       31800   84.8304367       91.5800629       64.0000000    
       31860   84.8391342       91.5800629       64.0000000    
       31920   84.9622192       91.5681534       64.0000000    
       31980   84.9826050       91.5681534       64.0000000    
       32040   85.2108688       91.4155273       64.0000000    
       32100   85.4608688       91.4155273       64.0000000    
       32160   85.3777771       91.3156586       64.0000000    
       32220   85.4195633       91.3156586       64.0000000    
       32280   85.5217361       91.2393570       90.0999985    
       32340   85.6652145       91.2393570       90.0999985    
       32400   85.9222260       91.0964050       90.0999985    
       32460   85.8739166       91.0964050       90.0999985    
       32520   85.7913055       91.0765381       90.0999985    
       32580   85.7717361       91.0765381       90.0999985    
       32640   85.8044434       91.0813599       90.0999985    
       32700   85.6500015       91.0813599       90.0999985    
       32760   85.6456528       91.0977325       90.0999985    
       32820   85.6177750       91.0977325       90.0999985    
       32880   85.5173950       91.1526337       90.0999985    
       32940   85.3826065       91.1526337       90.0999985    
       33000   85.4133301       91.3162842       90.0999985    
       33060   85.4199982       91.3162842       90.0999985    
       33120   85.3434753       91.6266251       90.0999985    
       33180   85.1934814       91.6266251       90.0999985    
       33240   85.1711121       91.5355225       90.0999985    
       33300   85.0630417       91.5355225       90.0999985    
       33360   84.8891296       91.3810349       90.0999985    
       33420   84.6608658       91.3810349       90.0999985    
       33480   84.5021744       91.5472336       90.0999985    
       33540   84.5021744       91.5472336       90.0999985    
       33600   84.4586945       91.6000977       90.0999985    
       33660   83.9434814       91.6000977       90.0999985    
       33720   83.7021713       91.4839706       90.0999985    
       33780   83.9400024       91.4839706       90.0999985    
       33840   83.5434799       91.6189117       90.0999985    
       33900   83.6347809       91.6189117       90.0999985    
       33960   83.6717377       91.5055313       90.0999985    
       34020   83.7133331       91.5055313       90.0999985    
       34080   83.7739105       91.3599243       90.0999985    
       34140   83.7355576       91.3599243       90.0999985    
       34200   83.5133362       91.1644592       90.0999985    
       34260   83.0111084       91.1644592       90.0999985    
       34320   82.9956512       91.2257690       90.0999985    
       34380   82.8111115       91.2257690       90.0999985    
       34440   82.7355576       91.2451096       90.0999985    
       34500   82.6111145       91.2451096       90.0999985    
       34560   82.5956497       91.2311478       90.0999985    
       34620   82.3822250       91.2311478       90.0999985    
       34680   82.0777740       91.2097168       90.0999985    
       34740   81.7111130       91.2097168       90.0999985    
       34800   81.8130417       91.0766449       90.0999985    
       34860   81.8355560       91.0766449       90.0999985    
       34920   81.7911148       91.0710907       90.0999985    
       34980   81.9266663       91.0710907       90.0999985    
       35040   81.9021759       91.0137329       90.0999985    
       35100   82.0333328       91.0137329       90.0999985    
       35160   82.3533325       90.9012909       90.0999985    
       35220   82.3222198       90.9012909       90.0999985    
       35280   82.4086990       90.7652130       90.0999985    
       35340   82.2266693       90.7652130       90.0999985    
       35400   82.1911087       90.7919235       90.0999985    
       35460   82.1044464       90.7919235       90.0999985    
       35520   81.6733322       90.8337173       90.0999985    
       35580   81.6733322       90.8337173       90.0999985    
       35640   81.5911102       90.7763290       90.0999985    
       35700   81.4555588       90.7763290       90.0999985    
       35760   81.1466675       90.7788925       90.0999985    
       35820   81.1466675       90.7788925       90.0999985    
       35880   81.0266647       90.8111191       79.0000000    
       35940   80.7755585       90.8111191       79.0000000    
       36000   80.4422226       90.7074585       79.0000000    
       36060   80.4422226       90.7074585       79.0000000    
       36120   80.2555542       90.6131744       79.0000000    
       36180   80.4044418       90.6131744       79.0000000    
       36240   80.2177811       90.5263290       79.0000000    
       36300   80.2177811       90.5263290       79.0000000    
       36360   80.2977753       90.3575058       79.0000000    
       36420   80.2177811       90.3575058       79.0000000    
       36480   80.1934814       90.2718658       79.0000000    
       36540   80.1755524       90.2718658       79.0000000    
       36600   80.2088852       90.2375946       79.0000000    
       36660   80.1826096       90.2375946       79.0000000    
       36720   79.8586960       90.0962448       79.0000000    
       36780   79.8133316       90.0962448       79.0000000    
       36840   79.5400009       89.9329224       79.0000000    
       36900   79.6956558       89.9329224       79.0000000    
       36960   79.7456512       89.9305115       79.0000000    
       37020   79.6456528       89.9305115       79.0000000    
       37080   79.6311111       89.8333740       79.0000000    
       37140   79.4599991       89.8333740       79.0000000    
       37200   79.3217392       89.6881714       79.0000000    
       37260   79.2760849       89.6881714       79.0000000    
       37320   79.6844482       89.4453888       79.0000000    
       37380   79.6088867       89.4453888       79.0000000    
       37440   79.4804382       89.2986908       79.0000000    
       37500   79.3043442       89.2986908       79.0000000    
       37560   79.1911087       89.2159500       79.0000000    
       37620   78.5822220       89.2159500       79.0000000    
       37680   78.2456512       89.1419830       79.0000000    
       37740   77.9391327       89.1419830       79.0000000    
       37800   77.9391327       89.1123276       79.0000000    
       37860   77.9043503       89.1123276       79.0000000    
       37920   77.9717407       89.1612091       79.0000000    
       37980   77.8282623       89.1612091       79.0000000    
       38040   77.8282623       88.9398575       79.0000000    
       38100   77.7586975       88.9398575       79.0000000    
       38160   77.6478271       88.6204300       79.0000000    
       38220   77.7369537       88.6204300       79.0000000    
       38280   77.7369537       88.3405609       79.0000000    
       38340   77.9543457       88.3405609       79.0000000    
       38400   78.1260834       88.2637863       79.0000000    
       38460   77.9422226       88.2637863       79.0000000    
       38520   77.9422226       88.3420029       79.0000000    
       38580   77.7863617       88.3420029       79.0000000    
       38640   77.5999985       88.2168884       79.0000000    
       38700   77.5238113       88.2168884       79.0000000    
       38760   77.5238113       88.2716370       79.0000000    
       38820   77.4499969       88.2716370       79.0000000    
       38880   77.3833313       88.3602829       79.0000000    
       38940   77.3809509       88.3602829       79.0000000    
       39000   77.5348816       88.3441315       79.0000000    
       39060   77.2880936       88.3441315       79.0000000    
       39120   77.3785706       88.2024841       79.0000000    
       39180   77.8476181       88.2024841       79.0000000    
       39240   77.8476181       88.0766449       79.0000000    
       39300   77.8380966       88.0766449       79.0000000    
       39360   77.9452362       88.0421829       79.0000000    
       39420   78.1142883       88.0421829       79.0000000    
       39480   78.1142883       88.1207962       74.9000015    
       39540   77.9071426       88.1207962       74.9000015    
       39600   78.0214310       88.0216827       74.9000015    
       39660   78.2547607       88.0216827       74.9000015    
       39720   78.2547607       87.9059372       74.9000015    
       39780   78.4047623       87.9059372       74.9000015    
       39840   78.4809494       87.9419098       74.9000015    
       39900   78.6761932       87.9419098       74.9000015    
       39960   78.8325577       87.9033737       74.9000015    
       40020   78.7500000       87.9033737       74.9000015    
       40080   78.8285751       88.0156174       74.9000015    
       40140   79.0261917       88.0156174       74.9000015    
       40200   79.0488358       88.0483017       74.9000015    
       40260   78.9595261       88.0483017       74.9000015    
       40320   78.9095230       87.9928589       74.9000015    
       40380   79.1500015       87.9928589       74.9000015    
       40440   79.0999985       88.0430527       74.9000015    
       40500   79.3857117       88.0430527       74.9000015    
       40560   78.7738113       88.2020493       74.9000015    
       40620   78.3142853       88.2020493       74.9000015    
       40680   77.9380951       88.3173752       74.9000015    
       40740   77.9380951       88.3173752       74.9000015    
       40800   77.6547623       88.4280014       74.9000015    
       40860   77.5809555       88.4280014       74.9000015    
       40920   77.4928589       88.5615005       74.9000015    
       40980   77.4928589       88.5615005       74.9000015    
       41040   77.5476227       88.7069702       74.9000015    
       41100   77.5571442       88.7069702       74.9000015    
       41160   78.0666656       88.7864075       74.9000015    
       41220   78.0666656       88.7864075       74.9000015    
       41280   78.6238098       88.7048874       74.9000015    
       41340   78.9285736       88.7048874       74.9000015    
       41400   79.0878067       88.5897217       74.9000015    
       41460   78.9761887       88.5897217       74.9000015    
       41520   78.7976227       88.6861191       74.9000015    
       41580   78.8642883       88.6861191       74.9000015    
       41640   78.9414597       88.8295135       74.9000015    
       41700   78.8952408       88.8295135       74.9000015    
       41760   78.7500000       88.9233322       74.9000015    
       41820   78.4261932       88.9233322       74.9000015    
       41880   78.1690445       89.1081085       74.9000015    
       41940   78.1690445       89.1081085       74.9000015    
       42000   77.9809494       89.2691650       74.9000015    
       42060   77.6833344       89.2691650       74.9000015    
       42120   77.6833344       89.2188110       74.9000015    
       42180   77.7046509       89.2188110       74.9000015    
       42240   77.7227249       89.2305222       74.9000015    
       42300   77.7911148       89.2305222       74.9000015    
       42360   77.7911148       89.2926636       74.9000015    
       42420   77.9021759       89.2926636       74.9000015    
       42480   77.7152176       89.1676865       74.9000015    
       42540   77.6891327       89.1676865       74.9000015    
       42600   77.5000000       89.1354294       74.9000015    
       42660   77.2133331       89.1354294       74.9000015    
       42720   76.9499969       89.2031784       74.9000015    
       42780   76.4891281       89.2031784       74.9000015    
       42840   76.2488861       89.0650253       74.9000015    
       42900   75.9804382       89.0650253       74.9000015    
       42960   75.3108673       89.0832443       74.9000015    
       43020   74.9347839       89.0832443       74.9000015    
       43080   74.7533340       89.1960602       75.1500015    
       43140   74.5608673       89.1960602       75.1500015    
       43200   74.5065231       88.9465256       75.1500015    
       43260   74.4326096       88.9465256       75.1500015    
       43320   74.3586960       88.8808746       75.1500015    
       43380   74.3586960       88.8808746       75.1500015    
       43440   74.1347809       88.8686752       75.1500015    
       43500   73.9847794       88.8686752       75.1500015    
       43560   73.7155533       88.7421112       75.1500015    
       43620   73.5955582       88.7421112       75.1500015    
       43680   73.5955582       88.7472916       75.1500015    
       43740   73.2399979       88.7472916       75.1500015    
       43800   72.7977753       88.7922897       75.1500015    
       43860   72.8666687       88.7922897       75.1500015    
       43920   73.1391296       88.7839813       75.1500015    
       43980   73.0555573       88.7839813       75.1500015    
       44040   73.2533340       88.7108459       75.1500015    
       44100   73.6088867       88.7108459       75.1500015    
       44160   74.0717392       88.6148758       75.1500015    
       44220   74.3622208       88.6148758       75.1500015    
       44280   75.0088882       88.4947815       75.1500015    
       44340   75.7844467       88.4947815       75.1500015    
       44400   76.1239166       88.5044250       75.1500015    
       44460   76.4933319       88.5044250       75.1500015    
       44520   76.9444427       88.6050873       75.1500015    
       44580   77.3288879       88.6050873       75.1500015    
       44640   77.6239166       88.4762268       75.1500015    
       44700   77.8688889       88.4762268       75.1500015    
       44760   78.2733307       88.4527054       75.1500015    
       44820   78.6444473       88.4527054       75.1500015    
       44880   78.9760895       88.5116272       75.1500015    
       44940   78.8822250       88.5116272       75.1500015    
       45000   79.2377777       88.6538925       75.1500015    
       45060   79.5304337       88.6538925       75.1500015    
       45120   79.9282608       88.7844086       75.1500015    
       45180   80.1511078       88.7844086       75.1500015    
       45240   80.5422211       88.7303467       75.1500015    
       45300   80.7913055       88.7303467       75.1500015    
       45360   81.0999985       88.7032623       75.1500015    
       45420   81.1222229       88.7032623       75.1500015    
       45480   81.5711136       88.7792587       75.1500015    
       45540   81.8777771       88.7792587       75.1500015    
       45600   81.9847794       88.8111115       75.1500015    
       45660   81.9533310       88.8111115       75.1500015    
       45720   82.3222198       88.8445358       75.1500015    
       45780   82.4673920       88.8445358       75.1500015    
       45840   82.7521744       88.9233551       75.1500015    
       45900   82.8466644       88.9233551       75.1500015    
       45960   83.1177750       88.8155746       75.1500015    
       46020   83.2869568       88.8155746       75.1500015    
       46080   83.3282623       88.6578979       75.1500015    
       46140   83.4400024       88.6578979       75.1500015    
       46200   83.7044449       88.7496643       75.1500015    
       46260   83.8543472       88.7496643       75.1500015    
       46320   84.2347794       88.8315277       75.1500015    
       46380   84.6600037       88.8315277       75.1500015    
       46440   85.1888885       88.8858719       75.1500015    
       46500   85.3065186       88.8858719       75.1500015    
       46560   85.8630447       89.0815277       75.1500015    
       46620   86.6377792       89.0815277       75.1500015    
       46680   87.1311111       89.1332626       91.9000015    
       46740   87.1847839       89.1332626       91.9000015    
       46800   87.6891327       89.0932083       91.9000015    
       46860   88.0666656       89.0932083       91.9000015    
       46920   88.3644409       89.2771683       91.9000015    
       46980   88.6266632       89.2771683       91.9000015    
       47040   88.6266632       89.2446671       91.9000015    
       47100   89.0204544       89.2446671       91.9000015    
       47160   89.2255783       89.2558365       91.9000015    
       47220   89.2255783       89.2558365       91.9000015    
       47280   89.4452362       89.4047623       91.9000015    
       47340   89.4452362       89.4047623       91.9000015    
       47400   89.9512177       89.4412766       91.9000015    
       47460   90.5124969       89.4412766       91.9000015    
       47520   90.7025604       89.3495178       91.9000015    
       47580   90.8421021       89.3495178       91.9000015    
       47640   90.8421021       89.2995071       91.9000015    
       47700   90.7631607       89.2995071       91.9000015    
       47760   90.7027054       89.3823853       91.9000015    
       47820   90.5621643       89.3823853       91.9000015    
       47880   90.4078979       89.4447784       91.9000015    
       47940   90.2315826       89.4447784       91.9000015    
       48000   89.9815826       89.4963303       91.9000015    
       48060   89.9432449       89.4963303       91.9000015    
       48120   89.6578979       89.3550186       91.9000015    
       48180   89.5552597       89.3550186       91.9000015    
       48240   89.3263168       89.2624435       91.9000015    
       48300   89.2837830       89.2624435       91.9000015    
       48360   89.1368408       89.3625946       91.9000015    
       48420   88.9868393       89.3625946       91.9000015    
       48480   88.8000031       89.3641663       91.9000015    
       48540   88.6621628       89.3641663       91.9000015    
       48600   88.5868454       89.3940735       91.9000015    
       48660   88.4631577       89.3940735       91.9000015    
       48720   88.3578949       89.4093018       91.9000015    
       48780   88.2405396       89.4093018       91.9000015    
       48840   88.2421036       89.6082764       91.9000015    
       48900   88.1105270       89.6082764       91.9000015    
       48960   88.0054016       89.7727661       91.9000015    
       49020   87.7810822       89.7727661       91.9000015    
       49080   87.7473679       89.7716064       91.9000015    
       49140   87.6368408       89.7716064       91.9000015    
       49200   87.5999985       89.7355118       91.9000015    
       49260   87.5621643       89.7355118       91.9000015    
       49320   87.4526291       89.7006531       91.9000015    
       49380   87.4394760       89.7006531       91.9000015    
       49440   87.3973007       89.5873260       91.9000015    
       49500   87.1297302       89.5873260       91.9000015    
       49560   87.1297302       89.5134888       91.9000015    
       49620   86.9972992       89.5134888       91.9000015    
       49680   86.8888855       89.5718613       91.9000015    
       49740   86.8277740       89.5718613       91.9000015    
       49800   86.6594620       89.6093826       91.9000015    
       49860   86.3513489       89.6093826       91.9000015    
       49920   86.2333298       89.4655075       91.9000015    
       49980   86.0888901       89.4655075       91.9000015    
       50040   86.2027054       89.3371582       91.9000015    
       50100   86.1270294       89.3371582       91.9000015    
       50160   86.0027771       89.2902145       91.9000015    
       50220   85.9250031       89.2902145       91.9000015    
       50280   85.9351349       89.2360458       85.8000031    
       50340   85.8783798       89.2360458       85.8000031    
       50400   85.7750015       89.1798019       85.8000031    
       50460   85.5861130       89.1798019       85.8000031    
       50520   85.4675674       89.2398605       85.8000031    
       50580   85.0945969       89.2398605       85.8000031    
       50640   84.9944458       89.3954391       85.8000031    
       50700   84.7837830       89.3954391       85.8000031    
       50760   84.7710495       89.5751877       85.8000031    
       50820   84.8589706       89.5751877       85.8000031    
       50880   84.9875031       89.5719910       85.8000031    
       50940   84.9875031       89.5719910       85.8000031    
       51000   85.0438995       89.3668289       85.8000031    
       51060   85.2119064       89.3668289       85.8000031    
       51120   85.2255783       89.1052628       85.8000031    
       51180   85.2255783       89.1052628       85.8000031    
       51240   85.1999969       88.9952011       85.8000031    
       51300   85.1977768       88.9952011       85.8000031    
       51360   85.0977783       88.8573608       85.8000031    
       51420   85.0977783       88.8573608       85.8000031    
       51480   84.8955536       88.6198654       85.8000031    
       51540   84.7755585       88.6198654       85.8000031    
       51600   84.3866653       88.4051743       85.8000031    
       51660   84.4204559       88.4051743       85.8000031    
       51720   84.0711136       88.2046280       85.8000031    
       51780   84.1066666       88.2046280       85.8000031    
       51840   83.9044418       88.0589600       85.8000031    
       51900   83.9409103       88.0589600       85.8000031    
       51960   83.6600037       87.9223557       85.8000031    
       52020   83.5000000       87.9223557       85.8000031    
       52080   83.2266693       87.7363968       85.8000031    
       52140   83.1045456       87.7363968       85.8000031    
       52200   82.8399963       87.6548843       85.8000031    
       52260   82.2955551       87.6548843       85.8000031    
       52320   81.8333359       87.5510025       85.8000031    
       52380   81.6772690       87.5510025       85.8000031    
       52440   81.4822235       87.5076447       85.8000031    
       52500   81.2422256       87.5076447       85.8000031    
       52560   81.1340942       87.1859283       85.8000031    
       52620   80.7911148       87.1859283       85.8000031    
       52680   80.3044434       86.8451538       85.8000031    
       52740   79.8600006       86.8451538       85.8000031    
       52800   79.7227249       86.6632462       85.8000031    
       52860   79.5355530       86.6632462       85.8000031    
       52920   79.1511078       86.4203339       85.8000031    
       52980   78.6555557       86.4203339       85.8000031    
       53040   78.4977264       86.2594376       85.8000031    
       53100   78.2711105       86.2594376       85.8000031    
       53160   78.0711136       86.2324219       85.8000031    
       53220   77.8717422       86.2324219       85.8000031    
       53280   77.6444473       86.1899567       85.8000031    
       53340   77.4760895       86.1899567       85.8000031    
       53400   77.2413025       86.0896072       85.8000031    
       53460   77.1608658       86.0896072       85.8000031    
       53520   77.0577774       86.0547714       85.8000031    
       53580   77.1065216       86.0547714       85.8000031    
       53640   76.9347839       85.9605484       85.8000031    
       53700   76.5565186       85.9605484       85.8000031    
       53760   76.3066635       85.7499847       85.8000031    
       53820   76.2717361       85.7499847       85.8000031    
       53880   76.0521774       85.5733185       71.1999969    
       53940   75.8239136       85.5733185       71.1999969    
       54000   75.5266647       85.4059067       71.1999969    
       54060   75.3891296       85.4059067       71.1999969    
       54120   75.2739105       85.1306992       71.1999969    
       54180   75.1217422       85.1306992       71.1999969    
       54240   75.1355591       84.7613831       71.1999969    
       54300   75.0652161       84.7613831       71.1999969    
       54360   75.0391312       84.4893646       71.1999969    
       54420   74.8913040       84.4893646       71.1999969    
       54480   74.5955582       84.3257523       71.1999969    
       54540   74.3666687       84.3257523       71.1999969    
       54600   74.3369598       84.2464828       71.1999969    
       54660   74.0521774       84.2464828       71.1999969    
       54720   73.6956558       84.2122192       71.1999969    
       54780   73.4266663       84.2122192       71.1999969    
       54840   73.4521713       84.3575516       71.1999969    
       54900   73.2630463       84.3575516       71.1999969    
       54960   72.8782578       84.3992233       71.1999969    
       55020   72.6444473       84.3992233       71.1999969    
       55080   72.7956543       84.4556503       71.1999969    
       55140   72.6543503       84.4556503       71.1999969    
       55200   72.4260864       84.5629196       71.1999969    
       55260   72.5222244       84.5629196       71.1999969    
       55320   72.6586990       84.5877457       71.1999969    
       55380   72.7565231       84.5877457       71.1999969    
       55440   72.5695648       84.6358795       71.1999969    
       55500   72.4644470       84.6358795       71.1999969    
       55560   72.4195633       84.7384262       71.1999969    
       55620   72.3956528       84.7384262       71.1999969    
       55680   72.3543472       84.7232361       71.1999969    
       55740   72.3111115       84.7232361       71.1999969    
       55800   72.2826080       84.7248230       71.1999969    
       55860   72.1217422       84.7248230       71.1999969    
       55920   72.0391312       84.7649612       71.1999969    
       55980   72.1644440       84.7649612       71.1999969    
       56040   71.6695633       84.8604889       71.1999969    
       56100   71.4956512       84.8604889       71.1999969    
       56160   71.5000000       84.8418350       71.1999969    
       56220   71.5000000       84.8418350       71.1999969    
       56280   71.2304382       84.8129272       71.1999969    
       56340   71.1282578       84.8129272       71.1999969    
       56400   70.8043442       84.9026337       71.1999969    
       56460   70.8043442       84.9026337       71.1999969    
       56520   70.5500031       84.9307022       71.1999969    
       56580   70.2739105       84.9307022       71.1999969    
       56640   70.0304337       84.9661560       71.1999969    
       56700   70.0304337       84.9661560       71.1999969    
       56760   69.8739166       84.8487854       71.1999969    
       56820   69.7304382       84.8487854       71.1999969    
       56880   69.1999969       84.6414185       71.1999969    
       56940   69.1999969       84.6414185       71.1999969    
       57000   68.9217377       84.5347443       71.1999969    
       57060   68.4956512       84.5347443       71.1999969    
       57120   68.2065201       84.4680252       71.1999969    
       57180   68.2065201       84.4680252       71.1999969    
       57240   67.5434799       84.4267731       71.1999969    
       57300   67.1956558       84.4267731       71.1999969    
       57360   67.0688858       84.2208939       71.1999969    
       57420   67.0688858       84.2208939       71.1999969    
       57480   66.8954544       83.8096008       71.0000000    
       57540   66.6697693       83.8096008       71.0000000    
       57600   66.4523773       83.5485001       71.0000000    
       57660   66.4523773       83.5485001       71.0000000    
       57720   66.3853683       83.4798889       71.0000000    
       57780   66.1200027       83.4798889       71.0000000    
       57840   65.9128189       83.3476868       71.0000000    
       57900   65.9128189       83.3476868       71.0000000    
       57960   65.7552643       83.2093048       71.0000000    
       58020   65.4783783       83.2093048       71.0000000    
       58080   65.1444473       83.0386200       71.0000000    
       58140   65.1444473       83.0386200       71.0000000    
       58200   64.7285690       82.9496384       71.0000000    
       58260   64.4852905       82.9496384       71.0000000    
       58320   64.1909103       82.9862518       71.0000000    
       58380   63.8312492       82.9862518       71.0000000    
       58440   63.8312492       83.0522995       71.0000000    
       58500   63.4838715       83.0522995       71.0000000    
       58560   63.0866661       83.0670776       71.0000000    
       58620   62.9379311       83.0670776       71.0000000    
       58680   62.9379311       83.0849228       71.0000000    
       58740   62.3428574       83.0849228       71.0000000    
       58800   61.9074059       83.0143585       71.0000000    
       58860   61.6423073       83.0143585       71.0000000    
       58920   61.6423073       82.9019318       71.0000000    
       58980   60.9560013       82.9019318       71.0000000    
       59040   60.4458351       82.6805191       71.0000000    
       59100   59.9391289       82.6805191       71.0000000    
       59160   9999.00000       82.0357513       71.0000000    
       59220   9999.00000       82.0357513       71.0000000    
       59280   9999.00000       80.9284058       71.0000000    
       59340   9999.00000       80.9284058       71.0000000    
       59400   9999.00000       79.6463242       71.0000000    
       59460   9999.00000       79.6463242       71.0000000    
       59520   9999.00000       78.5385132       71.0000000    
       59580   9999.00000       78.5385132       71.0000000    
       59640   9999.00000       77.6434479       71.0000000    
       59700   9999.00000       77.6434479       71.0000000    
       59760   9999.00000       76.7994537       71.0000000    
       59820   9999.00000       76.7994537       71.0000000    
       59880   9999.00000       76.4034653       71.0000000    
       59940   9999.00000       76.4034653       71.0000000    
       60000   9999.00000       76.1266022       71.0000000    
       60060   9999.00000       76.1266022       71.0000000    
       60120   9999.00000       75.6021576       71.0000000    
       60180   9999.00000       75.6021576       71.0000000    
       60240   9999.00000       75.2844696       71.0000000    
       60300   9999.00000       75.2844696       71.0000000    
       60360   9999.00000       75.2294464       71.0000000    
       60420   9999.00000       75.2294464       71.0000000    
       60480   9999.00000       75.2972260       71.0000000    
       60540   9999.00000       75.2972260       71.0000000    
       60600   9999.00000       75.1834106       71.0000000    
       60660   9999.00000       75.1834106       71.0000000    
       60720   9999.00000       75.0541000       71.0000000    
       60780   9999.00000       75.0541000       71.0000000    
       60840   9999.00000       74.8400726       71.0000000    
       60900   9999.00000       74.8400726       71.0000000    
       60960   9999.00000       74.4739914       71.0000000    
       61020   9999.00000       74.4739914       71.0000000    
