 20190626
 Seconds  Measures(ISO-arcsec)  Meso-NH(ISO-arcsec)  FORECAST_AR(ISO-arcsec)
       25080   2.73418522       2.22219920       1.78138435    
       25140   2.74428582       2.22219920       1.78110099    
       25200   2.66032147       2.22304487       1.78061044    
       25260   2.67422223       2.22304487       1.77969635    
       25320   2.67422223       2.22384930       1.77873981    
       25380   2.68732142       2.22384930       1.77810466    
       25440   2.69892859       2.22489238       1.77787876    
       25500   2.71824145       2.22489238       1.77770042    
       25560   2.71650004       2.22616124       1.77738130    
       25620   2.65886211       2.22616124       1.77725863    
       25680   2.67885709       2.22765183       1.77756858    
       25740   2.71417236       2.22765183       1.77822542    
       25800   2.74049997       2.22944069       1.77886975    
       25860   2.73189664       2.22944069       1.77944767    
       25920   2.73189664       2.23143792       1.78003919    
       25980   2.73128581       2.23143792       1.78081751    
       26040   2.65467858       2.23398757       1.78180659    
       26100   2.64992595       2.23398757       1.78285348    
       26160   2.64992595       2.23697662       1.78382027    
       26220   2.73707414       2.23697662       1.78489530    
       26280   2.77221417       2.24012446       1.78606796    
       26340   2.78879309       2.24012446       1.78717804    
       26400   2.78879309       2.24303818       1.78800666    
       26460   2.78879309       2.24303818       1.78847349    
       26520   2.79765511       2.24571300       1.78935039    
       26580   2.83006668       2.24571300       1.79076970    
       26640   2.83006668       2.24824882       1.79272258    
       26700   2.85638714       2.24824882       1.79481578    
       26760   2.78367734       2.25148797       1.79673290    
       26820   2.78156662       2.25148797       1.79828858    
       26880   2.77868962       2.25516868       1.79973853    
       26940   2.79530001       2.25516868       1.80144918    
       27000   2.74950004       2.25887609       1.80344164    
       27060   2.74950004       2.25887609       1.80546296    
       27120   2.74950004       2.26219916       1.80740178    
       27180   2.75316119       2.26219916       1.80960393    
       27240   2.76843739       2.26572180       1.81209135    
       27300   2.76843739       2.26572180       1.81475461    
       27360   2.76796961       2.26935291       1.81733525    
       27420   2.75593948       2.26935291       1.81952035    
       27480   2.74770594       2.27344418       1.82142889    
       27540   2.73596978       2.27344418       1.82346976    
       27600   2.66363645       2.27748775       1.82585633    
       27660   2.64421868       2.27748775       1.82842290    
       27720   2.65266657       2.28085685       1.83080876    
       27780   2.69496870       2.28085685       1.83300960    
       27840   2.69496870       2.28414607       1.83519197    
       27900   2.71554542       2.28414607       1.83756816    
       27960   2.70909381       2.28754759       1.84019661    
       28020   2.70684385       2.28754759       1.84294260    
       28080   2.72457576       2.29106593       1.84562564    
       28140   2.73484850       2.29106593       1.84830403    
       28200   2.73440623       2.29485130       1.85107529    
       28260   2.67040634       2.29485130       1.85392427    
       28320   2.67040634       2.29889894       1.85677207    
       28380   2.67806244       2.29889894       1.85958636    
       28440   2.70446873       2.30302072       1.86243391    
       28500   2.70446873       2.30302072       1.86538267    
       28560   2.72472739       2.30715847       1.86838472    
       28620   2.73341179       2.30715847       1.87139106    
       28680   2.73948574       2.31163692       2.24783921    
       28740   2.73948574       2.31163692       2.24922180    
       28800   2.73480010       2.31594539       2.25154209    
       28860   2.79782867       2.31594539       2.25330257    
       28920   2.80902767       2.32002401       2.25443268    
       28980   2.80902767       2.32002401       2.25536585    
       29040   2.81213880       2.32360530       2.25656247    
       29100   2.79333329       2.32360530       2.25779724    
       29160   2.78997231       2.32707119       2.25964522    
       29220   2.78997231       2.32707119       2.26086473    
       29280   2.83982849       2.33019471       2.26107597    
       29340   2.81361103       2.33019471       2.26099253    
       29400   2.78819990       2.33303070       2.26103044    
       29460   2.76714706       2.33303070       2.26204395    
       29520   2.74591422       2.33535075       2.26395583    
       29580   2.74591422       2.33535075       2.26624084    
       29640   2.74775004       2.33724618       2.26760483    
       29700   2.81034279       2.33724618       2.26869440    
       29760   2.82433343       2.33933997       2.27007008    
       29820   2.82845950       2.33933997       2.27175426    
       29880   2.80116224       2.34157467       2.27345800    
       29940   2.77561116       2.34157467       2.27466965    
       30000   2.74563885       2.34355712       2.27551961    
       30060   2.74563885       2.34355712       2.27601957    
       30120   2.74332428       2.34521317       2.27730417    
       30180   2.73105550       2.34521317       2.27880049    
       30240   2.69469452       2.34661245       2.28061366    
       30300   2.68413520       2.34661245       2.28241777    
       30360   2.65741658       2.34784603       2.28375101    
       30420   2.71079993       2.34784603       2.28466678    
       30480   2.71079993       2.34862781       2.28547955    
       30540   2.70252776       2.34862781       2.28695822    
       30600   2.68611431       2.34889865       2.28875017    
       30660   2.71939993       2.34889865       2.29050899    
       30720   2.71939993       2.34931421       2.29168916    
       30780   2.71939993       2.34931421       2.29258370    
       30840   2.69911432       2.35018229       2.29379010    
       30900   2.66820002       2.35018229       2.29560900    
       30960   2.65266657       2.35029626       2.29763389    
       31020   2.64980006       2.35029626       2.29927778    
       31080   2.63622856       2.34995365       2.30027843    
       31140   2.64094114       2.34995365       2.30081987    
       31200   2.63217139       2.34893966       2.30148840    
       31260   2.68385291       2.34893966       2.30238247    
       31320   2.67808580       2.34755635       2.30305815    
       31380   2.66597152       2.34755635       2.30327225    
       31440   2.66597152       2.34595537       2.30309820    
       31500   2.66597152       2.34595537       2.30294991    
       31560   2.64308572       2.34379983       2.30311656    
       31620   2.64308572       2.34379983       2.30358315    
       31680   2.63305712       2.34152985       2.30390739    
       31740   2.61897135       2.34152985       2.30370140    
       31800   2.61431432       2.33917499       2.30319452    
       31860   2.61431432       2.33917499       2.30260730    
       31920   2.64691424       2.33638883       2.30219412    
       31980   2.63472223       2.33638883       2.30192876    
       32040   2.60988569       2.33344626       2.30167699    
       32100   2.57850003       2.33344626       2.30120301    
       32160   2.57437134       2.33069324       2.30050969    
       32220   2.55088234       2.33069324       2.29999113    
       32280   2.53666663       2.32794833       2.54558945    
       32340   2.51981807       2.32794833       2.54412985    
       32400   2.51558828       2.32515764       2.54310656    
       32460   2.50702929       2.32515764       2.54232907    
       32520   2.49597049       2.32267427       2.54195237    
       32580   2.47460604       2.32267427       2.54143524    
       32640   2.47408819       2.32040811       2.54115438    
       32700   2.45351505       2.32040811       2.54087281    
       32760   2.46621203       2.31861496       2.54041147    
       32820   2.45978785       2.31861496       2.53961873    
       32880   2.45978785       2.31680727       2.53865528    
       32940   2.48149991       2.31680727       2.53777647    
       33000   2.51399994       2.31526542       2.53662777    
       33060   2.53471422       2.31526542       2.53574610    
       33120   2.53471422       2.31378675       2.53524923    
       33180   2.56822848       2.31378675       2.53489113    
       33240   2.57983327       2.31233597       2.53436828    
       33300   2.57319999       2.31233597       2.53373075    
       33360   2.57319999       2.31110549       2.53316689    
       33420   2.55141187       2.31110549       2.53231144    
       33480   2.54970598       2.30937767       2.53138304    
       33540   2.54609084       2.30937767       2.53038120    
       33600   2.54609084       2.30753779       2.52923131    
       33660   2.55771875       2.30753779       2.52799511    
       33720   2.55069709       2.30580258       2.52704477    
       33780   2.54728127       2.30580258       2.52658010    
       33840   2.54728127       2.30423737       2.52611709    
       33900   2.54012489       2.30423737       2.52563810    
       33960   2.53140616       2.30303597       2.52509022    
       34020   2.53140616       2.30303597       2.52463722    
       34080   2.53140616       2.30200624       2.52395463    
       34140   2.50221205       2.30200624       2.52295876    
       34200   2.50500011       2.30058384       2.52176094    
       34260   2.50500011       2.30058384       2.52025795    
       34320   2.49659371       2.29881859       2.51877069    
       34380   2.49659371       2.29881859       2.51736856    
       34440   2.46693945       2.29660130       2.51616740    
       34500   2.47674990       2.29660130       2.51490688    
       34560   2.48696780       2.29418302       2.51370692    
       34620   2.46161294       2.29418302       2.51270485    
       34680   2.46161294       2.29190516       2.51174593    
       34740   2.47040009       2.29190516       2.51074243    
       34800   2.43222570       2.28959560       2.50963378    
       34860   2.43549991       2.28959560       2.50855494    
       34920   2.41438699       2.28730655       2.50752497    
       34980   2.41213322       2.28730655       2.50661111    
       35040   2.40510011       2.28532147       2.50575042    
       35100   2.39961290       2.28532147       2.50488424    
       35160   2.35893750       2.28381252       2.50401902    
       35220   2.35203218       2.28381252       2.50315738    
       35280   2.35203218       2.28257275       2.50236177    
       35340   2.30383873       2.28257275       2.50156641    
       35400   2.28733325       2.28117180       2.50069880    
       35460   2.25663328       2.28117180       2.49969697    
       35520   2.25663328       2.27958322       2.49863958    
       35580   2.25968957       2.27958322       2.49753237    
       35640   2.26153564       2.27785301       2.49632382    
       35700   2.26153564       2.27785301       2.49511075    
       35760   2.26153564       2.27606201       2.49386621    
       35820   2.25514817       2.27606201       2.49263668    
       35880   2.25514817       2.27424407       2.26373124    
       35940   2.24953580       2.27424407       2.26375413    
       36000   2.23557138       2.27233696       2.26320839    
       36060   2.23932147       2.27233696       2.26270533    
       36120   2.23639297       2.27038383       2.26232195    
       36180   2.22725916       2.27038383       2.26159668    
       36240   2.22725916       2.26854682       2.26043677    
       36300   2.21842313       2.26854682       2.25904012    
       36360   2.20525932       2.26677990       2.25874376    
       36420   2.18566656       2.26677990       2.25939536    
       36480   2.15807414       2.26496983       2.25953817    
       36540   2.15807414       2.26496983       2.25827408    
       36600   2.10462952       2.26261568       2.25637507    
       36660   2.07951856       2.26261568       2.25552368    
       36720   2.03492308       2.25977468       2.25528145    
       36780   2.05877781       2.25977468       2.25495887    
       36840   2.03818512       2.25680995       2.25343633    
       36900   2.02459264       2.25680995       2.25136662    
       36960   2.02459264       2.25377584       2.24972892    
       37020   2.04692864       2.25377584       2.24885488    
       37080   2.06768966       2.25049257       2.24836826    
       37140   2.05482769       2.25049257       2.24730062    
       37200   2.05482769       2.24737620       2.24614882    
       37260   2.05482769       2.24737620       2.24504280    
       37320   2.06730008       2.24380302       2.24410462    
       37380   2.05837941       2.24380302       2.24253440    
       37440   2.05946660       2.23994255       2.24057245    
       37500   2.07545161       2.23994255       2.23906279    
       37560   2.07023335       2.23619008       2.23806787    
       37620   2.07179308       2.23619008       2.23729849    
       37680   2.07179308       2.23264647       2.23594308    
       37740   2.07813334       2.23264647       2.23441529    
       37800   2.09572411       2.22903585       2.23309684    
       37860   2.09572411       2.22903585       2.23248410    
       37920   2.09896660       2.22550797       2.23219228    
       37980   2.11262059       2.22550797       2.23133850    
       38040   2.11262059       2.22203660       2.22979856    
       38100   2.13565516       2.22203660       2.22801757    
       38160   2.13863325       2.21878433       2.22668099    
       38220   2.14454842       2.21878433       2.22549748    
       38280   2.17193341       2.21533155       2.22410154    
       38340   2.17577410       2.21533155       2.22239685    
       38400   2.13146877       2.21144533       2.22079396    
       38460   2.15870976       2.21144533       2.21945071    
       38520   2.15870976       2.20736670       2.21798491    
       38580   2.17854834       2.20736670       2.21628261    
       38640   2.13409376       2.20354867       2.21430659    
       38700   2.12912893       2.20354867       2.21241498    
       38760   2.12560010       2.19961715       2.21058011    
       38820   2.11243343       2.19961715       2.20852828    
       38880   2.11243343       2.19511628       2.20617723    
       38940   2.06664515       2.19511628       2.20374751    
       39000   2.09766674       2.19045854       2.20176792    
       39060   2.09766674       2.19045854       2.20012212    
       39120   2.10565519       2.18594790       2.19836617    
       39180   2.10565519       2.18594790       2.19607377    
       39240   2.12713337       2.18135118       2.19359803    
       39300   2.08177423       2.18135118       2.19135451    
       39360   2.08177423       2.17671204       2.18925977    
       39420   2.08177423       2.17671204       2.18713260    
       39480   2.09806252       2.17198277       1.94365859    
       39540   2.09806252       2.17198277       1.94272995    
       39600   2.09806442       2.16706610       1.94191992    
       39660   2.05312896       2.16706610       1.94095027    
       39720   2.03886676       2.16200447       1.93959105    
       39780   1.97723329       2.16200447       1.93819296    
       39840   1.97723329       2.15700102       1.93695068    
       39900   1.97723329       2.15700102       1.93587601    
       39960   1.98235488       2.15176415       1.93483055    
       40020   1.98633337       2.15176415       1.93364441    
       40080   1.97758615       2.14668417       1.93239486    
       40140   1.92258620       2.14668417       1.93103135    
       40200   1.92258620       2.14150643       1.92977011    
       40260   1.88327587       2.14150643       1.92854738    
       40320   1.86757147       2.13641858       1.92728472    
       40380   1.86757147       2.13641858       1.92605257    
       40440   1.83751857       2.13132429       1.92480850    
       40500   1.80661535       2.13132429       1.92353666    
       40560   1.73061538       2.12633920       1.92216718    
       40620   1.73061538       2.12633920       1.92077982    
       40680   1.69384003       2.12138414       1.91964555    
       40740   1.65404165       2.12138414       1.91872489    
       40800   1.61526084       2.11664605       1.91787195    
       40860   1.57191670       2.11664605       1.91687810    
       40920   1.57191670       2.11196065       1.91574168    
       40980   1.50583339       2.11196065       1.91448140    
       41040   1.50583339       2.10742021       1.91319537    
       41100   1.48039126       2.10742021       1.91177404    
       41160   1.40156519       2.10290074       1.91001129    
       41220   1.40156519       2.10290074       1.90808141    
       41280   1.37645829       2.09819555       1.90605330    
       41340   1.37645829       2.09819555       1.90412784    
       41400   1.33795655       2.09314990       1.90223825    
       41460   1.33795655       2.09314990       1.90041351    
       41520   1.33795655       2.08793902       1.89859760    
       41580   1.29909086       2.08793902       1.89675760    
       41640   1.29909086       2.08275628       1.89487493    
       41700   1.29909086       2.08275628       1.89290142    
       41760   1.22654545       2.07766843       1.89089108    
       41820   1.17900002       2.07766843       1.88889146    
       41880   1.12185001       2.07251358       1.88701451    
       41940   1.12185001       2.07251358       1.88515782    
       42000   1.06031585       2.06735659       1.88328838    
       42060   1.07711112       2.06735659       1.88132477    
       42120   1.07711112       2.06253028       1.87934697    
       42180   1.07711112       2.06253028       1.87750196    
       42240  0.999529421       2.05789590       1.87576878    
       42300   1.01475000       2.05789590       1.87410724    
       42360   1.01475000       2.05316091       1.87242317    
       42420   1.01423526       2.05316091       1.87071157    
       42480   1.03368747       2.04863167       1.86901760    
       42540   1.03368747       2.04863167       1.86735141    
       42600   1.05112505       2.04450560       1.86568618    
       42660   1.05112505       2.04450560       1.86404133    
       42720   1.05112505       2.04047942       1.86243165    
       42780   1.09170592       2.04047942       1.86088061    
       42840   1.09170592       2.03649259       1.85940540    
       42900  0.988062501       2.03649259       1.85795128    
       42960   1.00586665       2.03274393       1.85648715    
       43020   1.00586665       2.03274393       1.85504293    
       43080   1.00586665       2.02932549       1.80259585    
       43140  0.943733335       2.02932549       1.80215526    
       43200  0.943733335       2.02594852       1.80086541    
       43260  0.941562474       2.02594852       1.79930604    
       43320  0.963933349       2.02264428       1.79702866    
       43380  0.963933349       2.02264428       1.79524875    
       43440  0.977800012       2.01952744       1.79421866    
       43500  0.977800012       2.01952744       1.79278255    
       43560  0.977800012       2.01633072       1.79099441    
       43620  0.895071447       2.01633072       1.78828120    
       43680  0.895071447       2.01305652       1.78662968    
       43740  0.895071447       2.01305652       1.78508592    
       43800  0.918846130       2.00927448       1.78354609    
       43860  0.918846130       2.00927448       1.78157008    
       43920  0.944166660       2.00577593       1.78012180    
       43980  0.944166660       2.00577593       1.77932978    
       44040  0.944166660       2.00259995       1.77854991    
       44100  0.944166660       2.00259995       1.77742660    
       44160  0.944166660       1.99950051       1.77591062    
       44220  0.971545458       1.99950051       1.77484787    
       44280  0.971545458       1.99627185       1.77424765    
       44340  0.971545458       1.99627185       1.77383304    
       44400  0.971545458       1.99313331       1.77292371    
       44460  0.971545458       1.99313331       1.77136838    
       44520   1.01119995       1.99004519       1.76986027    
       44580   1.01119995       1.99004519       1.76885831    
       44640   1.02988887       1.98683691       1.76809692    
       44700   1.02988887       1.98683691       1.76716173    
       44760   1.02988887       1.98377228       1.76592934    
       44820   1.06587505       1.98377228       1.76523960    
       44880   1.06587505       1.98115408       1.76479661    
       44940   1.10399997       1.98115408       1.76459718    
       45000   1.10399997       1.97880697       1.76408970    
       45060   1.10399997       1.97880697       1.76354146    
       45120   1.10399997       1.97680664       1.76322770    
       45180   1.10399997       1.97680664       1.76310217    
       45240   1.10399997       1.97514188       1.76305068    
       45300   9999.00000       1.97514188       1.76248145    
       45360   9999.00000       1.97359669       1.76203477    
       45420   9999.00000       1.97359669       1.76175046    
       45480   9999.00000       1.97216630       1.76200449    
       45540   9999.00000       1.97216630       1.76204181    
       45600   9999.00000       1.97097337       1.76180136    
       45660   9999.00000       1.97097337       1.76147211    
       45720   9999.00000       1.96991479       1.76139069    
       45780   9999.00000       1.96991479       1.76165235    
       45840   9999.00000       1.96880901       1.76173651    
       45900   9999.00000       1.96880901       1.76173460    
       45960   9999.00000       1.96779227       1.76151752    
       46020   9999.00000       1.96779227       1.76152408    
       46080   9999.00000       1.96700525       1.76158762    
       46140   9999.00000       1.96700525       1.76163602    
       46200   9999.00000       1.96619081       1.76151872    
       46260   9999.00000       1.96619081       1.76135123    
       46320   9999.00000       1.96545744       1.76137829    
       46380   9999.00000       1.96545744       1.76142251    
       46440   9999.00000       1.96459854       1.76137125    
       46500   9999.00000       1.96459854       1.76119101    
       46560   9999.00000       1.96371675       1.76113153    
       46620   9999.00000       1.96371675       1.76131666    
       46680   9999.00000       1.96291077       1.04732537    
       46740   9999.00000       1.96291077       1.04985487    
       46800   9999.00000       1.96214426       1.05132616    
       46860   9999.00000       1.96214426       1.05308390    
       46920   9999.00000       1.96162021       1.05482793    
       46980   9999.00000       1.96162021       1.05708706    
       47040   9999.00000       1.96091938       1.05909467    
       47100   9999.00000       1.96091938       1.06066847    
       47160   9999.00000       1.96042144       1.06222558    
       47220   9999.00000       1.96042144       1.06393433    
       47280   9999.00000       1.96010196       1.06602788    
       47340   9999.00000       1.96010196       1.06754661    
       47400   9999.00000       1.96002674       1.06902134    
       47460   9999.00000       1.96002674       1.07060158    
       47520   9999.00000       1.96044660       1.07237208    
       47580   9999.00000       1.96044660       1.07358897    
       47640   9999.00000       1.96049070       1.07451475    
       47700   9999.00000       1.96049070       1.07539141    
       47760   9999.00000       1.96016634       1.07664514    
       47820   9999.00000       1.96016634       1.07827473    
       47880   9999.00000       1.96032929       1.07979596    
       47940   9999.00000       1.96032929       1.08097625    
       48000   9999.00000       1.96093059       1.08197105    
       48060   9999.00000       1.96093059       1.08320308    
       48120   9999.00000       1.96177065       1.08485758    
       48180   9999.00000       1.96177065       1.08656299    
       48240   9999.00000       1.96307695       1.08796597    
       48300   9999.00000       1.96307695       1.08922541    
       48360   9999.00000       1.96454787       1.09054482    
       48420   9999.00000       1.96454787       1.09206152    
       48480   9999.00000       1.96596634       1.09336269    
       48540   9999.00000       1.96596634       1.09467578    
       48600   9999.00000       1.96736395       1.09595752    
       48660   9999.00000       1.96736395       1.09744990    
       48720   9999.00000       1.96886337       1.09895730    
       48780   9999.00000       1.96886337       1.10034823    
       48840   9999.00000       1.97040594       1.10160542    
       48900   9999.00000       1.97040594       1.10284412    
       48960   9999.00000       1.97198224       1.10433018    
       49020   9999.00000       1.97198224       1.10573888    
       49080   9999.00000       1.97356582       1.10704696    
       49140   9999.00000       1.97356582       1.10809839    
       49200   9999.00000       1.97508276       1.10925877    
       49260   9999.00000       1.97508276       1.11060619    
       49320   9999.00000       1.97662401       1.11209416    
       49380   9999.00000       1.97662401       1.11349165    
       49440   9999.00000       1.97820282       1.11474037    
       49500   9999.00000       1.97820282       1.11599088    
       49560   9999.00000       1.97993624       1.11724627    
       49620   9999.00000       1.97993624       1.11858189    
       49680   9999.00000       1.98168910       1.11990750    
       49740   9999.00000       1.98168910       1.12124693    
       49800   9999.00000       1.98335874       1.12262893    
       49860   9999.00000       1.98335874       1.12416089    
       49920   9999.00000       1.98527241       1.12569451    
       49980   9999.00000       1.98527241       1.12715185    
       50040   9999.00000       1.98732603       1.12866151    
       50100   9999.00000       1.98732603       1.13033462    
       50160   9999.00000       1.98947990       1.13211465    
       50220   9999.00000       1.98947990       1.13387406    
