 20180929
 Seconds  Measures(PWV-mm)  Meso-NH(PWV-mm)  FORECAST_AR(PWV-mm)
        7080   2.89990902       2.17058110       3.03500009    
        7140   2.89990902       2.17058110       3.03500009    
        7200   2.89417386       2.17288375       3.03500009    
        7260   2.88286352       2.17288375       3.03500009    
        7320   2.87131810       2.17487097       3.03500009    
        7380   2.86700010       2.17487097       3.03500009    
        7440   2.86031818       2.17701197       3.03500009    
        7500   2.85695648       2.17701197       3.03500009    
        7560   2.85163641       2.17888308       3.03500009    
        7620   2.85163641       2.17888308       3.03500009    
        7680   2.84782600       2.17871237       3.03500009    
        7740   2.84186363       2.17871237       3.03500009    
        7800   2.83290911       2.17633653       3.03500009    
        7860   2.83290911       2.17633653       3.03500009    
        7920   2.83290911       2.17298818       3.03500009    
        7980   2.82921743       2.17298818       3.03500009    
        8040   2.82440901       2.17019916       3.03500009    
        8100   2.81913042       2.17019916       3.03500009    
        8160   2.81427264       2.16972733       3.03500009    
        8220   2.81427264       2.16972733       3.03500009    
        8280   2.80999994       2.16946483       3.03500009    
        8340   2.80531812       2.16946483       3.03500009    
        8400   2.80100012       2.16689658       3.03500009    
        8460   2.79395652       2.16689658       3.03500009    
        8520   2.79395652       2.16387153       3.03500009    
        8580   2.78552175       2.16387153       3.03500009    
        8640   2.78163648       2.16113997       3.03500009    
        8700   2.78163648       2.16113997       3.03500009    
        8760   2.78163648       2.15838575       3.03500009    
        8820   2.77882600       2.15838575       3.03500009    
        8880   2.77495456       2.15588593       3.03500009    
        8940   2.77495456       2.15588593       3.03500009    
        9000   2.76960874       2.15405321       3.03500009    
        9060   2.76529169       2.15405321       3.03500009    
        9120   2.76529169       2.15270495       3.03500009    
        9180   2.75754166       2.15270495       3.03500009    
        9240   2.75754166       2.15207386       3.03500009    
        9300   2.75469565       2.15207386       3.03500009    
        9360   2.74643469       2.15159225       3.03500009    
        9420   2.74643469       2.15159225       3.03500009    
        9480   2.74166656       2.15050101       3.03500009    
        9540   2.74166656       2.15050101       3.03500009    
        9600   2.73767996       2.14885068       3.03500009    
        9660   2.73767996       2.14885068       3.03500009    
        9720   2.73767996       2.14681911       3.03500009    
        9780   2.73399997       2.14681911       3.03500009    
        9840   2.73399997       2.14420867       3.03500009    
        9900   2.72962952       2.14420867       3.03500009    
        9960   2.72580767       2.14083552       3.03500009    
       10020   2.72580767       2.14083552       3.03500009    
       10080   2.72233343       2.13720083       3.03500009    
       10140   2.71942306       2.13720083       3.03500009    
       10200   2.71559262       2.13432169       3.03500009    
       10260   2.70840740       2.13432169       3.03500009    
       10320   2.70330763       2.13205934       3.03500009    
       10380   2.69988894       2.13205934       3.03500009    
       10440   2.69988894       2.13023782       3.03500009    
       10500   2.69484615       2.13023782       3.03500009    
       10560   2.69484615       2.12858701       3.03500009    
       10620   2.69177771       2.12858701       3.03500009    
       10680   2.68715382       2.12715960       2.84599996    
       10740   2.68715382       2.12715960       2.84599996    
       10800   2.68422222       2.12620378       2.84599996    
       10860   2.67803693       2.12620378       2.84599996    
       10920   2.67803693       2.12552166       2.84599996    
       10980   2.66903710       2.12552166       2.84599996    
       11040   2.66507697       2.12510347       2.84599996    
       11100   2.66507697       2.12510347       2.84599996    
       11160   2.65726924       2.12423754       2.84599996    
       11220   2.65726924       2.12423754       2.84599996    
       11280   2.65448141       2.12264919       2.84599996    
       11340   2.64811110       2.12264919       2.84599996    
       11400   2.64811110       2.12121892       2.84599996    
       11460   2.64526916       2.12121892       2.84599996    
       11520   2.64526916       2.12060380       2.84599996    
       11580   2.64299989       2.12060380       2.84599996    
       11640   2.63896155       2.12063193       2.84599996    
       11700   2.63618517       2.12063193       2.84599996    
       11760   2.63361549       2.12044692       2.84599996    
       11820   2.63361549       2.12044692       2.84599996    
       11880   2.63088894       2.11953211       2.84599996    
       11940   2.62507415       2.11953211       2.84599996    
       12000   2.62507415       2.11843419       2.84599996    
       12060   2.62196159       2.11843419       2.84599996    
       12120   2.61661530       2.11731267       2.84599996    
       12180   2.61444449       2.11731267       2.84599996    
       12240   2.61157703       2.11619091       2.84599996    
       12300   2.61157703       2.11619091       2.84599996    
       12360   2.61157703       2.11502004       2.84599996    
       12420   2.61074066       2.11502004       2.84599996    
       12480   2.60665393       2.11403131       2.84599996    
       12540   2.60665393       2.11403131       2.84599996    
       12600   2.60566664       2.11307240       2.84599996    
       12660   2.60388470       2.11307240       2.84599996    
       12720   2.60046148       2.11139917       2.84599996    
       12780   2.59977770       2.11139917       2.84599996    
       12840   2.59792304       2.10930538       2.84599996    
       12900   2.59792304       2.10930538       2.84599996    
       12960   2.59748149       2.10754657       2.84599996    
       13020   2.59538460       2.10754657       2.84599996    
       13080   2.59488893       2.10664034       2.84599996    
       13140   2.59346151       2.10664034       2.84599996    
       13200   2.59311104       2.10621142       2.84599996    
       13260   2.59159255       2.10621142       2.84599996    
       13320   2.59159255       2.10520673       2.84599996    
       13380   2.59110713       2.10520673       2.84599996    
       13440   2.58922219       2.10347128       2.84599996    
       13500   2.58957148       2.10347128       2.84599996    
       13560   2.58859253       2.10181665       2.84599996    
       13620   2.58885717       2.10181665       2.84599996    
       13680   2.58885717       2.10032177       2.84599996    
       13740   2.58725929       2.10032177       2.84599996    
       13800   2.58746433       2.09881115       2.84599996    
       13860   2.58640742       2.09881115       2.84599996    
       13920   2.58514810       2.09679008       2.84599996    
       13980   2.58514810       2.09679008       2.84599996    
       14040   2.58433342       2.09424329       2.84599996    
       14100   2.58433342       2.09424329       2.84599996    
       14160   2.58433342       2.09070611       2.84599996    
       14220   2.58435726       2.09070611       2.84599996    
       14280   2.58333325       2.08646107       2.65199995    
       14340   2.58333325       2.08646107       2.65199995    
       14400   2.58339286       2.08193111       2.65199995    
       14460   2.58248138       2.08193111       2.65199995    
       14520   2.58237028       2.07745337       2.65199995    
       14580   2.58282137       2.07745337       2.65199995    
       14640   2.58233333       2.07331204       2.65199995    
       14700   2.58233333       2.07331204       2.65199995    
       14760   2.58189297       2.06878185       2.65199995    
       14820   2.58196306       2.06878185       2.65199995    
       14880   2.58107138       2.06384468       2.65199995    
       14940   2.58039284       2.06384468       2.65199995    
       15000   2.57996297       2.05878973       2.65199995    
       15060   2.57996297       2.05878973       2.65199995    
       15120   2.57996297       2.05381393       2.65199995    
       15180   2.57996440       2.05381393       2.65199995    
       15240   2.57981491       2.04910588       2.65199995    
       15300   2.57996440       2.04910588       2.65199995    
       15360   2.58055544       2.04463720       2.65199995    
       15420   2.58055544       2.04463720       2.65199995    
       15480   2.58017850       2.04090595       2.65199995    
       15540   2.58092594       2.04090595       2.65199995    
       15600   2.58107400       2.03732300       2.65199995    
       15660   2.58010721       2.03732300       2.65199995    
       15720   2.58010721       2.03328943       2.65199995    
       15780   2.58035707       2.03328943       2.65199995    
       15840   2.58118510       2.02893591       2.65199995    
       15900   2.58118510       2.02893591       2.65199995    
       15960   2.58221436       2.02442288       2.65199995    
       16020   2.58272409       2.02442288       2.65199995    
       16080   2.58249998       2.01964450       2.65199995    
       16140   2.58249998       2.01964450       2.65199995    
       16200   2.58196545       2.01522255       2.65199995    
       16260   2.58110356       2.01522255       2.65199995    
       16320   2.58110356       2.01126862       2.65199995    
       16380   2.58048272       2.01126862       2.65199995    
       16440   2.58042860       2.00745058       2.65199995    
       16500   2.57955170       2.00745058       2.65199995    
       16560   2.57955170       2.00353861       2.65199995    
       16620   2.57932138       2.00353861       2.65199995    
       16680   2.57806897       1.99915230       2.65199995    
       16740   2.57679319       1.99915230       2.65199995    
       16800   2.57679319       1.99461460       2.65199995    
       16860   2.57653570       1.99461460       2.65199995    
       16920   2.57562971       1.99090016       2.65199995    
       16980   2.57578564       1.99090016       2.65199995    
       17040   2.57570362       1.98832774       2.65199995    
       17100   2.57474995       1.98832774       2.65199995    
       17160   2.57385182       1.98662293       2.65199995    
       17220   2.57385182       1.98662293       2.65199995    
       17280   2.57159257       1.98475814       2.65199995    
       17340   2.57159257       1.98475814       2.65199995    
       17400   2.57057142       1.98279190       2.65199995    
       17460   2.56917858       1.98279190       2.65199995    
       17520   2.56917858       1.98040736       2.65199995    
       17580   2.56771421       1.98040736       2.65199995    
       17640   2.56771421       1.97801888       2.65199995    
       17700   2.56692600       1.97801888       2.65199995    
       17760   2.56692600       1.97619605       2.65199995    
       17820   2.56692863       1.97619605       2.65199995    
       17880   2.56625915       1.97537529       2.57999992    
       17940   2.56625915       1.97537529       2.57999992    
       18000   2.56539297       1.97513449       2.57999992    
       18060   2.56466675       1.97513449       2.57999992    
       18120   2.56392860       1.97489345       2.57999992    
       18180   2.56167865       1.97489345       2.57999992    
       18240   2.56044436       1.97436130       2.57999992    
       18300   2.56044436       1.97436130       2.57999992    
       18360   2.55935717       1.97398078       2.57999992    
       18420   2.55896306       1.97398078       2.57999992    
       18480   2.55785704       1.97409034       2.57999992    
       18540   2.55788898       1.97409034       2.57999992    
       18600   2.55644441       1.97459102       2.57999992    
       18660   2.55644441       1.97459102       2.57999992    
       18720   2.55644441       1.97549307       2.57999992    
       18780   2.55589294       1.97549307       2.57999992    
       18840   2.55500007       1.97651970       2.57999992    
       18900   2.55414295       1.97651970       2.57999992    
       18960   2.55303693       1.97781777       2.57999992    
       19020   2.55303693       1.97781777       2.57999992    
       19080   2.55228567       1.97953868       2.57999992    
       19140   2.55162954       1.97953868       2.57999992    
       19200   2.55107141       1.98138857       2.57999992    
       19260   2.55049992       1.98138857       2.57999992    
       19320   2.55037045       1.98375070       2.57999992    
       19380   2.55037045       1.98375070       2.57999992    
       19440   2.54985189       1.98705578       2.57999992    
       19500   2.54985189       1.98705578       2.57999992    
       19560   2.54985189       1.99091601       2.57999992    
       19620   2.54837036       1.99091601       2.57999992    
       19680   2.54649997       1.99502933       2.57999992    
       19740   2.54649997       1.99502933       2.57999992    
       19800   2.54644442       1.99973810       2.57999992    
       19860   2.54585195       1.99973810       2.57999992    
       19920   2.54550004       2.00478148       2.57999992    
       19980   2.54550004       2.00478148       2.57999992    
       20040   2.54534626       2.01031113       2.57999992    
       20100   2.54555559       2.01031113       2.57999992    
       20160   2.54519224       2.01674318       2.57999992    
       20220   2.54519224       2.01674318       2.57999992    
       20280   2.54496288       2.02355576       2.57999992    
       20340   2.54503846       2.02355576       2.57999992    
       20400   2.54450011       2.03031278       2.57999992    
       20460   2.54450011       2.03031278       2.57999992    
       20520   2.54450011       2.03639174       2.57999992    
       20580   2.54377770       2.03639174       2.57999992    
       20640   2.54238462       2.04140925       2.57999992    
       20700   2.54177785       2.04140925       2.57999992    
       20760   2.54150009       2.04571366       2.57999992    
       20820   2.54150009       2.04571366       2.57999992    
       20880   2.54114819       2.04964709       2.57999992    
       20940   2.54138470       2.04964709       2.57999992    
       21000   2.54103708       2.05374265       2.57999992    
       21060   2.54048157       2.05374265       2.57999992    
       21120   2.53996158       2.05768204       2.57999992    
       21180   2.53996158       2.05768204       2.57999992    
       21240   2.53969240       2.06167078       2.57999992    
       21300   2.53969240       2.06167078       2.57999992    
       21360   2.53969240       2.06574106       2.57999992    
       21420   2.54007411       2.06574106       2.57999992    
       21480   2.53903842       2.06937647       2.56699991    
       21540   2.53903842       2.06937647       2.56699991    
       21600   2.53896308       2.07261729       2.56699991    
       21660   2.53881478       2.07261729       2.56699991    
       21720   2.53881478       2.07569194       2.56699991    
       21780   2.53870368       2.07569194       2.56699991    
       21840   2.53884625       2.07888389       2.56699991    
       21900   2.53825927       2.07888389       2.56699991    
       21960   2.53825927       2.08205366       2.56699991    
       22020   2.53857684       2.08205366       2.56699991    
       22080   2.53740740       2.08457947       2.56699991    
       22140   2.53776932       2.08457947       2.56699991    
       22200   2.53644443       2.08672976       2.56699991    
       22260   2.53722215       2.08672976       2.56699991    
       22320   2.53722215       2.08911443       2.56699991    
       22380   2.53578568       2.08911443       2.56699991    
       22440   2.53559256       2.09196472       2.56699991    
       22500   2.53375006       2.09196472       2.56699991    
       22560   2.53385186       2.09514332       2.56699991    
       22620   2.53385186       2.09514332       2.56699991    
       22680   2.53142858       2.09774232       2.56699991    
       22740   2.53140736       2.09774232       2.56699991    
       22800   2.52935719       2.09976864       2.56699991    
       22860   2.52757144       2.09976864       2.56699991    
       22920   2.52685189       2.10141921       2.56699991    
       22980   2.52685189       2.10141921       2.56699991    
       23040   2.52560711       2.10260940       2.56699991    
       23100   2.52474070       2.10260940       2.56699991    
       23160   2.52474070       2.10321212       2.56699991    
       23220   2.52439284       2.10321212       2.56699991    
       23280   2.52270365       2.10320973       2.56699991    
       23340   2.52270365       2.10320973       2.56699991    
       23400   2.51975012       2.10287905       2.56699991    
       23460   2.51881480       2.10287905       2.56699991    
       23520   2.51540732       2.10218835       2.56699991    
       23580   2.51540732       2.10218835       2.56699991    
       23640   2.51357150       2.10123277       2.56699991    
       23700   2.51042867       2.10123277       2.56699991    
       23760   2.50892591       2.10011935       2.56699991    
       23820   2.50892591       2.10011935       2.56699991    
       23880   2.50742865       2.09887409       2.56699991    
       23940   2.50625920       2.09887409       2.56699991    
       24000   2.50503564       2.09756017       2.56699991    
       24060   2.50407410       2.09756017       2.56699991    
       24120   2.50407410       2.09635568       2.56699991    
       24180   2.50389290       2.09635568       2.56699991    
       24240   2.50311112       2.09527254       2.56699991    
       24300   2.50167847       2.09527254       2.56699991    
       24360   2.50077772       2.09439754       2.56699991    
       24420   2.50077772       2.09439754       2.56699991    
       24480   2.49964285       2.09369731       2.56699991    
       24540   2.49844456       2.09369731       2.56699991    
       24600   2.49810719       2.09295321       2.56699991    
       24660   2.49692845       2.09295321       2.56699991    
       24720   2.49577785       2.09202862       2.56699991    
       24780   2.49589276       2.09202862       2.56699991    
       24840   2.49589276       2.09120297       2.56699991    
       24900   2.49422216       2.09120297       2.56699991    
       24960   2.49422216       2.09076118       2.56699991    
       25020   2.49510717       2.09076118       2.56699991    
       25080   2.49307418       2.09045959       2.54500008    
       25140   2.49307418       2.09045959       2.54500008    
       25200   2.49360704       2.09040022       2.54500008    
       25260   2.49200010       2.09040022       2.54500008    
       25320   2.49125934       2.09020448       2.54500008    
       25380   2.49210715       2.09020448       2.54500008    
       25440   2.49029636       2.08987761       2.54500008    
       25500   2.49029636       2.08987761       2.54500008    
       25560   2.49003696       2.08948851       2.54500008    
       25620   2.49003696       2.08948851       2.54500008    
       25680   2.49053574       2.08877802       2.54500008    
       25740   2.49021435       2.08877802       2.54500008    
       25800   2.49021435       2.08794498       2.54500008    
       25860   2.48977780       2.08794498       2.54500008    
       25920   2.48944449       2.08709931       2.54500008    
       25980   2.49092865       2.08709931       2.54500008    
       26040   2.49070382       2.08629966       2.54500008    
       26100   2.49153566       2.08629966       2.54500008    
       26160   2.49181485       2.08530378       2.54500008    
       26220   2.49224997       2.08530378       2.54500008    
       26280   2.49224997       2.08400035       2.54500008    
       26340   2.49322224       2.08400035       2.54500008    
       26400   2.49267864       2.08285832       2.54500008    
       26460   2.49337029       2.08285832       2.54500008    
       26520   2.49207401       2.08160520       2.54500008    
       26580   2.49207401       2.08160520       2.54500008    
       26640   2.49060726       2.08018708       2.54500008    
       26700   2.49055552       2.08018708       2.54500008    
       26760   2.49055552       2.07886434       2.54500008    
       26820   2.48892856       2.07886434       2.54500008    
       26880   2.48796296       2.07741094       2.54500008    
       26940   2.48796296       2.07741094       2.54500008    
       27000   2.48796296       2.07588220       2.54500008    
       27060   2.48980761       2.07588220       2.54500008    
       27120   2.48751855       2.07420921       2.54500008    
       27180   2.48861527       2.07420921       2.54500008    
       27240   2.48703694       2.07229853       2.54500008    
       27300   2.48792315       2.07229853       2.54500008    
       27360   2.48875999       2.06993937       2.54500008    
       27420   2.48875999       2.06993937       2.54500008    
       27480   2.48875999       2.06692648       2.54500008    
       27540   2.48966670       2.06692648       2.54500008    
       27600   2.48966670       2.06328106       2.54500008    
       27660   2.49043489       2.06328106       2.54500008    
       27720   2.49043489       2.05937886       2.54500008    
       27780   2.49043489       2.05937886       2.54500008    
       27840   2.49004555       2.05543494       2.54500008    
       27900   2.48656511       2.05543494       2.54500008    
       27960   2.48763633       2.05152798       2.54500008    
       28020   2.48408699       2.05152798       2.54500008    
       28080   2.48408699       2.04765320       2.54500008    
       28140   2.48477268       2.04765320       2.54500008    
       28200   2.48321748       2.04391932       2.54500008    
       28260   2.48295450       2.04391932       2.54500008    
       28320   2.48168182       2.04041028       2.54500008    
       28380   2.48060870       2.04041028       2.54500008    
       28440   2.47977281       2.03674126       2.54500008    
       28500   2.47977281       2.03674126       2.54500008    
       28560   2.48226094       2.03269982       2.54500008    
       28620   2.48250008       2.03269982       2.54500008    
       28680   2.48091292       2.02819252       2.44000006    
       28740   2.48091292       2.02819252       2.44000006    
       28800   2.47829175       2.02345634       2.44000006    
       28860   2.47700000       2.02345634       2.44000006    
       28920   2.47550011       2.01862693       2.44000006    
       28980   2.47266674       2.01862693       2.44000006    
       29040   2.47082615       2.01374793       2.44000006    
       29100   2.47082615       2.01374793       2.44000006    
       29160   2.46954155       2.00872588       2.44000006    
       29220   2.46752167       2.00872588       2.44000006    
       29280   2.46604156       2.00355101       2.44000006    
       29340   2.46404171       2.00355101       2.44000006    
       29400   2.46256518       1.99856675       2.44000006    
       29460   2.46256518       1.99856675       2.44000006    
       29520   2.46256518       1.99369431       2.44000006    
       29580   2.46013045       1.99369431       2.44000006    
       29640   2.45690918       1.98885250       2.44000006    
       29700   2.45582604       1.98885250       2.44000006    
       29760   2.45318174       1.98386800       2.44000006    
       29820   2.45318174       1.98386800       2.44000006    
       29880   2.44931817       1.97872710       2.44000006    
       29940   2.44931817       1.97872710       2.44000006    
       30000   2.44965219       1.97365248       2.44000006    
       30060   2.44852185       1.97365248       2.44000006    
       30120   2.44852185       1.96876407       2.44000006    
       30180   2.44840908       1.96876407       2.44000006    
       30240   2.44799995       1.96414924       2.44000006    
       30300   2.44786358       1.96414924       2.44000006    
       30360   2.44786358       1.95965576       2.44000006    
       30420   2.45334792       1.95965576       2.44000006    
       30480   2.45372725       1.95511508       2.44000006    
       30540   2.45372725       1.95511508       2.44000006    
       30600   2.45517397       1.95061493       2.44000006    
       30660   2.45533323       1.95061493       2.44000006    
       30720   2.45533323       1.94642711       2.44000006    
       30780   2.45700002       1.94642711       2.44000006    
       30840   2.45700002       1.94254386       2.44000006    
       30900   2.45747828       1.94254386       2.44000006    
       30960   2.45691657       1.93899870       2.44000006    
       31020   2.45691657       1.93899870       2.44000006    
       31080   2.45792007       1.93586540       2.44000006    
       31140   2.45742297       1.93586540       2.44000006    
       31200   2.45742297       1.93312681       2.44000006    
       31260   2.45840740       1.93312681       2.44000006    
       31320   2.45840740       1.93041742       2.44000006    
       31380   2.45989275       1.93041742       2.44000006    
       31440   2.45989275       1.92749381       2.44000006    
       31500   2.45989275       1.92749381       2.44000006    
       31560   2.46224999       1.92423010       2.44000006    
       31620   2.46224999       1.92423010       2.44000006    
       31680   2.46582150       1.92073226       2.44000006    
       31740   2.46582150       1.92073226       2.44000006    
       31800   2.46662068       1.91711378       2.44000006    
       31860   2.46755171       1.91711378       2.44000006    
       31920   2.46755171       1.91352415       2.44000006    
       31980   2.46742868       1.91352415       2.44000006    
       32040   2.46799994       1.90988076       2.44000006    
       32100   2.46799994       1.90988076       2.44000006    
       32160   2.46793103       1.90628517       2.44000006    
       32220   2.46472406       1.90628517       2.44000006    
       32280   2.46389294       1.90280104       2.43479991    
       32340   2.46389294       1.90280104       2.43479991    
       32400   2.46199989       1.89965844       2.43479991    
       32460   2.46357131       1.89965844       2.43479991    
       32520   2.46272421       1.89687884       2.43479991    
       32580   2.46282768       1.89687884       2.43479991    
       32640   2.46328568       1.89446616       2.43479991    
       32700   2.46328568       1.89446616       2.43479991    
       32760   2.46313787       1.89250743       2.43479991    
       32820   2.46396422       1.89250743       2.43479991    
       32880   2.46324134       1.89104354       2.43479991    
       32940   2.46368957       1.89104354       2.43479991    
       33000   2.46396422       1.88974679       2.43479991    
       33060   2.46396422       1.88974679       2.43479991    
       33120   2.46396422       1.88832366       2.43479991    
       33180   2.46244836       1.88832366       2.43479991    
       33240   2.46182132       1.88668704       2.43479991    
       33300   2.45913792       1.88668704       2.43479991    
       33360   2.46010709       1.88469517       2.43479991    
       33420   2.46010709       1.88469517       2.43479991    
       33480   2.45662069       1.88239026       2.43479991    
       33540   2.45796418       1.88239026       2.43479991    
       33600   2.45513797       1.88000798       2.43479991    
       33660   2.45248270       1.88000798       2.43479991    
       33720   2.45250010       1.87754214       2.43479991    
       33780   2.45250010       1.87754214       2.43479991    
       33840   2.45031023       1.87503600       2.43479991    
       33900   2.45071435       1.87503600       2.43479991    
       33960   2.45071435       1.87250781       2.43479991    
       34020   2.45093107       1.87250781       2.43479991    
       34080   2.44653583       1.87000942       2.43479991    
       34140   2.44653583       1.87000942       2.43479991    
       34200   2.44410348       1.86761928       2.43479991    
       34260   2.44257140       1.86761928       2.43479991    
       34320   2.43942857       1.86543107       2.43479991    
       34380   2.43627596       1.86543107       2.43479991    
       34440   2.43514276       1.86323524       2.43479991    
       34500   2.43148279       1.86323524       2.43479991    
       34560   2.43148279       1.86094904       2.43479991    
       34620   2.43103576       1.86094904       2.43479991    
       34680   2.42841387       1.85867643       2.43479991    
       34740   2.42455173       1.85867643       2.43479991    
       34800   2.42382145       1.85635066       2.43479991    
       34860   2.42382145       1.85635066       2.43479991    
       34920   2.42159247       1.85390270       2.43479991    
       34980   2.42257142       1.85390270       2.43479991    
       35040   2.41970372       1.85141933       2.43479991    
       35100   2.41970372       1.85141933       2.43479991    
       35160   2.41857147       1.84918416       2.43479991    
       35220   2.41575003       1.84918416       2.43479991    
       35280   2.41575003       1.84725332       2.43479991    
       35340   2.41240740       1.84725332       2.43479991    
       35400   2.41192865       1.84555924       2.43479991    
       35460   2.40907407       1.84555924       2.43479991    
       35520   2.40577769       1.84401524       2.43479991    
       35580   2.40577769       1.84401524       2.43479991    
       35640   2.40457153       1.84243906       2.43479991    
       35700   2.40203714       1.84243906       2.43479991    
       35760   2.40203714       1.84083545       2.43479991    
       35820   2.40174079       1.84083545       2.43479991    
       35880   2.40011549       1.83944011       2.48699999    
       35940   2.40011549       1.83944011       2.48699999    
       36000   2.40088892       1.83816016       2.48699999    
       36060   2.40057683       1.83816016       2.48699999    
       36120   2.40081477       1.83686721       2.48699999    
       36180   2.39977789       1.83686721       2.48699999    
       36240   2.39807701       1.83545625       2.48699999    
       36300   2.39870381       1.83545625       2.48699999    
       36360   2.39870381       1.83387339       2.48699999    
       36420   2.39638472       1.83387339       2.48699999    
       36480   2.39670372       1.83214331       2.48699999    
       36540   2.39492297       1.83214331       2.48699999    
       36600   2.39238453       1.83026922       2.48699999    
       36660   2.39238453       1.83026922       2.48699999    
       36720   2.39238453       1.82837796       2.48699999    
       36780   2.39274073       1.82837796       2.48699999    
       36840   2.39169240       1.82647920       2.48699999    
       36900   2.39155555       1.82647920       2.48699999    
       36960   2.39184618       1.82467115       2.48699999    
       37020   2.39184618       1.82467115       2.48699999    
       37080   2.39155555       1.82327986       2.48699999    
       37140   2.39280772       1.82327986       2.48699999    
       37200   2.39159250       1.82213819       2.48699999    
       37260   2.39122224       1.82213819       2.48699999    
       37320   2.39165378       1.82090509       2.48699999    
       37380   2.39165378       1.82090509       2.48699999    
       37440   2.39085174       1.81980336       2.48699999    
       37500   2.39092302       1.81980336       2.48699999    
       37560   2.39092302       1.81902552       2.48699999    
       37620   2.38940740       1.81902552       2.48699999    
       37680   2.38680768       1.81858385       2.48699999    
       37740   2.38680768       1.81858385       2.48699999    
       37800   2.38374066       1.81814492       2.48699999    
       37860   2.38211107       1.81814492       2.48699999    
       37920   2.38211107       1.81753528       2.48699999    
       37980   2.38055563       1.81753528       2.48699999    
       38040   2.38180780       1.81684101       2.48699999    
       38100   2.37996292       1.81684101       2.48699999    
       38160   2.38192296       1.81603050       2.48699999    
       38220   2.38192296       1.81603050       2.48699999    
       38280   2.37940741       1.81512582       2.48699999    
       38340   2.38034606       1.81512582       2.48699999    
       38400   2.37888455       1.81431496       2.48699999    
       38460   2.37888455       1.81431496       2.48699999    
       38520   2.37888455       1.81364822       2.48699999    
       38580   2.37855554       1.81364822       2.48699999    
       38640   2.37584615       1.81312203       2.48699999    
       38700   2.37362957       1.81312203       2.48699999    
       38760   2.37362957       1.81277704       2.48699999    
       38820   2.37077785       1.81277704       2.48699999    
       38880   2.36976933       1.81258011       2.48699999    
       38940   2.36976933       1.81258011       2.48699999    
       39000   2.36796308       1.81265426       2.48699999    
       39060   2.36676931       1.81265426       2.48699999    
       39120   2.36496305       1.81293583       2.48699999    
       39180   2.36411548       1.81293583       2.48699999    
       39240   2.36255550       1.81328106       2.48699999    
       39300   2.36219239       1.81328106       2.48699999    
       39360   2.36448145       1.81364918       2.48699999    
       39420   2.36703563       1.81364918       2.48699999    
       39480   2.36366677       1.81404817       2.37599993    
       39540   2.36366677       1.81404817       2.37599993    
       39600   2.36360717       1.81421328       2.37599993    
       39660   2.36064291       1.81421328       2.37599993    
       39720   2.36064291       1.81422627       2.37599993    
       39780   2.35889292       1.81422627       2.37599993    
       39840   2.35696292       1.81420743       2.37599993    
       39900   2.35696292       1.81420743       2.37599993    
       39960   2.35470366       1.81424987       2.37599993    
       40020   2.35470366       1.81424987       2.37599993    
       40080   2.35567856       1.81449091       2.37599993    
       40140   2.35400009       1.81449091       2.37599993    
       40200   2.35400009       1.81488407       2.37599993    
       40260   2.35307407       1.81488407       2.37599993    
       40320   2.35307407       1.81535447       2.37599993    
       40380   2.35607147       1.81535447       2.37599993    
       40440   2.35437036       1.81571233       2.37599993    
       40500   2.35585713       1.81571233       2.37599993    
       40560   2.35466671       1.81603348       2.37599993    
       40620   2.35466671       1.81603348       2.37599993    
       40680   2.35692859       1.81651294       2.37599993    
       40740   2.35592604       1.81651294       2.37599993    
       40800   2.35739279       1.81715333       2.37599993    
       40860   2.35860705       1.81715333       2.37599993    
       40920   2.35833335       1.81807005       2.37599993    
       40980   2.35939288       1.81807005       2.37599993    
       41040   2.35939288       1.81932700       2.37599993    
       41100   2.35899997       1.81932700       2.37599993    
       41160   2.35899997       1.82063270       2.37599993    
       41220   2.36110711       1.82063270       2.37599993    
       41280   2.36151862       1.82159054       2.37599993    
       41340   2.36151862       1.82159054       2.37599993    
       41400   2.36292863       1.82223046       2.37599993    
       41460   2.36664295       1.82223046       2.37599993    
       41520   2.36792588       1.82281268       2.37599993    
       41580   2.36792588       1.82281268       2.37599993    
       41640   2.37096286       1.82357693       2.37599993    
       41700   2.37328577       1.82357693       2.37599993    
       41760   2.37481475       1.82453513       2.37599993    
       41820   2.37481475       1.82453513       2.37599993    
       41880   2.37575006       1.82568049       2.37599993    
       41940   2.37796426       1.82568049       2.37599993    
       42000   2.37796426       1.82693887       2.37599993    
       42060   2.37996435       1.82693887       2.37599993    
       42120   2.37996435       1.82802308       2.37599993    
       42180   2.38013792       1.82802308       2.37599993    
       42240   2.38050008       1.82885635       2.37599993    
       42300   2.38100004       1.82885635       2.37599993    
       42360   2.38332152       1.82950747       2.37599993    
       42420   2.38332152       1.82950747       2.37599993    
       42480   2.38632154       1.83014762       2.37599993    
       42540   2.38632154       1.83014762       2.37599993    
       42600   2.38665509       1.83070111       2.37599993    
       42660   2.39003444       1.83070111       2.37599993    
       42720   2.39003444       1.83098710       2.37599993    
       42780   2.39458632       1.83098710       2.37599993    
       42840   2.39458632       1.83112037       2.37599993    
       42900   2.39717865       1.83112037       2.37599993    
       42960   2.39717865       1.83114922       2.37599993    
       43020   2.39603567       1.83114922       2.37599993    
       43080   2.39455557       1.83111370       2.30399990    
       43140   2.39455557       1.83111370       2.30399990    
       43200   2.39314294       1.83112812       2.30399990    
       43260   2.39429641       1.83112812       2.30399990    
       43320   2.39607406       1.83146822       2.30399990    
       43380   2.39567852       1.83146822       2.30399990    
       43440   2.39707398       1.83216691       2.30399990    
       43500   2.39767861       1.83216691       2.30399990    
       43560   2.39767861       1.83325171       2.30399990    
       43620   2.39929628       1.83325171       2.30399990    
       43680   2.39842868       1.83445847       2.30399990    
       43740   2.39903712       1.83445847       2.30399990    
       43800   2.40029621       1.83553731       2.30399990    
       43860   2.40029621       1.83553731       2.30399990    
       43920   2.40175009       1.83643138       2.30399990    
       43980   2.40113783       1.83643138       2.30399990    
       44040   2.39985704       1.83699596       2.30399990    
       44100   2.39786196       1.83699596       2.30399990    
       44160   2.39792848       1.83756638       2.30399990    
       44220   2.39792848       1.83756638       2.30399990    
       44280   2.39417243       1.83840585       2.30399990    
       44340   2.39332151       1.83840585       2.30399990    
       44400   2.39110351       1.83935487       2.30399990    
       44460   2.38920689       1.83935487       2.30399990    
       44520   2.38903570       1.84008765       2.30399990    
       44580   2.38858628       1.84008765       2.30399990    
       44640   2.38860703       1.84063375       2.30399990    
       44700   2.38860703       1.84063375       2.30399990    
       44760   2.38860703       1.84111738       2.30399990    
       44820   2.39041376       1.84111738       2.30399990    
       44880   2.38942862       1.84169233       2.30399990    
       44940   2.38942862       1.84169233       2.30399990    
       45000   2.38903451       1.84246218       2.30399990    
       45060   2.38899994       1.84246218       2.30399990    
       45120   2.38832140       1.84329844       2.30399990    
       45180   2.38832140       1.84329844       2.30399990    
       45240   2.38865519       1.84419250       2.30399990    
       45300   2.38785720       1.84419250       2.30399990    
       45360   2.38489294       1.84510148       2.30399990    
       45420   2.38489294       1.84510148       2.30399990    
       45480   2.38406897       1.84609568       2.30399990    
       45540   2.38475871       1.84609568       2.30399990    
       45600   2.38507152       1.84731734       2.30399990    
       45660   2.39199996       1.84731734       2.30399990    
       45720   2.39214277       1.84878254       2.30399990    
       45780   2.39499998       1.84878254       2.30399990    
       45840   2.39535713       1.85039341       2.30399990    
       45900   2.39513803       1.85039341       2.30399990    
       45960   2.39514279       1.85211492       2.30399990    
       46020   2.39514279       1.85211492       2.30399990    
       46080   2.39424133       1.85400188       2.30399990    
       46140   2.39421439       1.85400188       2.30399990    
       46200   2.39548278       1.85604966       2.30399990    
       46260   2.39546418       1.85604966       2.30399990    
       46320   2.39557147       1.85827923       2.30399990    
       46380   2.39557147       1.85827923       2.30399990    
       46440   2.39453578       1.86061263       2.30399990    
       46500   2.39453578       1.86061263       2.30399990    
       46560   2.39453578       1.86290002       2.30399990    
       46620   2.40213799       1.86290002       2.30399990    
       46680   2.40249991       1.86525631       2.40100002    
       46740   2.40249991       1.86525631       2.40100002    
       46800   2.40758610       1.86769748       2.40100002    
       46860   2.40946436       1.86769748       2.40100002    
       46920   2.41172409       1.87013209       2.40100002    
       46980   2.41513801       1.87013209       2.40100002    
       47040   2.41621423       1.87233102       2.40100002    
       47100   2.41621423       1.87233102       2.40100002    
       47160   2.41778564       1.87425768       2.40100002    
       47220   2.41778564       1.87425768       2.40100002    
       47280   2.42082763       1.87581956       2.40100002    
       47340   2.42246437       1.87581956       2.40100002    
       47400   2.42479300       1.87726057       2.40100002    
       47460   2.42596436       1.87726057       2.40100002    
       47520   2.42596436       1.87878191       2.40100002    
       47580   2.43128562       1.87878191       2.40100002    
       47640   2.43303704       1.88042784       2.40100002    
       47700   2.43635726       1.88042784       2.40100002    
       47760   2.43985176       1.88235962       2.40100002    
       47820   2.43985176       1.88235962       2.40100002    
       47880   2.44425011       1.88445544       2.40100002    
       47940   2.45000005       1.88445544       2.40100002    
       48000   2.45360708       1.88642180       2.40100002    
       48060   2.46128583       1.88642180       2.40100002    
       48120   2.46570373       1.88832009       2.40100002    
       48180   2.46570373       1.88832009       2.40100002    
       48240   2.47151852       1.89022565       2.40100002    
       48300   2.47151852       1.89022565       2.40100002    
       48360   2.47151852       1.89213133       2.40100002    
       48420   2.47624993       1.89213133       2.40100002    
       48480   2.47755551       1.89388561       2.40100002    
       48540   2.47755551       1.89388561       2.40100002    
       48600   2.47755551       1.89555275       2.40100002    
       48660   2.48333335       1.89555275       2.40100002    
       48720   2.48653841       1.89701736       2.40100002    
       48780   2.48653841       1.89701736       2.40100002    
       48840   2.48699999       1.89824808       2.40100002    
       48900   2.49322224       1.89824808       2.40100002    
       48960   2.49322224       1.89938140       2.40100002    
       49020   2.49861550       1.89938140       2.40100002    
       49080   2.49861550       1.90055454       2.40100002    
       49140   2.50412011       1.90055454       2.40100002    
       49200   2.50758338       1.90180087       2.40100002    
       49260   2.50758338       1.90180087       2.40100002    
       49320   2.50417399       1.90302324       2.40100002    
       49380   2.50417399       1.90302324       2.40100002    
       49440   2.50550008       1.90410709       2.40100002    
       49500   2.50550008       1.90410709       2.40100002    
       49560   2.51236367       1.90501142       2.40100002    
       49620   2.51382613       1.90501142       2.40100002    
       49680   2.51382613       1.90598094       2.40100002    
       49740   2.52040911       1.90598094       2.40100002    
       49800   2.52165222       1.90691793       2.40100002    
       49860   2.52577281       1.90691793       2.40100002    
       49920   2.52613044       1.90756691       2.40100002    
       49980   2.53086352       1.90756691       2.40100002    
       50040   2.53060865       1.90802217       2.40100002    
       50100   2.53559089       1.90802217       2.40100002    
       50160   2.53559089       1.90856779       2.40100002    
       50220   2.53695655       1.90856779       2.40100002    
       50280   2.53340912       1.90937686       2.37800002    
       50340   2.53340912       1.90937686       2.37800002    
       50400   2.53291297       1.91035581       2.37800002    
       50460   2.53213644       1.91035581       2.37800002    
       50520   2.53043485       1.91116881       2.37800002    
       50580   2.53104353       1.91116881       2.37800002    
       50640   2.53313637       1.91186917       2.37800002    
       50700   2.53313637       1.91186917       2.37800002    
       50760   2.53034782       1.91265380       2.37800002    
       50820   2.53363633       1.91265380       2.37800002    
       50880   2.53217387       1.91363406       2.37800002    
       50940   2.53269577       1.91363406       2.37800002    
       51000   2.53269577       1.91472244       2.37800002    
       51060   2.53463626       1.91472244       2.37800002    
       51120   2.53463626       1.91590238       2.37800002    
       51180   2.53447819       1.91590238       2.37800002    
       51240   2.53195453       1.91719890       2.37800002    
       51300   2.53195453       1.91719890       2.37800002    
       51360   2.52990913       1.91873193       2.37800002    
       51420   2.52717400       1.91873193       2.37800002    
       51480   2.52717400       1.92044199       2.37800002    
       51540   2.52554536       1.92044199       2.37800002    
       51600   2.52439141       1.92197788       2.37800002    
       51660   2.52318192       1.92197788       2.37800002    
       51720   2.52072716       1.92340624       2.37800002    
       51780   2.51939130       1.92340624       2.37800002    
       51840   2.51939130       1.92480826       2.37800002    
       51900   2.51877284       1.92480826       2.37800002    
       51960   2.52304339       1.92623615       2.37800002    
       52020   2.52524996       1.92623615       2.37800002    
       52080   2.52182603       1.92744184       2.37800002    
       52140   2.52182603       1.92744184       2.37800002    
       52200   2.51970840       1.92848778       2.37800002    
       52260   2.51676011       1.92848778       2.37800002    
       52320   2.51604176       1.92927492       2.37800002    
       52380   2.51604176       1.92927492       2.37800002    
       52440   2.51295996       1.92994285       2.37800002    
       52500   2.50991988       1.92994285       2.37800002    
       52560   2.50758338       1.93074274       2.37800002    
       52620   2.50758338       1.93074274       2.37800002    
       52680   2.50476003       1.93164921       2.37800002    
       52740   2.50476003       1.93164921       2.37800002    
       52800   2.50415373       1.93243420       2.37800002    
       52860   2.50415373       1.93243420       2.37800002    
       52920   2.50415373       1.93299437       2.37800002    
       52980   2.50377774       1.93299437       2.37800002    
       53040   2.50377774       1.93320251       2.37800002    
       53100   2.50085711       1.93320251       2.37800002    
       53160   2.50085711       1.93312788       2.37800002    
       53220   2.49940729       1.93312788       2.37800002    
       53280   2.49370360       1.93294513       2.37800002    
       53340   2.49370360       1.93294513       2.37800002    
       53400   2.49171424       1.93280017       2.37800002    
       53460   2.48735714       1.93280017       2.37800002    
       53520   2.48735714       1.93281114       2.37800002    
       53580   2.48562956       1.93281114       2.37800002    
       53640   2.48410726       1.93301570       2.37800002    
       53700   2.48259258       1.93301570       2.37800002    
       53760   2.48259258       1.93308294       2.37800002    
       53820   2.48464274       1.93308294       2.37800002    
       53880   2.48159266       1.93273258       2.55150008    
       53940   2.48159266       1.93273258       2.55150008    
       54000   2.47992849       1.93198276       2.55150008    
       54060   2.47837043       1.93198276       2.55150008    
       54120   2.47650003       1.93122315       2.55150008    
       54180   2.47353578       1.93122315       2.55150008    
       54240   2.47296286       1.93083072       2.55150008    
       54300   2.46939278       1.93083072       2.55150008    
       54360   2.46939278       1.93062663       2.55150008    
       54420   2.46940732       1.93062663       2.55150008    
       54480   2.46646428       1.93044913       2.55150008    
       54540   2.46522212       1.93044913       2.55150008    
       54600   2.46218514       1.93015981       2.55150008    
       54660   2.46218514       1.93015981       2.55150008    
       54720   2.46218514       1.92973256       2.55150008    
       54780   2.46278572       1.92973256       2.55150008    
       54840   2.46025920       1.92918026       2.55150008    
       54900   2.45825005       1.92918026       2.55150008    
       54960   2.45825005       1.92839718       2.55150008    
       55020   2.45740747       1.92839718       2.55150008    
       55080   2.45359254       1.92731404       2.55150008    
       55140   2.45359254       1.92731404       2.55150008    
       55200   2.45285726       1.92616701       2.55150008    
       55260   2.45042849       1.92616701       2.55150008    
       55320   2.45042849       1.92516172       2.55150008    
       55380   2.44896293       1.92516172       2.55150008    
       55440   2.44703698       1.92430341       2.55150008    
       55500   2.44703698       1.92430341       2.55150008    
       55560   2.45257139       1.92353678       2.55150008    
       55620   2.45064282       1.92353678       2.55150008    
       55680   2.44600010       1.92294621       2.55150008    
       55740   2.44600010       1.92294621       2.55150008    
       55800   2.44771433       1.92262292       2.55150008    
       55860   2.44742846       1.92262292       2.55150008    
       55920   2.44748139       1.92252779       2.55150008    
       55980   2.44810724       1.92252779       2.55150008    
       56040   2.44810724       1.92266929       2.55150008    
       56100   2.44844437       1.92266929       2.55150008    
       56160   2.44811106       1.92297876       2.55150008    
       56220   2.44811106       1.92297876       2.55150008    
       56280   2.44849992       1.92328441       2.55150008    
       56340   2.44971418       1.92328441       2.55150008    
       56400   2.44971418       1.92356408       2.55150008    
       56460   2.44825935       1.92356408       2.55150008    
       56520   2.44825935       1.92380536       2.55150008    
       56580   2.45092869       1.92380536       2.55150008    
       56640   2.44933343       1.92394674       2.55150008    
       56700   2.44933343       1.92394674       2.55150008    
       56760   2.44959259       1.92418480       2.55150008    
       56820   2.44959259       1.92418480       2.55150008    
       56880   2.44978571       1.92477620       2.55150008    
       56940   2.45192599       1.92477620       2.55150008    
       57000   2.45221424       1.92562282       2.55150008    
       57060   2.45242858       1.92562282       2.55150008    
       57120   2.45337033       1.92637682       2.55150008    
       57180   2.45337033       1.92637682       2.55150008    
       57240   2.45207143       1.92710185       2.55150008    
       57300   2.45240736       1.92710185       2.55150008    
       57360   2.45421433       1.92788446       2.55150008    
       57420   2.45813799       1.92788446       2.55150008    
       57480   2.45521426       1.92905915       2.47099996    
       57540   2.45521426       1.92905915       2.47099996    
       57600   2.45955181       1.93056870       2.47099996    
       57660   2.46042848       1.93056870       2.47099996    
       57720   2.46248269       1.93223250       2.47099996    
       57780   2.46648288       1.93223250       2.47099996    
       57840   2.46849990       1.93369424       2.47099996    
       57900   2.46849990       1.93369424       2.47099996    
       57960   2.47482133       1.93485796       2.47099996    
       58020   2.47482133       1.93485796       2.47099996    
       58080   2.47875857       1.93576181       2.47099996    
       58140   2.48320699       1.93576181       2.47099996    
       58200   2.48320699       1.93654609       2.47099996    
       58260   2.48489285       1.93654609       2.47099996    
       58320   2.48489285       1.93723464       2.47099996    
       58380   2.48606896       1.93723464       2.47099996    
       58440   2.48632145       1.93798447       2.47099996    
       58500   2.48632145       1.93798447       2.47099996    
       58560   2.49192858       1.93891764       2.47099996    
       58620   2.49192858       1.93891764       2.47099996    
       58680   2.49562073       1.94018114       2.47099996    
       58740   2.50032139       1.94018114       2.47099996    
       58800   2.50113797       1.94165432       2.47099996    
       58860   2.50451732       1.94165432       2.47099996    
       58920   2.50714278       1.94307399       2.47099996    
       58980   2.50714278       1.94307399       2.47099996    
       59040   2.50703454       1.94439876       2.47099996    
       59100   2.50950003       1.94439876       2.47099996    
       59160   2.50950003       1.94558108       2.47099996    
       59220   2.50224996       1.94558108       2.47099996    
       59280   2.50000000       1.94660378       2.47099996    
       59340   2.50000000       1.94660378       2.47099996    
       59400   2.49564290       1.94749451       2.47099996    
       59460   2.49570370       1.94749451       2.47099996    
       59520   2.49437046       1.94858456       2.47099996    
       59580   2.49253583       1.94858456       2.47099996    
       59640   2.49355555       1.94991171       2.47099996    
       59700   2.49355555       1.94991171       2.47099996    
       59760   2.49507141       1.95135021       2.47099996    
       59820   2.49807405       1.95135021       2.47099996    
       59880   2.49807143       1.95291364       2.47099996    
       59940   2.50028563       1.95291364       2.47099996    
       60000   2.50137043       1.95466042       2.47099996    
       60060   2.50137043       1.95466042       2.47099996    
       60120   2.50137043       1.95650268       2.47099996    
       60180   2.49985719       1.95650268       2.47099996    
       60240   2.49900007       1.95861220       2.47099996    
       60300   2.49814296       1.95861220       2.47099996    
       60360   2.49814296       1.96103859       2.47099996    
       60420   2.50070381       1.96103859       2.47099996    
       60480   2.49739289       1.96373129       2.47099996    
       60540   2.49896288       1.96373129       2.47099996    
       60600   2.49699998       1.96639442       2.47099996    
       60660   2.49632144       1.96639442       2.47099996    
       60720   2.49825931       1.96895540       2.47099996    
       60780   2.49825931       1.96895540       2.47099996    
       60840   2.49721432       1.97168958       2.47099996    
       60900   2.50018525       1.97168958       2.47099996    
       60960   2.50018525       1.97469807       2.47099996    
       61020   2.49925923       1.97469807       2.47099996    
       61080   2.49661541       1.97787821       2.49399996    
       61140   2.49661541       1.97787821       2.49399996    
       61200   2.49311113       1.98073316       2.49399996    
       61260   2.48973083       1.98073316       2.49399996    
       61320   2.48785186       1.98329449       2.49399996    
       61380   2.48437047       1.98329449       2.49399996    
       61440   2.48215389       1.98585999       2.49399996    
       61500   2.48215389       1.98585999       2.49399996    
       61560   2.47877789       1.98890626       2.49399996    
       61620   2.47603846       1.98890626       2.49399996    
       61680   2.47362971       1.99253666       2.49399996    
       61740   2.46855545       1.99253666       2.49399996    
       61800   2.46673083       1.99633086       2.49399996    
       61860   2.46673083       1.99633086       2.49399996    
       61920   2.46673083       2.00007558       2.49399996    
       61980   2.46918511       2.00007558       2.49399996    
       62040   2.46726918       2.00411820       2.49399996    
       62100   2.46725917       2.00411820       2.49399996    
       62160   2.46725917       2.00862813       2.49399996    
       62220   2.46365380       2.00862813       2.49399996    
       62280   2.46499991       2.01318812       2.49399996    
       62340   2.45984626       2.01318812       2.49399996    
       62400   2.46081471       2.01739740       2.49399996    
       62460   2.45838451       2.01739740       2.49399996    
       62520   2.45665383       2.02151251       2.49399996    
       62580   2.45665383       2.02151251       2.49399996    
       62640   2.45696306       2.02560067       2.49399996    
       62700   2.45515394       2.02560067       2.49399996    
       62760   2.45515394       2.02970505       2.49399996    
       62820   2.45777774       2.02970505       2.49399996    
       62880   2.46003842       2.03381419       2.49399996    
       62940   2.46003842       2.03381419       2.49399996    
       63000   2.46292591       2.03798032       2.49399996    
       63060   2.46619225       2.03798032       2.49399996    
       63120   2.46922231       2.04055214       2.49399996    
       63180   2.47399998       2.04055214       2.49399996    
       63240   2.47519231       2.04296923       2.49399996    
       63300   2.47519231       2.04296923       2.49399996    
       63360   2.47955561       2.04522920       2.49399996    
       63420   2.47738457       2.04522920       2.49399996    
       63480   2.48033333       2.04745507       2.49399996    
       63540   2.47965384       2.04745507       2.49399996    
       63600   2.48057699       2.04970455       2.49399996    
       63660   2.48057699       2.04970455       2.49399996    
       63720   2.48057699       2.05197334       2.49399996    
       63780   2.48051858       2.05197334       2.49399996    
       63840   2.48134613       2.05432224       2.49399996    
       63900   2.48166656       2.05432224       2.49399996    
       63960   2.48192310       2.05666256       2.49399996    
       64020   2.48192310       2.05666256       2.49399996    
       64080   2.48170376       2.05892849       2.49399996    
       64140   2.48453856       2.05892849       2.49399996    
       64200   2.48481488       2.06108332       2.49399996    
       64260   2.48707414       2.06108332       2.49399996    
       64320   2.48884606       2.06337237       2.49399996    
       64380   2.48884606       2.06337237       2.49399996    
       64440   2.48974085       2.06595707       2.49399996    
       64500   2.49053836       2.06595707       2.49399996    
       61080   9999.00000       9999.00000       2.37800002    
       61140   9999.00000       9999.00000       2.37800002    
