 20180820
 Seconds  Measures(PWV-mm)  Meso-NH(PWV-mm)  FORECAST_AR(PWV-mm)
        7080   1.69661534       1.47149086       2.04349995    
        7140   1.69661534       1.47149086       2.04349995    
        7200   1.69222224       1.46243382       2.04349995    
        7260   1.68577778       1.46243382       2.04349995    
        7320   1.68396151       1.45441747       2.04349995    
        7380   1.67707407       1.45441747       2.04349995    
        7440   1.67465389       1.44770372       2.04349995    
        7500   1.67465389       1.44770372       2.04349995    
        7560   1.67085183       1.44177759       2.04349995    
        7620   1.67126918       1.44177759       2.04349995    
        7680   1.66592598       1.43620694       2.04349995    
        7740   1.66469228       1.43620694       2.04349995    
        7800   1.65851855       1.43101132       2.04349995    
        7860   1.65448153       1.43101132       2.04349995    
        7920   1.65448153       1.42583299       2.04349995    
        7980   1.65250003       1.42583299       2.04349995    
        8040   1.64718521       1.42068648       2.04349995    
        8100   1.64271426       1.42068648       2.04349995    
        8160   1.64271426       1.41598225       2.04349995    
        8220   1.64211106       1.41598225       2.04349995    
        8280   1.63575006       1.41109216       2.04349995    
        8340   1.63244450       1.41109216       2.04349995    
        8400   1.62767851       1.40629005       2.04349995    
        8460   1.62128568       1.40629005       2.04349995    
        8520   1.62128568       1.40244997       2.04349995    
        8580   1.62100005       1.40244997       2.04349995    
        8640   1.61544442       1.39899540       2.04349995    
        8700   1.61544442       1.39899540       2.04349995    
        8760   1.61544442       1.39565957       2.04349995    
        8820   1.61371434       1.39565957       2.04349995    
        8880   1.60677779       1.39234388       2.04349995    
        8940   1.60677779       1.39234388       2.04349995    
        9000   1.59757137       1.38926625       2.04349995    
        9060   1.59429634       1.38926625       2.04349995    
        9120   1.58459258       1.38609624       2.04349995    
        9180   1.57957149       1.38609624       2.04349995    
        9240   1.57957149       1.38283014       2.04349995    
        9300   1.57462966       1.38283014       2.04349995    
        9360   1.56753576       1.37957251       2.04349995    
        9420   1.56303704       1.37957251       2.04349995    
        9480   1.55507147       1.37594450       2.04349995    
        9540   1.54977775       1.37594450       2.04349995    
        9600   1.54485714       1.37169778       2.04349995    
        9660   1.54110718       1.37169778       2.04349995    
        9720   1.54110718       1.36757076       2.04349995    
        9780   1.54082763       1.36757076       2.04349995    
        9840   1.53296423       1.36372364       2.04349995    
        9900   1.53296423       1.36372364       2.04349995    
        9960   1.52820694       1.36016142       2.04349995    
       10020   1.52364290       1.36016142       2.04349995    
       10080   1.52106893       1.35687375       2.04349995    
       10140   1.51435709       1.35687375       2.04349995    
       10200   1.51110339       1.35350883       2.04349995    
       10260   1.50555170       1.35350883       2.04349995    
       10320   1.50555170       1.35022330       2.04349995    
       10380   1.50096428       1.35022330       2.04349995    
       10440   1.49278569       1.34683466       2.04349995    
       10500   1.49278569       1.34683466       2.04349995    
       10560   1.49278569       1.34270358       2.04349995    
       10620   1.49344826       1.34270358       2.04349995    
       10680   1.48721433       1.33823025       1.68599999    
       10740   1.48721433       1.33823025       1.68599999    
       10800   1.48296547       1.33384776       1.68599999    
       10860   1.47634482       1.33384776       1.68599999    
       10920   1.47296429       1.32993484       1.68599999    
       10980   1.47034478       1.32993484       1.68599999    
       11040   1.46935713       1.32615507       1.68599999    
       11100   1.46935713       1.32615507       1.68599999    
       11160   1.46844828       1.32245207       1.68599999    
       11220   1.46475005       1.32245207       1.68599999    
       11280   1.46334481       1.31907761       1.68599999    
       11340   1.45727587       1.31907761       1.68599999    
       11400   1.45727587       1.31607795       1.68599999    
       11460   1.45582139       1.31607795       1.68599999    
       11520   1.44907403       1.31326532       1.68599999    
       11580   1.44939291       1.31326532       1.68599999    
       11640   1.44385183       1.31031096       1.68599999    
       11700   1.44246423       1.31031096       1.68599999    
       11760   1.43951857       1.30696714       1.68599999    
       11820   1.43951857       1.30696714       1.68599999    
       11880   1.43875003       1.30342054       1.68599999    
       11940   1.43781483       1.30342054       1.68599999    
       12000   1.43589282       1.30034781       1.68599999    
       12060   1.43289280       1.30034781       1.68599999    
       12120   1.43077779       1.29804134       1.68599999    
       12180   1.43139291       1.29804134       1.68599999    
       12240   1.43139291       1.29573822       1.68599999    
       12300   1.42925930       1.29573822       1.68599999    
       12360   1.42925930       1.29319286       1.68599999    
       12420   1.43332148       1.29319286       1.68599999    
       12480   1.42837036       1.29070187       1.68599999    
       12540   1.42837036       1.29070187       1.68599999    
       12600   1.42796433       1.28803837       1.68599999    
       12660   1.43088889       1.28803837       1.68599999    
       12720   1.43221426       1.28508687       1.68599999    
       12780   1.43253577       1.28508687       1.68599999    
       12840   1.43211114       1.28188527       1.68599999    
       12900   1.43211114       1.28188527       1.68599999    
       12960   1.43367863       1.27868950       1.68599999    
       13020   1.43581486       1.27868950       1.68599999    
       13080   1.43642855       1.27550554       1.68599999    
       13140   1.44010711       1.27550554       1.68599999    
       13200   1.44010711       1.27214408       1.68599999    
       13260   1.44114816       1.27214408       1.68599999    
       13320   1.43584621       1.26886702       1.68599999    
       13380   1.44003701       1.26886702       1.68599999    
       13440   1.43646157       1.26540494       1.68599999    
       13500   1.43646157       1.26540494       1.68599999    
       13560   1.43825924       1.26165569       1.68599999    
       13620   1.43992305       1.26165569       1.68599999    
       13680   1.44099998       1.25784898       1.68599999    
       13740   1.44069231       1.25784898       1.68599999    
       13800   1.44137037       1.25442767       1.68599999    
       13860   1.44333339       1.25442767       1.68599999    
       13920   1.44215381       1.25109136       1.68599999    
       13980   1.44215381       1.25109136       1.68599999    
       14040   1.44377780       1.24738503       1.68599999    
       14100   1.44526923       1.24738503       1.68599999    
       14160   1.44526923       1.24368858       1.68599999    
       14220   1.44992590       1.24368858       1.68599999    
       14280   1.44753850       1.24024200       1.34899998    
       14340   1.44753850       1.24024200       1.34899998    
       14400   1.44503701       1.23671317       1.34899998    
       14460   1.44740736       1.23671317       1.34899998    
       14520   1.44976926       1.23323500       1.34899998    
       14580   1.44976926       1.23323500       1.34899998    
       14640   1.45030773       1.22983813       1.34899998    
       14700   1.45030773       1.22983813       1.34899998    
       14760   1.44855559       1.22665596       1.34899998    
       14820   1.44876921       1.22665596       1.34899998    
       14880   1.44607413       1.22363210       1.34899998    
       14940   1.44637036       1.22363210       1.34899998    
       15000   1.45003843       1.22045743       1.34899998    
       15060   1.45003843       1.22045743       1.34899998    
       15120   1.45925927       1.21690071       1.34899998    
       15180   1.46435714       1.21690071       1.34899998    
       15240   1.46459258       1.21318018       1.34899998    
       15300   1.46375000       1.21318018       1.34899998    
       15360   1.46592593       1.20983851       1.34899998    
       15420   1.46592593       1.20983851       1.34899998    
       15480   1.46392858       1.20692241       1.34899998    
       15540   1.46562958       1.20692241       1.34899998    
       15600   1.46546423       1.20373785       1.34899998    
       15660   1.46848142       1.20373785       1.34899998    
       15720   1.46981478       1.19987035       1.34899998    
       15780   1.46814287       1.19987035       1.34899998    
       15840   1.46888888       1.19568825       1.34899998    
       15900   1.46888888       1.19568825       1.34899998    
       15960   1.46888888       1.19179165       1.34899998    
       16020   1.47882140       1.19179165       1.34899998    
       16080   1.47644448       1.18820906       1.34899998    
       16140   1.47644448       1.18820906       1.34899998    
       16200   1.47782147       1.18463063       1.34899998    
       16260   1.47967851       1.18463063       1.34899998    
       16320   1.47967851       1.18150961       1.34899998    
       16380   1.47942853       1.18150961       1.34899998    
       16440   1.48048151       1.17883289       1.34899998    
       16500   1.48048151       1.17883289       1.34899998    
       16560   1.47807145       1.17626512       1.34899998    
       16620   1.47814810       1.17626512       1.34899998    
       16680   1.47739291       1.17351139       1.34899998    
       16740   1.47739291       1.17351139       1.34899998    
       16800   1.47866666       1.17048407       1.34899998    
       16860   1.47866666       1.17048407       1.34899998    
       16920   1.48628569       1.16719234       1.34899998    
       16980   1.49141383       1.16719234       1.34899998    
       17040   1.48935711       1.16386223       1.34899998    
       17100   1.48813796       1.16386223       1.34899998    
       17160   1.48813796       1.16091835       1.34899998    
       17220   1.48825002       1.16091835       1.34899998    
       17280   1.48834479       1.15854216       1.34899998    
       17340   1.48903573       1.15854216       1.34899998    
       17400   1.48834479       1.15620184       1.34899998    
       17460   1.48803449       1.15620184       1.34899998    
       17520   1.48857141       1.15323639       1.34899998    
       17580   1.48627591       1.15323639       1.34899998    
       17640   1.48627591       1.15026724       1.34899998    
       17700   1.48628569       1.15026724       1.34899998    
       17760   1.48628569       1.14773405       1.34899998    
       17820   1.49251723       1.14773405       1.34899998    
       17880   1.48971426       1.14568830       1.41700006    
       17940   1.48971426       1.14568830       1.41700006    
       18000   1.49020684       1.14369977       1.41700006    
       18060   1.49324143       1.14369977       1.41700006    
       18120   1.49557137       1.14170587       1.41700006    
       18180   1.49458623       1.14170587       1.41700006    
       18240   1.49458623       1.13963270       1.41700006    
       18300   1.49757147       1.13963270       1.41700006    
       18360   1.49706900       1.13740551       1.41700006    
       18420   1.50042856       1.13740551       1.41700006    
       18480   1.50037932       1.13508523       1.41700006    
       18540   1.50482142       1.13508523       1.41700006    
       18600   1.50542855       1.13280439       1.41700006    
       18660   1.50658619       1.13280439       1.41700006    
       18720   1.50658619       1.13052988       1.41700006    
       18780   1.50162065       1.13052988       1.41700006    
       18840   1.49803567       1.12823641       1.41700006    
       18900   1.49648273       1.12823641       1.41700006    
       18960   1.49846423       1.12604952       1.41700006    
       19020   1.49846423       1.12604952       1.41700006    
       19080   1.49813795       1.12396574       1.41700006    
       19140   1.50128567       1.12396574       1.41700006    
       19200   1.49889660       1.12191331       1.41700006    
       19260   1.49813795       1.12191331       1.41700006    
       19320   1.49813795       1.11995912       1.41700006    
       19380   1.49744833       1.11995912       1.41700006    
       19440   1.50010717       1.11817789       1.41700006    
       19500   1.50010717       1.11817789       1.41700006    
       19560   1.49968970       1.11652398       1.41700006    
       19620   1.50126672       1.11652398       1.41700006    
       19680   1.49279308       1.11474514       1.41700006    
       19740   1.49279308       1.11474514       1.41700006    
       19800   1.49013329       1.11292577       1.41700006    
       19860   1.48927581       1.11292577       1.41700006    
       19920   1.48762071       1.11116374       1.41700006    
       19980   1.48549998       1.11116374       1.41700006    
       20040   1.48634481       1.10925066       1.41700006    
       20100   1.48523331       1.10925066       1.41700006    
       20160   1.48523331       1.10740817       1.41700006    
       20220   1.48772418       1.10740817       1.41700006    
       20280   1.48563337       1.10571587       1.41700006    
       20340   1.48662066       1.10571587       1.41700006    
       20400   1.48451722       1.10417032       1.41700006    
       20460   1.48451722       1.10417032       1.41700006    
       20520   1.48451722       1.10298240       1.41700006    
       20580   1.47731030       1.10298240       1.41700006    
       20640   1.47167861       1.10208952       1.41700006    
       20700   1.46875858       1.10208952       1.41700006    
       20760   1.46928573       1.10135603       1.41700006    
       20820   1.46928573       1.10135603       1.41700006    
       20880   1.46741378       1.10057509       1.41700006    
       20940   1.46657145       1.10057509       1.41700006    
       21000   1.46413791       1.09939659       1.41700006    
       21060   1.46217239       1.09939659       1.41700006    
       21120   1.46260715       1.09812784       1.41700006    
       21180   1.46075857       1.09812784       1.41700006    
       21240   1.46214283       1.09722304       1.41700006    
       21300   1.46214283       1.09722304       1.41700006    
       21360   1.46399999       1.09673536       1.41700006    
       21420   1.46683335       1.09673536       1.41700006    
       21480   1.45993102       1.09638858       1.51499999    
       21540   1.45993102       1.09638858       1.51499999    
       21600   1.45853329       1.09574902       1.51499999    
       21660   1.45633328       1.09574902       1.51499999    
       21720   1.45593107       1.09503055       1.51499999    
       21780   1.45593107       1.09503055       1.51499999    
       21840   1.45455170       1.09469604       1.51499999    
       21900   1.45455170       1.09469604       1.51499999    
       21960   1.45393336       1.09486294       1.51499999    
       22020   1.45293105       1.09486294       1.51499999    
       22080   1.45260000       1.09501040       1.51499999    
       22140   1.45003331       1.09501040       1.51499999    
       22200   1.45003331       1.09501624       1.51499999    
       22260   1.45006895       1.09501624       1.51499999    
       22320   1.44689286       1.09529138       1.51499999    
       22380   1.44889653       1.09529138       1.51499999    
       22440   1.44510710       1.09653306       1.51499999    
       22500   1.44472408       1.09653306       1.51499999    
       22560   1.44442856       1.09791446       1.51499999    
       22620   1.44442856       1.09791446       1.51499999    
       22680   1.44479311       1.09912086       1.51499999    
       22740   1.44321430       1.09912086       1.51499999    
       22800   1.44262064       1.10058153       1.51499999    
       22860   1.44251728       1.10058153       1.51499999    
       22920   1.44264281       1.10193920       1.51499999    
       22980   1.44264281       1.10193920       1.51499999    
       23040   1.44228566       1.10311151       1.51499999    
       23100   1.44228566       1.10311151       1.51499999    
       23160   1.44613791       1.10386515       1.51499999    
       23220   1.44934487       1.10386515       1.51499999    
       23280   1.44585717       1.10405540       1.51499999    
       23340   1.44585717       1.10405540       1.51499999    
       23400   1.44585717       1.10433435       1.51499999    
       23460   1.44474995       1.10433435       1.51499999    
       23520   1.44474995       1.10522985       1.51499999    
       23580   1.44562960       1.10522985       1.51499999    
       23640   1.44355559       1.10662365       1.51499999    
       23700   1.44221425       1.10662365       1.51499999    
       23760   1.44181478       1.10803163       1.51499999    
       23820   1.44181478       1.10803163       1.51499999    
       23880   1.44181478       1.10936666       1.51499999    
       23940   1.44246149       1.10936666       1.51499999    
       24000   1.44246149       1.11053693       1.51499999    
       24060   1.44447994       1.11053693       1.51499999    
       24120   1.44447994       1.11156881       1.51499999    
       24180   1.44447994       1.11156881       1.51499999    
       24240   1.44287503       1.11259723       1.51499999    
       24300   1.43915999       1.11259723       1.51499999    
       24360   1.44133329       1.11364257       1.51499999    
       24420   1.44133329       1.11364257       1.51499999    
       24480   1.43716002       1.11440670       1.51499999    
       24540   1.43808329       1.11440670       1.51499999    
       24600   1.43436003       1.11545408       1.51499999    
       24660   1.43252003       1.11545408       1.51499999    
       24720   1.43337500       1.11709487       1.51499999    
       24780   1.43024004       1.11709487       1.51499999    
       24840   1.43112504       1.11887574       1.51499999    
       24900   1.43112504       1.11887574       1.51499999    
       24960   1.43112504       1.12048209       1.51499999    
       25020   1.43162501       1.12048209       1.51499999    
       25080   1.42652178       1.12154675       1.41299999    
       25140   1.42652178       1.12154675       1.41299999    
       25200   1.42299998       1.12213361       1.41299999    
       25260   1.42321742       1.12213361       1.41299999    
       25320   1.41908693       1.12310088       1.41299999    
       25380   1.41604161       1.12310088       1.41299999    
       25440   1.41604161       1.12411630       1.41299999    
       25500   1.41266668       1.12411630       1.41299999    
       25560   1.41266668       1.12468207       1.41299999    
       25620   1.41165221       1.12468207       1.41299999    
       25680   1.40916669       1.12456357       1.41299999    
       25740   1.40769565       1.12456357       1.41299999    
       25800   1.40452170       1.12464786       1.41299999    
       25860   1.40452170       1.12464786       1.41299999    
       25920   1.40452170       1.12524223       1.41299999    
       25980   1.40725005       1.12524223       1.41299999    
       26040   1.40300000       1.12610269       1.41299999    
       26100   1.40300000       1.12610269       1.41299999    
       26160   1.39986956       1.12644279       1.41299999    
       26220   1.39986956       1.12644279       1.41299999    
       26280   1.39812505       1.12673104       1.41299999    
       26340   1.39565217       1.12673104       1.41299999    
       26400   1.39395833       1.12691176       1.41299999    
       26460   1.39256525       1.12691176       1.41299999    
       26520   1.38943481       1.12607706       1.41299999    
       26580   1.38833332       1.12607706       1.41299999    
       26640   1.38833332       1.12479031       1.41299999    
       26700   1.38691306       1.12479031       1.41299999    
       26760   1.38691306       1.12347341       1.41299999    
       26820   1.38578260       1.12347341       1.41299999    
       26880   1.37690914       1.12264478       1.41299999    
       26940   1.37690914       1.12264478       1.41299999    
       27000   1.37613046       1.12255955       1.41299999    
       27060   1.37554169       1.12255955       1.41299999    
       27120   1.37526083       1.12282252       1.41299999    
       27180   1.37487495       1.12282252       1.41299999    
       27240   1.37487495       1.12238407       1.41299999    
       27300   1.37517393       1.12238407       1.41299999    
       27360   1.37356520       1.12117064       1.41299999    
       27420   1.37356520       1.12117064       1.41299999    
       27480   1.37329161       1.11971283       1.41299999    
       27540   1.37329161       1.11971283       1.41299999    
       27600   1.37287998       1.11801744       1.41299999    
       27660   1.37287998       1.11801744       1.41299999    
       27720   1.37287998       1.11692131       1.41299999    
       27780   1.37626922       1.11692131       1.41299999    
       27840   1.37626922       1.11623871       1.41299999    
       27900   1.37626922       1.11623871       1.41299999    
       27960   1.37730765       1.11520481       1.41299999    
       28020   1.37744439       1.11520481       1.41299999    
       28080   1.37744439       1.11411417       1.41299999    
       28140   1.37899995       1.11411417       1.41299999    
       28200   1.37899995       1.11309814       1.41299999    
       28260   1.37996292       1.11309814       1.41299999    
       28320   1.38111544       1.11142886       1.41299999    
       28380   1.38111544       1.11142886       1.41299999    
       28440   1.38146150       1.10938609       1.41299999    
       28500   1.38146150       1.10938609       1.41299999    
       28560   1.38146150       1.10760975       1.41299999    
       28620   1.38618517       1.10760975       1.41299999    
       28680   1.38073075       1.10595500       1.43175006    
       28740   1.38073075       1.10595500       1.43175006    
       28800   1.38025928       1.10457993       1.43175006    
       28860   1.38173079       1.10457993       1.43175006    
       28920   1.38133335       1.10420930       1.43175006    
       28980   1.38280773       1.10420930       1.43175006    
       29040   1.38376927       1.10380268       1.43175006    
       29100   1.38376927       1.10380268       1.43175006    
       29160   1.38473082       1.10310149       1.43175006    
       29220   1.38473082       1.10310149       1.43175006    
       29280   1.38385189       1.10241079       1.43175006    
       29340   1.38399994       1.10241079       1.43175006    
       29400   1.38399994       1.10191512       1.43175006    
       29460   1.39051855       1.10191512       1.43175006    
       29520   1.39051855       1.10156274       1.43175006    
       29580   1.39235711       1.10156274       1.43175006    
       29640   1.38948143       1.10089850       1.43175006    
       29700   1.38817859       1.10089850       1.43175006    
       29760   1.38817859       1.09961307       1.43175006    
       29820   1.38914812       1.09961307       1.43175006    
       29880   1.38792861       1.09804571       1.43175006    
       29940   1.38903701       1.09804571       1.43175006    
       30000   1.38760710       1.09640098       1.43175006    
       30060   1.38746428       1.09640098       1.43175006    
       30120   1.38746428       1.09508157       1.43175006    
       30180   1.38739288       1.09508157       1.43175006    
       30240   1.38829625       1.09424877       1.43175006    
       30300   1.38829625       1.09424877       1.43175006    
       30360   1.38829625       1.09367371       1.43175006    
       30420   1.39228570       1.09367371       1.43175006    
       30480   1.38725924       1.09327221       1.43175006    
       30540   1.38725924       1.09327221       1.43175006    
       30600   1.38492858       1.09295213       1.43175006    
       30660   1.38588893       1.09295213       1.43175006    
       30720   1.38418519       1.09260786       1.43175006    
       30780   1.38157141       1.09260786       1.43175006    
       30840   1.38214815       1.09198225       1.43175006    
       30900   1.38214815       1.09198225       1.43175006    
       30960   1.37942863       1.09144986       1.43175006    
       31020   1.37981486       1.09144986       1.43175006    
       31080   1.37717855       1.09149718       1.43175006    
       31140   1.37755561       1.09149718       1.43175006    
       31200   1.37496424       1.09194732       1.43175006    
       31260   1.37540746       1.09194732       1.43175006    
       31320   1.37540746       1.09263992       1.43175006    
       31380   1.37710714       1.09263992       1.43175006    
       31440   1.37399995       1.09320486       1.43175006    
       31500   1.37278569       1.09320486       1.43175006    
       31560   1.37278569       1.09354103       1.43175006    
       31620   1.37178576       1.09354103       1.43175006    
       31680   1.37144446       1.09392369       1.43175006    
       31740   1.37032139       1.09392369       1.43175006    
       31800   1.37032139       1.09398520       1.43175006    
       31860   1.37000000       1.09398520       1.43175006    
       31920   1.36888885       1.09401786       1.43175006    
       31980   1.36888885       1.09401786       1.43175006    
       32040   1.36817861       1.09429514       1.43175006    
       32100   1.36833334       1.09429514       1.43175006    
       32160   1.37464285       1.09479666       1.43175006    
       32220   1.38017237       1.09479666       1.43175006    
       32280   1.37557137       1.09551442       1.35899997    
       32340   1.37557137       1.09551442       1.35899997    
       32400   1.37506902       1.09596932       1.35899997    
       32460   1.37532139       1.09596932       1.35899997    
       32520   1.37500000       1.09590614       1.35899997    
       32580   1.37510347       1.09590614       1.35899997    
       32640   1.37510347       1.09497797       1.35899997    
       32700   1.37524998       1.09497797       1.35899997    
       32760   1.37527585       1.09401906       1.35899997    
       32820   1.37542856       1.09401906       1.35899997    
       32880   1.37589657       1.09332180       1.35899997    
       32940   1.37734485       1.09332180       1.35899997    
       33000   1.37810719       1.09262002       1.35899997    
       33060   1.38393104       1.09262002       1.35899997    
       33120   1.37889290       1.09203994       1.35899997    
       33180   1.38189650       1.09203994       1.35899997    
       33240   1.37975001       1.09143662       1.35899997    
       33300   1.37993109       1.09143662       1.35899997    
       33360   1.38089287       1.09093511       1.35899997    
       33420   1.38089287       1.09093511       1.35899997    
       33480   1.38120687       1.09071624       1.35899997    
       33540   1.38214290       1.09071624       1.35899997    
       33600   1.38244832       1.09053063       1.35899997    
       33660   1.38368964       1.09053063       1.35899997    
       33720   1.38485718       1.09023404       1.35899997    
       33780   1.38485718       1.09023404       1.35899997    
       33840   1.38621426       1.08971751       1.35899997    
       33900   1.38621426       1.08971751       1.35899997    
       33960   1.38621426       1.08959663       1.35899997    
       34020   1.39186203       1.08959663       1.35899997    
       34080   1.38800001       1.08985126       1.35899997    
       34140   1.38800001       1.08985126       1.35899997    
       34200   1.38800001       1.09006917       1.35899997    
       34260   1.39062071       1.09006917       1.35899997    
       34320   1.39062071       1.08998752       1.35899997    
       34380   1.39344823       1.08998752       1.35899997    
       34440   1.39639282       1.08968830       1.35899997    
       34500   1.39631033       1.08968830       1.35899997    
       34560   1.39631033       1.08953249       1.35899997    
       34620   1.39953566       1.08953249       1.35899997    
       34680   1.39968967       1.08939624       1.35899997    
       34740   1.40303576       1.08939624       1.35899997    
       34800   1.40303445       1.08913124       1.35899997    
       34860   1.40653574       1.08913124       1.35899997    
       34920   1.40653574       1.08877468       1.35899997    
       34980   1.40989649       1.08877468       1.35899997    
       35040   1.40942860       1.08806849       1.35899997    
       35100   1.40942860       1.08806849       1.35899997    
       35160   1.41160715       1.08679521       1.35899997    
       35220   1.41137934       1.08679521       1.35899997    
       35280   1.41360712       1.08563375       1.35899997    
       35340   1.41360712       1.08563375       1.35899997    
       35400   1.41596425       1.08521187       1.35899997    
       35460   1.41596425       1.08521187       1.35899997    
       35520   1.41568971       1.08546436       1.35899997    
       35580   1.41799998       1.08546436       1.35899997    
       35640   1.41799998       1.08589411       1.35899997    
       35700   1.42046428       1.08589411       1.35899997    
       35760   1.42541385       1.08636487       1.35899997    
       35820   1.42596555       1.08636487       1.35899997    
       35880   1.42207146       1.08669221       1.32200003    
       35940   1.42207146       1.08669221       1.32200003    
       36000   1.42055178       1.08671546       1.32200003    
       36060   1.42106891       1.08671546       1.32200003    
       36120   1.42106891       1.08672488       1.32200003    
       36180   1.42168963       1.08672488       1.32200003    
       36240   1.42339289       1.08713055       1.32200003    
       36300   1.42339289       1.08713055       1.32200003    
       36360   1.42203450       1.08788788       1.32200003    
       36420   1.42367852       1.08788788       1.32200003    
       36480   1.42255175       1.08875453       1.32200003    
       36540   1.42375004       1.08875453       1.32200003    
       36600   1.42299998       1.08993745       1.32200003    
       36660   1.42717242       1.08993745       1.32200003    
       36720   1.42289281       1.09102237       1.32200003    
       36780   1.42317235       1.09102237       1.32200003    
       36840   1.42164290       1.09177685       1.32200003    
       36900   1.41924143       1.09177685       1.32200003    
       36960   1.42046428       1.09227049       1.32200003    
       37020   1.42046428       1.09227049       1.32200003    
       37080   1.41793108       1.09259439       1.32200003    
       37140   1.41892862       1.09259439       1.32200003    
       37200   1.41613793       1.09259856       1.32200003    
       37260   1.41458619       1.09259856       1.32200003    
       37320   1.41564286       1.09229410       1.32200003    
       37380   1.41299999       1.09229410       1.32200003    
       37440   1.41299999       1.09205317       1.32200003    
       37500   1.41371429       1.09205317       1.32200003    
       37560   1.41371429       1.09193575       1.32200003    
       37620   1.41586208       1.09193575       1.32200003    
       37680   1.41107142       1.09172451       1.32200003    
       37740   1.41107142       1.09172451       1.32200003    
       37800   1.40665519       1.09139884       1.32200003    
       37860   1.40732145       1.09139884       1.32200003    
       37920   1.40357149       1.09114063       1.32200003    
       37980   1.39924133       1.09114063       1.32200003    
       38040   1.39928567       1.09099782       1.32200003    
       38100   1.39928567       1.09099782       1.32200003    
       38160   1.39489281       1.09130883       1.32200003    
       38220   1.39489281       1.09130883       1.32200003    
       38280   1.39086211       1.09142637       1.32200003    
       38340   1.39039290       1.09142637       1.32200003    
       38400   1.38634479       1.09112167       1.32200003    
       38460   1.38903451       1.09112167       1.32200003    
       38520   1.38903451       1.09059453       1.32200003    
       38580   1.38829994       1.09059453       1.32200003    
       38640   1.38431036       1.09030461       1.32200003    
       38700   1.38059998       1.09030461       1.32200003    
       38760   1.38059998       1.09039617       1.32200003    
       38820   1.37989652       1.09039617       1.32200003    
       38880   1.37486207       1.09058142       1.32200003    
       38940   1.37486207       1.09058142       1.32200003    
       39000   1.37150002       1.09042239       1.32200003    
       39060   1.36713338       1.09042239       1.32200003    
       39120   1.36713338       1.08980846       1.32200003    
       39180   1.36310005       1.08980846       1.32200003    
       39240   1.36155176       1.08887208       1.32200003    
       39300   1.36155176       1.08887208       1.32200003    
       39360   1.36450005       1.08799660       1.32200003    
       39420   1.36116672       1.08799660       1.32200003    
       39480   1.35427582       1.08711064       1.38800001    
       39540   1.35427582       1.08711064       1.38800001    
       39600   1.35099995       1.08617234       1.38800001    
       39660   1.34716666       1.08617234       1.38800001    
       39720   1.34617245       1.08528173       1.38800001    
       39780   1.34363329       1.08528173       1.38800001    
       39840   1.34224141       1.08449256       1.38800001    
       39900   1.34224141       1.08449256       1.38800001    
       39960   1.33916664       1.08377934       1.38800001    
       40020   1.33762074       1.08377934       1.38800001    
       40080   1.33536673       1.08287752       1.38800001    
       40140   1.33344829       1.08287752       1.38800001    
       40200   1.33150005       1.08175397       1.38800001    
       40260   1.32975864       1.08175397       1.38800001    
       40320   1.32210720       1.08061862       1.38800001    
       40380   1.32444823       1.08061862       1.38800001    
       40440   1.32064283       1.07985067       1.38800001    
       40500   1.32064283       1.07985067       1.38800001    
       40560   1.31757140       1.07935834       1.38800001    
       40620   1.31757140       1.07935834       1.38800001    
       40680   1.31610346       1.07892478       1.38800001    
       40740   1.31500006       1.07892478       1.38800001    
       40800   1.31410348       1.07860112       1.38800001    
       40860   1.31282759       1.07860112       1.38800001    
       40920   1.31164289       1.07854617       1.38800001    
       40980   1.31164289       1.07854617       1.38800001    
       41040   1.31075001       1.07884872       1.38800001    
       41100   1.31075001       1.07884872       1.38800001    
       41160   1.31662071       1.07938898       1.38800001    
       41220   1.32256663       1.07938898       1.38800001    
       41280   1.31727588       1.07984900       1.38800001    
       41340   1.31727588       1.07984900       1.38800001    
       41400   1.31676662       1.08013260       1.38800001    
       41460   1.31739998       1.08013260       1.38800001    
       41520   1.31739998       1.08021820       1.38800001    
       41580   1.31776667       1.08021820       1.38800001    
       41640   1.31913793       1.08023536       1.38800001    
       41700   1.31913793       1.08023536       1.38800001    
       41760   1.31910002       1.08023655       1.38800001    
       41820   1.32075858       1.08023655       1.38800001    
       41880   1.32063329       1.07973683       1.38800001    
       41940   1.32193339       1.07973683       1.38800001    
       42000   1.32193339       1.07950199       1.38800001    
       42060   1.32362068       1.07950199       1.38800001    
       42120   1.32375860       1.07972312       1.38800001    
       42180   1.32616663       1.07972312       1.38800001    
       42240   1.32475865       1.08018553       1.38800001    
       42300   1.32426667       1.08018553       1.38800001    
       42360   1.32603443       1.08064985       1.38800001    
       42420   1.32603443       1.08064985       1.38800001    
       42480   1.32486665       1.08085704       1.38800001    
       42540   1.32713795       1.08085704       1.38800001    
       42600   1.32666671       1.08107209       1.38800001    
       42660   1.32848275       1.08107209       1.38800001    
       42720   1.32989657       1.08178604       1.38800001    
       42780   1.32953334       1.08178604       1.38800001    
       42840   1.33099997       1.08248401       1.38800001    
       42900   1.33099997       1.08248401       1.38800001    
       42960   1.33099997       1.08286214       1.38800001    
       43020   1.33189654       1.08286214       1.38800001    
       43080   1.32717860       1.08281326       1.28299999    
       43140   1.32717860       1.08281326       1.28299999    
       43200   1.32689655       1.08269453       1.28299999    
       43260   1.32868969       1.08269453       1.28299999    
       43320   1.33103573       1.08248889       1.28299999    
       43380   1.33086205       1.08248889       1.28299999    
       43440   1.33303571       1.08186746       1.28299999    
       43500   1.33303571       1.08186746       1.28299999    
       43560   1.33255172       1.08099544       1.28299999    
       43620   1.33550000       1.08099544       1.28299999    
       43680   1.33510339       1.07990313       1.28299999    
       43740   1.33742857       1.07990313       1.28299999    
       43800   1.33734488       1.07866693       1.28299999    
       43860   1.34582758       1.07866693       1.28299999    
       43920   1.34582758       1.07725382       1.28299999    
       43980   1.34793329       1.07725382       1.28299999    
       44040   1.34648275       1.07548475       1.28299999    
       44100   1.34663332       1.07548475       1.28299999    
       44160   1.34663332       1.07403874       1.28299999    
       44220   1.34941375       1.07403874       1.28299999    
       44280   1.34926665       1.07287550       1.28299999    
       44340   1.35182762       1.07287550       1.28299999    
       44400   1.35173333       1.07198882       1.28299999    
       44460   1.35479999       1.07198882       1.28299999    
       44520   1.35665512       1.07099056       1.28299999    
       44580   1.35730004       1.07099056       1.28299999    
       44640   1.35730004       1.06983483       1.28299999    
       44700   1.35879314       1.06983483       1.28299999    
       44760   1.35879314       1.06840003       1.28299999    
       44820   1.35989654       1.06840003       1.28299999    
       44880   1.35507143       1.06674302       1.28299999    
       44940   1.35507143       1.06674302       1.28299999    
       45000   1.35507143       1.06515133       1.28299999    
       45060   1.35814285       1.06515133       1.28299999    
       45120   1.36022222       1.06328249       1.28299999    
       45180   1.36022222       1.06328249       1.28299999    
       45240   1.36351848       1.06146407       1.28299999    
       45300   1.36351848       1.06146407       1.28299999    
       45360   1.36450005       1.05972552       1.28299999    
       45420   1.36622226       1.05972552       1.28299999    
       45480   1.36622226       1.05799305       1.28299999    
       45540   1.36811543       1.05799305       1.28299999    
       45600   1.37015998       1.05638897       1.28299999    
       45660   1.37015998       1.05638897       1.28299999    
       45720   1.37015998       1.05473268       1.28299999    
       45780   1.36537504       1.05473268       1.28299999    
       45840   1.36404347       1.05316365       1.28299999    
       45900   1.36404347       1.05316365       1.28299999    
       45960   1.36726081       1.05145252       1.28299999    
       46020   1.36726081       1.05145252       1.28299999    
       46080   1.36820829       1.04958034       1.28299999    
       46140   1.37156522       1.04958034       1.28299999    
       46200   1.37279165       1.04789352       1.28299999    
       46260   1.37539124       1.04789352       1.28299999    
       46320   1.37699997       1.04631376       1.28299999    
       46380   1.38095832       1.04631376       1.28299999    
       46440   1.38365221       1.04440486       1.28299999    
       46500   1.38365221       1.04440486       1.28299999    
       46560   1.39049995       1.04240990       1.28299999    
       46620   1.39675999       1.04240990       1.28299999    
       46680   1.39345837       1.04073632       1.30200005    
       46740   1.39345837       1.04073632       1.30200005    
       46800   1.39408004       1.03955126       1.30200005    
       46860   1.39720833       1.03955126       1.30200005    
       46920   1.40145838       1.03843617       1.30200005    
       46980   1.40139997       1.03843617       1.30200005    
       47040   1.40454161       1.03727269       1.30200005    
       47100   1.40454161       1.03727269       1.30200005    
       47160   1.40460002       1.03658962       1.30200005    
       47220   1.40816665       1.03658962       1.30200005    
       47280   1.40848005       1.03612280       1.30200005    
       47340   1.41199994       1.03612280       1.30200005    
       47400   1.41240001       1.03592789       1.30200005    
       47460   1.41562498       1.03592789       1.30200005    
       47520   1.41104352       1.03602648       1.30200005    
       47580   1.41512501       1.03602648       1.30200005    
       47640   1.41539133       1.03644943       1.30200005    
       47700   1.41479170       1.03644943       1.30200005    
       47760   1.41756523       1.03745389       1.30200005    
       47820   1.41756523       1.03745389       1.30200005    
       47880   1.41712499       1.03798854       1.30200005    
       47940   1.42026091       1.03798854       1.30200005    
       48000   1.41987503       1.03843367       1.30200005    
       48060   1.42308331       1.03843367       1.30200005    
       48120   1.42491305       1.03917563       1.30200005    
       48180   1.42491305       1.03917563       1.30200005    
       48240   1.42747831       1.04020047       1.30200005    
       48300   1.42747831       1.04020047       1.30200005    
       48360   1.43320835       1.04102647       1.30200005    
       48420   1.43900001       1.04102647       1.30200005    
       48480   1.43591666       1.04192579       1.30200005    
       48540   1.43591666       1.04192579       1.30200005    
       48600   1.43524003       1.04293931       1.30200005    
       48660   1.43499994       1.04293931       1.30200005    
       48720   1.43687999       1.04398024       1.30200005    
       48780   1.43687999       1.04398024       1.30200005    
       48840   1.43676925       1.04527175       1.30200005    
       48900   1.43851995       1.04527175       1.30200005    
       48960   1.43853843       1.04662657       1.30200005    
       49020   1.44044006       1.04662657       1.30200005    
       49080   1.44050002       1.04826546       1.30200005    
       49140   1.44092596       1.04826546       1.30200005    
       49200   1.44092596       1.04989982       1.30200005    
       49260   1.44092596       1.04989982       1.30200005    
       49320   1.44732141       1.05136025       1.30200005    
       49380   1.45124137       1.05136025       1.30200005    
       49440   1.45124137       1.05288696       1.30200005    
       49500   1.45159996       1.05288696       1.30200005    
       49560   1.45159996       1.05440056       1.30200005    
       49620   1.45393109       1.05440056       1.30200005    
       49680   1.45423329       1.05604088       1.30200005    
       49740   1.45644832       1.05604088       1.30200005    
       49800   1.45643330       1.05757022       1.30200005    
       49860   1.45853329       1.05757022       1.30200005    
       49920   1.45853329       1.05862617       1.30200005    
       49980   1.46076667       1.05862617       1.30200005    
       50040   1.46248281       1.05968797       1.30200005    
       50100   1.46248281       1.05968797       1.30200005    
       50160   1.46248281       1.06099856       1.30200005    
       50220   1.46524143       1.06099856       1.30200005    
       50280   1.46232140       1.06239426       1.41925001    
       50340   1.46232140       1.06239426       1.41925001    
       50400   1.46251726       1.06379640       1.41925001    
       50460   1.46442854       1.06379640       1.41925001    
       50520   1.46520686       1.06525910       1.41925001    
       50580   1.46817243       1.06525910       1.41925001    
       50640   1.47060716       1.06661999       1.41925001    
       50700   1.47060716       1.06661999       1.41925001    
       50760   1.47141385       1.06820071       1.41925001    
       50820   1.47375000       1.06820071       1.41925001    
       50880   1.47434485       1.06979930       1.41925001    
       50940   1.47642863       1.06979930       1.41925001    
       51000   1.47675860       1.07154286       1.41925001    
       51060   1.48399997       1.07154286       1.41925001    
       51120   1.48399997       1.07307839       1.41925001    
       51180   1.48660004       1.07307839       1.41925001    
       51240   1.48582757       1.07427227       1.41925001    
       51300   1.48520005       1.07427227       1.41925001    
       51360   1.48810339       1.07529366       1.41925001    
       51420   1.48810339       1.07529366       1.41925001    
       51480   1.48780000       1.07577467       1.41925001    
       51540   1.49058616       1.07577467       1.41925001    
       51600   1.49023330       1.07647598       1.41925001    
       51660   1.49296546       1.07647598       1.41925001    
       51720   1.49531031       1.07732809       1.41925001    
       51780   1.49531031       1.07732809       1.41925001    
       51840   1.49513328       1.07763839       1.41925001    
       51900   1.49720693       1.07763839       1.41925001    
       51960   1.49720693       1.07781029       1.41925001    
       52020   1.50027585       1.07781029       1.41925001    
       52080   1.49749994       1.07823658       1.41925001    
       52140   1.49749994       1.07823658       1.41925001    
       52200   1.49686205       1.07875788       1.41925001    
       52260   1.49958622       1.07875788       1.41925001    
       52320   1.50210714       1.07949674       1.41925001    
       52380   1.50189650       1.07949674       1.41925001    
       52440   1.50189650       1.08023036       1.41925001    
       52500   1.50432146       1.08023036       1.41925001    
       52560   1.50420690       1.08111358       1.41925001    
       52620   1.50653577       1.08111358       1.41925001    
       52680   1.50634480       1.08216107       1.41925001    
       52740   1.50827587       1.08216107       1.41925001    
       52800   1.51028574       1.08302820       1.41925001    
       52860   1.51458621       1.08302820       1.41925001    
       52920   1.51458621       1.08376276       1.41925001    
       52980   1.51362073       1.08376276       1.41925001    
       53040   1.51192856       1.08465731       1.41925001    
       53100   1.51117241       1.08465731       1.41925001    
       53160   1.51292861       1.08534145       1.41925001    
       53220   1.51292861       1.08534145       1.41925001    
       53280   1.51206899       1.08566713       1.41925001    
       53340   1.51337934       1.08566713       1.41925001    
       53400   1.51337934       1.08568108       1.41925001    
       53460   1.51513791       1.08568108       1.41925001    
       53520   1.51696432       1.08570933       1.41925001    
       53580   1.51682758       1.08570933       1.41925001    
       53640   1.51810718       1.08591688       1.41925001    
       53700   1.51810718       1.08591688       1.41925001    
       53760   1.51810718       1.08579600       1.41925001    
       53820   1.52279305       1.08579600       1.41925001    
       53880   1.51903570       1.08557427       1.41900003    
       53940   1.51903570       1.08557427       1.41900003    
       54000   1.51868963       1.08581245       1.41900003    
       54060   1.52051723       1.08581245       1.41900003    
       54120   1.52051723       1.08611655       1.41900003    
       54180   1.52113795       1.08611655       1.41900003    
       54240   1.52203572       1.08662796       1.41900003    
       54300   1.52203572       1.08662796       1.41900003    
       54360   1.52182758       1.08774006       1.41900003    
       54420   1.52282143       1.08774006       1.41900003    
       54480   1.52275860       1.08870268       1.41900003    
       54540   1.52389288       1.08870268       1.41900003    
       54600   1.52389657       1.08973300       1.41900003    
       54660   1.52955174       1.08973300       1.41900003    
       54720   1.52589285       1.09056151       1.41900003    
       54780   1.52831030       1.09056151       1.41900003    
       54840   1.52710712       1.09155273       1.41900003    
       54900   1.52710712       1.09155273       1.41900003    
       54960   1.52907145       1.09258068       1.41900003    
       55020   1.52907145       1.09258068       1.41900003    
       55080   1.52882755       1.09324455       1.41900003    
       55140   1.53060710       1.09324455       1.41900003    
       55200   1.53024137       1.09424591       1.41900003    
       55260   1.53144825       1.09424591       1.41900003    
       55320   1.53144825       1.09516108       1.41900003    
       55380   1.53278577       1.09516108       1.41900003    
       55440   1.53306901       1.09572554       1.41900003    
       55500   1.53460717       1.09572554       1.41900003    
       55560   1.53827584       1.09688818       1.41900003    
       55620   1.54296672       1.09688818       1.41900003    
       55680   1.53913796       1.09882057       1.41900003    
       55740   1.53913796       1.09882057       1.41900003    
       55800   1.53910005       1.10052145       1.41900003    
       55860   1.54117239       1.10052145       1.41900003    
       55920   1.54296553       1.10177267       1.41900003    
       55980   1.54306662       1.10177267       1.41900003    
       56040   1.54468966       1.10313821       1.41900003    
       56100   1.54468966       1.10313821       1.41900003    
       56160   1.54466665       1.10488439       1.41900003    
       56220   1.54617238       1.10488439       1.41900003    
       56280   1.54680002       1.10655677       1.41900003    
       56340   1.54903328       1.10655677       1.41900003    
       56400   1.55079305       1.10849297       1.41900003    
       56460   1.55079305       1.10849297       1.41900003    
       56520   1.54778576       1.11059320       1.41900003    
       56580   1.55127585       1.11059320       1.41900003    
       56640   1.54982138       1.11274815       1.41900003    
       56700   1.54999995       1.11274815       1.41900003    
       56760   1.55214286       1.11518812       1.41900003    
       56820   1.55214286       1.11518812       1.41900003    
       56880   1.55237925       1.11752820       1.41900003    
       56940   1.55467856       1.11752820       1.41900003    
       57000   1.55642855       1.11943185       1.41900003    
       57060   1.55651724       1.11943185       1.41900003    
       57120   1.55828571       1.12060428       1.41900003    
       57180   1.55828571       1.12060428       1.41900003    
       57240   1.55999994       1.12161016       1.41900003    
       57300   1.55999994       1.12161016       1.41900003    
       57360   1.56234479       1.12291479       1.41900003    
       57420   1.56589997       1.12291479       1.41900003    
       57480   1.56286204       1.12487245       1.47899997    
       57540   1.56286204       1.12487245       1.47899997    
       57600   1.56120002       1.12755334       1.47899997    
       57660   1.56106663       1.12755334       1.47899997    
       57720   1.56244826       1.13013875       1.47899997    
       57780   1.56244826       1.13013875       1.47899997    
       57840   1.56258619       1.13266230       1.47899997    
       57900   1.56258619       1.13266230       1.47899997    
       57960   1.56066668       1.13490081       1.47899997    
       58020   1.56220686       1.13490081       1.47899997    
       58080   1.56016672       1.13652337       1.47899997    
       58140   1.55986667       1.13652337       1.47899997    
       58200   1.55986667       1.13875258       1.47899997    
       58260   1.56369996       1.13875258       1.47899997    
       58320   1.56072414       1.14133704       1.47899997    
       58380   1.56219995       1.14133704       1.47899997    
       58440   1.56103444       1.14398539       1.47899997    
       58500   1.55926669       1.14398539       1.47899997    
       58560   1.55926669       1.14667523       1.47899997    
       58620   1.56055176       1.14667523       1.47899997    
       58680   1.55879998       1.14921868       1.47899997    
       58740   1.56006896       1.14921868       1.47899997    
       58800   1.55833328       1.15215528       1.47899997    
       58860   1.55965519       1.15215528       1.47899997    
       58920   1.55944824       1.15550637       1.47899997    
       58980   1.55803335       1.15550637       1.47899997    
       59040   1.55803335       1.15868318       1.47899997    
       59100   1.55862069       1.15868318       1.47899997    
       59160   1.55862069       1.16131186       1.47899997    
       59220   1.55924141       1.16131186       1.47899997    
       59280   1.55496430       1.16332698       1.47899997    
       59340   1.55496430       1.16332698       1.47899997    
       59400   1.55341375       1.16470397       1.47899997    
       59460   1.55396426       1.16470397       1.47899997    
       59520   1.55231035       1.16646671       1.47899997    
       59580   1.55065513       1.16646671       1.47899997    
       59640   1.55082142       1.16865611       1.47899997    
       59700   1.54955173       1.16865611       1.47899997    
       59760   1.54955173       1.17041135       1.47899997    
       59820   1.54974997       1.17041135       1.47899997    
       59880   1.54831040       1.17222130       1.47899997    
       59940   1.54771423       1.17222130       1.47899997    
       60000   1.54550004       1.17439604       1.47899997    
       60060   1.54813790       1.17439604       1.47899997    
       60120   1.54813790       1.17591071       1.47899997    
       60180   1.54873335       1.17591071       1.47899997    
       60240   1.54527581       1.17822862       1.47899997    
       60300   1.54527581       1.17822862       1.47899997    
       60360   1.54231036       1.17982960       1.47899997    
       60420   1.54231036       1.17982960       1.47899997    
       60480   1.54009998       1.18135452       1.47899997    
       60540   1.53944826       1.18135452       1.47899997    
       60600   1.53743339       1.18336463       1.47899997    
       60660   1.53533328       1.18336463       1.47899997    
       60720   1.53451729       1.18605673       1.47899997    
       60780   1.53279996       1.18605673       1.47899997    
       60840   1.53279996       1.18966639       1.47899997    
       60900   1.53182757       1.18966639       1.47899997    
       60960   1.53433335       1.19342184       1.47899997    
       61020   1.53390002       1.19342184       1.47899997    
       61080   1.52924132       1.19702280       1.53799999    
       61140   1.52924132       1.19702280       1.53799999    
       61200   1.52716672       1.20039928       1.53799999    
       61260   1.52765512       1.20039928       1.53799999    
       61320   1.52662075       1.20327449       1.53799999    
       61380   1.52499998       1.20327449       1.53799999    
       61440   1.52499998       1.20579135       1.53799999    
       61500   1.52393329       1.20579135       1.53799999    
       61560   1.52393329       1.20843720       1.53799999    
       61620   1.52458620       1.20843720       1.53799999    
       61680   1.52323329       1.21106505       1.53799999    
       61740   1.52400005       1.21106505       1.53799999    
       61800   1.52324140       1.21387303       1.53799999    
       61860   1.52324140       1.21387303       1.53799999    
       61920   1.51910710       1.21567631       1.53799999    
       61980   1.52124143       1.21567631       1.53799999    
       62040   1.51824999       1.21642387       1.53799999    
       62100   1.51824999       1.21642387       1.53799999    
       62160   1.51710713       1.21725595       1.53799999    
       62220   1.51710713       1.21725595       1.53799999    
       62280   1.51579309       1.21816349       1.53799999    
       62340   1.51607144       1.21816349       1.53799999    
       62400   1.51479316       1.21974695       1.53799999    
       62460   1.51362073       1.21974695       1.53799999    
       62520   1.51362073       1.22130418       1.53799999    
       62580   1.51231039       1.22130418       1.53799999    
       62640   1.51214290       1.22249091       1.53799999    
       62700   1.51214290       1.22249091       1.53799999    
       62760   1.51534486       1.22398937       1.53799999    
       62820   1.51913333       1.22398937       1.53799999    
       62880   1.51431036       1.22626197       1.53799999    
       62940   1.51431036       1.22626197       1.53799999    
       63000   1.51259995       1.22903073       1.53799999    
       63060   1.51133335       1.22903073       1.53799999    
       63120   1.51133335       1.23054349       1.53799999    
       63180   1.51043332       1.23054349       1.53799999    
       63240   1.51072419       1.23195124       1.53799999    
       63300   1.51072419       1.23195124       1.53799999    
       63360   1.50962067       1.23334849       1.53799999    
       63420   1.50962067       1.23334849       1.53799999    
       63480   1.50883329       1.23490512       1.53799999    
       63540   1.50806665       1.23490512       1.53799999    
       63600   1.50806665       1.23608911       1.53799999    
       63660   1.50813794       1.23608911       1.53799999    
       63720   1.50407147       1.23692191       1.53799999    
       63780   1.50737929       1.23692191       1.53799999    
       63840   1.50528574       1.23815215       1.53799999    
       63900   1.50528574       1.23815215       1.53799999    
       63960   1.50534487       1.23809052       1.53799999    
       64020   1.50720692       1.23809052       1.53799999    
       64080   1.50720692       1.23925793       1.53799999    
       64140   1.50832140       1.23925793       1.53799999    
       64200   1.50872409       1.24020696       1.53799999    
       64260   1.51065516       1.24020696       1.53799999    
       64320   1.51150000       1.24058044       1.53799999    
       64380   1.51150000       1.24058044       1.53799999    
       64440   1.51360714       1.24080598       1.53799999    
       64500   1.51360714       1.24080598       1.53799999    
       61080   9999.00000       9999.00000       1.50999999    
       61140   9999.00000       9999.00000       1.50999999    
