 20190508
 Seconds  Measures(PWV-mm)  Meso-NH(PWV-mm)  FORECAST_AR(PWV-mm)
        7080   9.59637547       7.41014719       13.2720003    
        7140   9.59637547       7.41014719       13.2720003    
        7200   9.62259960       7.40239286       13.2720003    
        7260   9.57766628       7.40239286       13.2720003    
        7320   9.56916046       7.39512014       13.2720003    
        7380   9.57054138       7.39512014       13.2720003    
        7440   9.55912018       7.38759995       13.2720003    
        7500   9.56424999       7.38759995       13.2720003    
        7560   9.55823994       7.38138151       13.2720003    
        7620   9.56550026       7.38138151       13.2720003    
        7680   9.56215954       7.37681007       13.2720003    
        7740   9.56499958       7.37681007       13.2720003    
        7800   9.56367970       7.37267017       13.2720003    
        7860   9.56816673       7.37267017       13.2720003    
        7920   9.56816673       7.36965561       13.2720003    
        7980   9.56816673       7.36965561       13.2720003    
        8040   9.56816673       7.36718369       13.2720003    
        8100   9.56816673       7.36718369       13.2720003    
        8160   9.56519985       7.36556768       13.2720003    
        8220   9.56908321       7.36556768       13.2720003    
        8280   9.56916714       7.36445141       13.2720003    
        8340   9.56916714       7.36445141       13.2720003    
        8400   9.56483364       7.36359978       13.2720003    
        8460   9.55928040       7.36359978       13.2720003    
        8520   9.55928040       7.36328697       13.2720003    
        8580   9.55747986       7.36328697       13.2720003    
        8640   9.55747986       7.36322069       13.2720003    
        8700   9.55858326       7.36322069       13.2720003    
        8760   9.55858326       7.36183262       13.2720003    
        8820   9.55858326       7.36183262       13.2720003    
        8880   9.55858326       7.35959673       13.2720003    
        8940   9.55858326       7.35959673       13.2720003    
        9000   9.59683990       7.35758257       13.2720003    
        9060   9.55737495       7.35758257       13.2720003    
        9120   9.55296040       7.35419178       13.2720003    
        9180   9.55320835       7.35419178       13.2720003    
        9240   9.55300045       7.35049582       13.2720003    
        9300   9.55495834       7.35049582       13.2720003    
        9360   9.55276012       7.34670591       13.2720003    
        9420   9.55529213       7.34670591       13.2720003    
        9480   9.54932022       7.34276819       13.2720003    
        9540   9.55329132       7.34276819       13.2720003    
        9600   9.55191994       7.33948612       13.2720003    
        9660   9.55974960       7.33948612       13.2720003    
        9720   9.55974960       7.33748150       13.2720003    
        9780   9.61540031       7.33748150       13.2720003    
        9840   9.56204128       7.33535433       13.2720003    
        9900   9.56204128       7.33535433       13.2720003    
        9960   9.54924011       7.33422852       13.2720003    
       10020   9.56216621       7.33422852       13.2720003    
       10080   9.54724026       7.33259726       13.2720003    
       10140   9.55558300       7.33259726       13.2720003    
       10200   9.56149960       7.32994986       13.2720003    
       10260   9.56149960       7.32994986       13.2720003    
       10320   9.56995869       7.32663012       13.2720003    
       10380   9.56995869       7.32663012       13.2720003    
       10440   9.58199978       7.32346344       13.2720003    
       10500   9.58199978       7.32346344       13.2720003    
       10560   9.57851982       7.32007599       13.2720003    
       10620   9.57851982       7.32007599       13.2720003    
       10680   9.56887531       7.31735325       10.5439997    
       10740   9.56887531       7.31735325       10.5439997    
       10800   9.60367966       7.31386185       10.5439997    
       10860   9.56608009       7.31386185       10.5439997    
       10920   9.56608009       7.30829954       10.5439997    
       10980   9.56480026       7.30829954       10.5439997    
       11040   9.56480026       7.30149698       10.5439997    
       11100   9.56768036       7.30149698       10.5439997    
       11160   9.56768036       7.29461765       10.5439997    
       11220   9.57408333       7.29461765       10.5439997    
       11280   9.56328011       7.28741789       10.5439997    
       11340   9.55272007       7.28741789       10.5439997    
       11400   9.55272007       7.28119278       10.5439997    
       11460   9.55420017       7.28119278       10.5439997    
       11520   9.55420017       7.27614117       10.5439997    
       11580   9.60111523       7.27614117       10.5439997    
       11640   9.60111523       7.27171040       10.5439997    
       11700   9.60111523       7.27171040       10.5439997    
       11760   9.58974075       7.26760244       10.5439997    
       11820   9.59342289       7.26760244       10.5439997    
       11880   9.58314800       7.26463366       10.5439997    
       11940   9.57833290       7.26463366       10.5439997    
       12000   9.57833290       7.26197386       10.5439997    
       12060   9.58265400       7.26197386       10.5439997    
       12120   9.57711506       7.25992250       10.5439997    
       12180   9.57711506       7.25992250       10.5439997    
       12240   9.56919193       7.25693560       10.5439997    
       12300   9.56066704       7.25693560       10.5439997    
       12360   9.56066704       7.25385475       10.5439997    
       12420   9.56746387       7.25385475       10.5439997    
       12480   9.56746387       7.25119209       10.5439997    
       12540   9.56746387       7.25119209       10.5439997    
       12600   9.59586239       7.24928331       10.5439997    
       12660   9.56303596       7.24928331       10.5439997    
       12720   9.55641365       7.24528360       10.5439997    
       12780   9.56032181       7.24528360       10.5439997    
       12840   9.55206871       7.24141645       10.5439997    
       12900   9.55221462       7.24141645       10.5439997    
       12960   9.54417229       7.23820591       10.5439997    
       13020   9.54574966       7.23820591       10.5439997    
       13080   9.53641415       7.23442030       10.5439997    
       13140   9.54107189       7.23442030       10.5439997    
       13200   9.53100014       7.23137283       10.5439997    
       13260   9.53142834       7.23137283       10.5439997    
       13320   9.53142834       7.23039246       10.5439997    
       13380   9.57624149       7.23039246       10.5439997    
       13440   9.52714252       7.22919226       10.5439997    
       13500   9.52714252       7.22919226       10.5439997    
       13560   9.51848316       7.22810841       10.5439997    
       13620   9.52835751       7.22810841       10.5439997    
       13680   9.51903439       7.22448397       10.5439997    
       13740   9.53082180       7.22448397       10.5439997    
       13800   9.52010345       7.22103500       10.5439997    
       13860   9.52657127       7.22103500       10.5439997    
       13920   9.51572418       7.21660614       10.5439997    
       13980   9.52057171       7.21660614       10.5439997    
       14040   9.50924110       7.21342850       10.5439997    
       14100   9.50882149       7.21342850       10.5439997    
       14160   9.49865532       7.21089315       10.5439997    
       14220   9.50134468       7.21089315       10.5439997    
       14280   9.50134468       7.20945406       10.5150003    
       14340   9.50134468       7.20945406       10.5150003    
       14400   9.52156639       7.20905876       10.5150003    
       14460   9.48993111       7.20905876       10.5150003    
       14520   9.48075867       7.21035242       10.5150003    
       14580   9.48075867       7.21035242       10.5150003    
       14640   9.46986198       7.21257925       10.5150003    
       14700   9.46986198       7.21257925       10.5150003    
       14760   9.46137905       7.21425486       10.5150003    
       14820   9.46137905       7.21425486       10.5150003    
       14880   9.44966698       7.21458626       10.5150003    
       14940   9.45468998       7.21458626       10.5150003    
       15000   9.44799995       7.21652937       10.5150003    
       15060   9.44226646       7.21652937       10.5150003    
       15120   9.43789673       7.21763229       10.5150003    
       15180   9.46980000       7.21763229       10.5150003    
       15240   9.42482758       7.21674871       10.5150003    
       15300   9.42482758       7.21674871       10.5150003    
       15360   9.40923309       7.21407795       10.5150003    
       15420   9.41320705       7.21407795       10.5150003    
       15480   9.39820004       7.21100187       10.5150003    
       15540   9.40103436       7.21100187       10.5150003    
       15600   9.39075851       7.20636988       10.5150003    
       15660   9.39075851       7.20636988       10.5150003    
       15720   9.37833309       7.19992208       10.5150003    
       15780   9.37290001       7.19992208       10.5150003    
       15840   9.37290001       7.19184446       10.5150003    
       15900   9.36940002       7.19184446       10.5150003    
       15960   9.37044811       7.18473816       10.5150003    
       16020   9.37283325       7.18473816       10.5150003    
       16080   9.35979271       7.17850876       10.5150003    
       16140   9.35979271       7.17850876       10.5150003    
       16200   9.37596703       7.17301226       10.5150003    
       16260   9.34096527       7.17301226       10.5150003    
       16320   9.32970047       7.16611290       10.5150003    
       16380   9.32827568       7.16611290       10.5150003    
       16440   9.31623363       7.16043282       10.5150003    
       16500   9.31606865       7.16043282       10.5150003    
       16560   9.30550003       7.15391016       10.5150003    
       16620   9.30503464       7.15391016       10.5150003    
       16680   9.29066658       7.14507627       10.5150003    
       16740   9.29120731       7.14507627       10.5150003    
       16800   9.28653336       7.13528156       10.5150003    
       16860   9.29126644       7.13528156       10.5150003    
       16920   9.29126644       7.12396669       10.5150003    
       16980   9.33864498       7.12396669       10.5150003    
       17040   9.28890038       7.11088943       10.5150003    
       17100   9.27890301       7.11088943       10.5150003    
       17160   9.27890301       7.10046959       10.5150003    
       17220   9.27835464       7.10046959       10.5150003    
       17280   9.27835464       7.08934927       10.5150003    
       17340   9.27180672       7.08934927       10.5150003    
       17400   9.27180672       7.08063173       10.5150003    
       17460   9.27525806       7.08063173       10.5150003    
       17520   9.27525806       7.07293844       10.5150003    
       17580   9.27700043       7.07293844       10.5150003    
       17640   9.27700043       7.06371069       10.5150003    
       17700   9.27983379       7.06371069       10.5150003    
       17760   9.28416157       7.05017233       10.5150003    
       17820   9.30422592       7.05017233       10.5150003    
       17880   9.29526711       7.03540182       10.3909998    
       17940   9.29526711       7.03540182       10.3909998    
       18000   9.32825851       7.01993656       10.3909998    
       18060   9.30226707       7.01993656       10.3909998    
       18120   9.30570984       7.00384045       10.3909998    
       18180   9.31436634       7.00384045       10.3909998    
       18240   9.32122612       6.98571825       10.3909998    
       18300   9.33136654       6.98571825       10.3909998    
       18360   9.33612919       6.96793842       10.3909998    
       18420   9.34363365       6.96793842       10.3909998    
       18480   9.35141945       6.95090723       10.3909998    
       18540   9.35946655       6.95090723       10.3909998    
       18600   9.36845207       6.93372345       10.3909998    
       18660   9.37993336       6.93372345       10.3909998    
       18720   9.38351727       6.91549349       10.3909998    
       18780   9.43446636       6.91549349       10.3909998    
       18840   9.40134525       6.89989519       10.3909998    
       18900   9.40134525       6.89989519       10.3909998    
       18960   9.40333366       6.88516045       10.3909998    
       19020   9.41872406       6.88516045       10.3909998    
       19080   9.42076683       6.87294436       10.3909998    
       19140   9.43655205       6.87294436       10.3909998    
       19200   9.44143295       6.86005068       10.3909998    
       19260   9.45655155       6.86005068       10.3909998    
       19320   9.46276665       6.84385586       10.3909998    
       19380   9.47810364       6.84385586       10.3909998    
       19440   9.49396515       6.82761669       10.3909998    
       19500   9.49396515       6.82761669       10.3909998    
       19560   9.50650024       6.81273556       10.3909998    
       19620   9.50650024       6.81273556       10.3909998    
       19680   9.50888920       6.79993296       10.3909998    
       19740   9.50888920       6.79993296       10.3909998    
       19800   9.55310726       6.78705072       10.3909998    
       19860   9.54229641       6.78705072       10.3909998    
       19920   9.54710674       6.77316141       10.3909998    
       19980   9.56725883       6.77316141       10.3909998    
       20040   9.57335758       6.75878906       10.3909998    
       20100   9.60085678       6.75878906       10.3909998    
       20160   9.60085678       6.74440479       10.3909998    
       20220   9.62782097       6.74440479       10.3909998    
       20280   9.62782097       6.72998810       10.3909998    
       20340   9.65507126       6.72998810       10.3909998    
       20400   9.65507126       6.71699953       10.3909998    
       20460   9.67374039       6.71699953       10.3909998    
       20520   9.68461514       6.70563507       10.3909998    
       20580   9.68461514       6.70563507       10.3909998    
       20640   9.64159966       6.69621944       10.3909998    
       20700   9.64159966       6.69621944       10.3909998    
       20760   9.66888046       6.68512344       10.3909998    
       20820   9.66546154       6.68512344       10.3909998    
       20880   9.68171978       6.67225027       10.3909998    
       20940   9.67792320       6.67225027       10.3909998    
       21000   9.70283985       6.66050386       10.3909998    
       21060   9.69880772       6.66050386       10.3909998    
       21120   9.71368027       6.64936781       10.3909998    
       21180   9.71034622       6.64936781       10.3909998    
       21240   9.72811985       6.63689184       10.3909998    
       21300   9.72811985       6.63689184       10.3909998    
       21360   9.72811985       6.62628555       10.3909998    
       21420   9.74120808       6.62628555       10.3909998    
       21480   9.73708725       6.61986351       9.84500027    
       21540   9.73708725       6.61986351       9.84500027    
       21600   9.77274990       6.61496782       9.84500027    
       21660   9.74004173       6.61496782       9.84500027    
       21720   9.74004173       6.60972023       9.84500027    
       21780   9.74487495       6.60972023       9.84500027    
       21840   9.74487495       6.60343838       9.84500027    
       21900   9.75434780       6.60343838       9.84500027    
       21960   9.75033379       6.59641123       9.84500027    
       22020   9.76213074       6.59641123       9.84500027    
       22080   9.75533295       6.58938122       9.84500027    
       22140   9.75804138       6.58938122       9.84500027    
       22200   9.75804138       6.58594656       9.84500027    
       22260   9.76326084       6.58594656       9.84500027    
       22320   9.76326084       6.58274508       9.84500027    
       22380   9.76326084       6.58274508       9.84500027    
       22440   9.71104527       6.57754230       9.84500027    
       22500   9.71104527       6.57754230       9.84500027    
       22560   9.71573925       6.57112169       9.84500027    
       22620   9.72731781       6.57112169       9.84500027    
       22680   9.73339176       6.56562281       9.84500027    
       22740   9.74490929       6.56562281       9.84500027    
       22800   9.74621773       6.55719423       9.84500027    
       22860   9.75363636       6.55719423       9.84500027    
       22920   9.75312996       6.54776287       9.84500027    
       22980   9.75795650       6.54776287       9.84500027    
       23040   9.75795650       6.54120016       9.84500027    
       23100   9.76609135       6.54120016       9.84500027    
       23160   9.76609135       6.53473902       9.84500027    
       23220   9.76609135       6.53473902       9.84500027    
       23280   9.76609135       6.52859449       9.84500027    
       23340   9.76609135       6.52859449       9.84500027    
       23400   9.95173931       6.52022886       9.84500027    
       23460   9.89956474       6.52022886       9.84500027    
       23520   9.89956474       6.51150751       9.84500027    
       23580   9.89534760       6.51150751       9.84500027    
       23640   9.89534760       6.50261688       9.84500027    
       23700   9.90250015       6.50261688       9.84500027    
       23760   9.91038132       6.49453068       9.84500027    
       23820   9.91038132       6.49453068       9.84500027    
       23880   9.91819954       6.48740673       9.84500027    
       23940   9.91819954       6.48740673       9.84500027    
       24000   9.93299961       6.48378372       9.84500027    
       24060   9.93299961       6.48378372       9.84500027    
       24120   9.93299961       6.48014402       9.84500027    
       24180   9.93299961       6.48014402       9.84500027    
       24240   9.93299961       6.47490978       9.84500027    
       24300   9.90130043       6.47490978       9.84500027    
       24360   9.90130043       6.46782684       9.84500027    
       24420   9.88339996       6.46782684       9.84500027    
       24480   9.89936829       6.46230555       9.84500027    
       24540   9.87170029       6.46230555       9.84500027    
       24600   9.88689518       6.45775747       9.84500027    
       24660   9.86019993       6.45775747       9.84500027    
       24720   9.87399960       6.45154810       9.84500027    
       24780   9.84819984       6.45154810       9.84500027    
       24840   9.85984230       6.44283581       9.84500027    
       24900   9.85984230       6.44283581       9.84500027    
       24960   9.85984230       6.43117523       9.84500027    
       25020   9.85190010       6.43117523       9.84500027    
       25080   9.85190010       6.41796684       10.7469997    
       25140   9.85190010       6.41796684       10.7469997    
       25200   9.87433338       6.40335846       10.7469997    
       25260   9.80399990       6.40335846       10.7469997    
       25320   9.81754971       6.38766098       10.7469997    
       25380   9.81754971       6.38766098       10.7469997    
       25440   9.79619980       6.37185097       10.7469997    
       25500   9.75723839       6.37185097       10.7469997    
       25560   9.75723839       6.35637569       10.7469997    
       25620   9.76220036       6.35637569       10.7469997    
       25680   9.72595215       6.34182596       10.7469997    
       25740   9.69299984       6.34182596       10.7469997    
       25800   9.69515038       6.32702589       10.7469997    
       25860   9.69515038       6.32702589       10.7469997    
       25920   9.69515038       6.30894136       10.7469997    
       25980   9.73361874       6.30894136       10.7469997    
       26040   9.73361874       6.29177046       10.7469997    
       26100   9.73361874       6.29177046       10.7469997    
       26160   9.69236374       6.27672529       10.7469997    
       26220   9.68633366       6.27672529       10.7469997    
       26280   9.65109062       6.26239586       10.7469997    
       26340   9.64080906       6.26239586       10.7469997    
       26400   9.60495472       6.24669123       10.7469997    
       26460   9.56713676       6.24669123       10.7469997    
       26520   9.56713676       6.23089218       10.7469997    
       26580   9.53081799       6.23089218       10.7469997    
       26640   9.52019024       6.21321440       10.7469997    
       26700   9.50772762       6.21321440       10.7469997    
       26760   9.50772762       6.19495392       10.7469997    
       26820   9.50152206       6.19495392       10.7469997    
       26880   9.50152206       6.17746162       10.7469997    
       26940   9.50152206       6.17746162       10.7469997    
       27000   9.51337528       6.15759754       10.7469997    
       27060   9.31673908       6.15759754       10.7469997    
       27120   9.27999973       6.13699245       10.7469997    
       27180   9.27999973       6.13699245       10.7469997    
       27240   9.24108696       6.11548853       10.7469997    
       27300   9.22074986       6.11548853       10.7469997    
       27360   9.22074986       6.09306717       10.7469997    
       27420   9.20287991       6.09306717       10.7469997    
       27480   9.20287991       6.06887293       10.7469997    
       27540   9.19103813       6.06887293       10.7469997    
       27600   9.19103813       6.04410458       10.7469997    
       27660   9.19451809       6.04410458       10.7469997    
       27720   9.19451809       6.01595449       10.7469997    
       27780   9.24671459       6.01595449       10.7469997    
       27840   9.24671459       5.98741007       10.7469997    
       27900   9.24671459       5.98741007       10.7469997    
       27960   9.23310757       5.95900202       10.7469997    
       28020   9.22589684       5.95900202       10.7469997    
       28080   9.22314262       5.93003035       10.7469997    
       28140   9.21358585       5.93003035       10.7469997    
       28200   9.20885754       5.90089703       10.7469997    
       28260   9.19703484       5.90089703       10.7469997    
       28320   9.19146442       5.87100363       10.7469997    
       28380   9.18196583       5.87100363       10.7469997    
       28440   9.17567825       5.84403706       10.7469997    
       28500   9.17567825       5.84403706       10.7469997    
       28560   9.17313766       5.81604481       10.7469997    
       28620   9.17823315       5.81604481       10.7469997    
       28680   9.16020679       5.79112911       14.0360003    
       28740   9.16020679       5.79112911       14.0360003    
       28800   9.17956638       5.77042103       14.0360003    
       28860   9.14013767       5.77042103       14.0360003    
       28920   9.12682724       5.74780464       14.0360003    
       28980   9.12682724       5.74780464       14.0360003    
       29040   9.11283302       5.72344398       14.0360003    
       29100   9.11334515       5.72344398       14.0360003    
       29160   9.10248280       5.69878054       14.0360003    
       29220   9.10248280       5.69878054       14.0360003    
       29280   9.08800030       5.67527437       14.0360003    
       29340   9.09099960       5.67527437       14.0360003    
       29400   9.08417225       5.65274334       14.0360003    
       29460   9.08426666       5.65274334       14.0360003    
       29520   9.08426666       5.62827063       14.0360003    
       29580   9.12193584       5.62827063       14.0360003    
       29640   9.07590008       5.60509682       14.0360003    
       29700   9.05745125       5.60509682       14.0360003    
       29760   9.05745125       5.58186197       14.0360003    
       29820   9.04593563       5.58186197       14.0360003    
       29880   9.04593563       5.55855274       14.0360003    
       29940   9.05043316       5.55855274       14.0360003    
       30000   9.03783894       5.53105593       14.0360003    
       30060   9.02864552       5.53105593       14.0360003    
       30120   9.03149986       5.50329781       14.0360003    
       30180   9.01812935       5.50329781       14.0360003    
       30240   9.02063370       5.47730350       14.0360003    
       30300   9.01570988       5.47730350       14.0360003    
       30360   9.00803375       5.45479488       14.0360003    
       30420   9.00738716       5.45479488       14.0360003    
       30480   8.99546623       5.43153000       14.0360003    
       30540   8.99546623       5.43153000       14.0360003    
       30600   9.01229000       5.40741587       14.0360003    
       30660   8.96229076       5.40741587       14.0360003    
       30720   8.96229076       5.38450813       14.0360003    
       30780   8.94922543       5.38450813       14.0360003    
       30840   8.94922543       5.36192894       14.0360003    
       30900   8.93770981       5.36192894       14.0360003    
       30960   8.94386673       5.33927488       14.0360003    
       31020   8.92761326       5.33927488       14.0360003    
       31080   8.93273354       5.31627607       14.0360003    
       31140   8.93273354       5.31627607       14.0360003    
       31200   8.91336632       5.29340029       14.0360003    
       31260   8.91141891       5.29340029       14.0360003    
       31320   8.89896679       5.26965189       14.0360003    
       31380   8.93412876       5.26965189       14.0360003    
       31440   8.87673378       5.24667168       14.0360003    
       31500   8.87673378       5.24667168       14.0360003    
       31560   8.85993576       5.22543001       14.0360003    
       31620   8.85799980       5.22543001       14.0360003    
       31680   8.83556652       5.20762491       14.0360003    
       31740   8.83556652       5.20762491       14.0360003    
       31800   8.81983376       5.19026518       14.0360003    
       31860   8.81983376       5.19026518       14.0360003    
       31920   8.80393314       5.17202091       14.0360003    
       31980   8.80393314       5.17202091       14.0360003    
       32040   8.78456688       5.15277767       14.0360003    
       32100   8.78456688       5.15277767       14.0360003    
       32160   8.78364563       5.13179779       14.0360003    
       32220   8.77893543       5.13179779       14.0360003    
       32280   8.76070023       5.11230278       9.78600025    
       32340   8.76070023       5.11230278       9.78600025    
       32400   8.77716160       5.09263277       9.78600025    
       32460   8.74503326       5.09263277       9.78600025    
       32520   8.73196793       5.06963015       9.78600025    
       32580   8.73203373       5.06963015       9.78600025    
       32640   8.71635437       5.04917765       9.78600025    
       32700   8.71666622       5.04917765       9.78600025    
       32760   8.70096779       5.03000450       9.78600025    
       32820   8.70223331       5.03000450       9.78600025    
       32880   8.68625832       5.01286936       9.78600025    
       32940   8.68686676       5.01286936       9.78600025    
       33000   8.67125797       4.99435186       9.78600025    
       33060   8.66874218       4.99435186       9.78600025    
       33120   8.65480042       4.97592115       9.78600025    
       33180   8.68183899       4.97592115       9.78600025    
       33240   8.62950039       4.96071863       9.78600025    
       33300   8.62950039       4.96071863       9.78600025    
       33360   8.61366653       4.94364882       9.78600025    
       33420   8.61366653       4.94364882       9.78600025    
       33480   8.59643364       4.92658281       9.78600025    
       33540   8.57512856       4.92658281       9.78600025    
       33600   8.57512856       4.90835142       9.78600025    
       33660   8.57229996       4.90835142       9.78600025    
       33720   8.54956627       4.89292192       9.78600025    
       33780   8.54956627       4.89292192       9.78600025    
       33840   8.52553368       4.87964296       9.78600025    
       33900   8.52203178       4.87964296       9.78600025    
       33960   8.51049995       4.86567640       9.78600025    
       34020   8.50322628       4.86567640       9.78600025    
       34080   8.48706627       4.85083628       9.78600025    
       34140   8.48706627       4.85083628       9.78600025    
       34200   8.49596786       4.83746862       9.78600025    
       34260   8.46193314       4.83746862       9.78600025    
       34320   8.44416714       4.82518482       9.78600025    
       34380   8.44416714       4.82518482       9.78600025    
       34440   8.42510033       4.81419802       9.78600025    
       34500   8.42510033       4.81419802       9.78600025    
       34560   8.40310001       4.80343437       9.78600025    
       34620   8.40310001       4.80343437       9.78600025    
       34680   8.37919998       4.79343224       9.78600025    
       34740   8.37919998       4.79343224       9.78600025    
       34800   8.35716152       4.78372240       9.78600025    
       34860   8.35025787       4.78372240       9.78600025    
       34920   8.33349991       4.77676010       9.78600025    
       34980   8.35954857       4.77676010       9.78600025    
       35040   8.30523300       4.77295113       9.78600025    
       35100   8.30523300       4.77295113       9.78600025    
       35160   8.28129005       4.76902390       9.78600025    
       35220   8.27880001       4.76902390       9.78600025    
       35280   8.25399971       4.76380205       9.78600025    
       35340   8.22896767       4.76380205       9.78600025    
       35400   8.22896767       4.75790405       9.78600025    
       35460   8.19970989       4.75790405       9.78600025    
       35520   8.19970989       4.75455856       9.78600025    
       35580   8.16816139       4.75455856       9.78600025    
       35640   8.16816139       4.75048542       9.78600025    
       35700   8.14683914       4.75048542       9.78600025    
       35760   8.14683914       4.74584723       9.78600025    
       35820   8.11293507       4.74584723       9.78600025    
       35880   8.08483315       4.74287462       9.51700020    
       35940   8.08483315       4.74287462       9.51700020    
       36000   8.08341980       4.74070358       9.51700020    
       36060   8.01577377       4.74070358       9.51700020    
       36120   8.01577377       4.73769331       9.51700020    
       36180   7.97422600       4.73769331       9.51700020    
       36240   7.97422600       4.73638439       9.51700020    
       36300   7.93303204       4.73638439       9.51700020    
       36360   7.93303204       4.73520088       9.51700020    
       36420   7.92313337       4.73520088       9.51700020    
       36480   7.89083862       4.73331690       9.51700020    
       36540   7.88030005       4.73331690       9.51700020    
       36600   7.84929037       4.73013735       9.51700020    
       36660   7.82154846       4.73013735       9.51700020    
       36720   7.79456663       4.72767353       9.51700020    
       36780   7.80958080       4.72767353       9.51700020    
       36840   7.75346661       4.72412348       9.51700020    
       36900   7.75346661       4.72412348       9.51700020    
       36960   7.72432280       4.72066545       9.51700020    
       37020   7.71416664       4.72066545       9.51700020    
       37080   7.68270969       4.71833181       9.51700020    
       37140   7.67373323       4.71833181       9.51700020    
       37200   7.63073349       4.71607018       9.51700020    
       37260   7.63073349       4.71607018       9.51700020    
       37320   7.59696770       4.71439695       9.51700020    
       37380   7.58736658       4.71439695       9.51700020    
       37440   7.55238724       4.71360922       9.51700020    
       37500   7.51496792       4.71360922       9.51700020    
       37560   7.48490000       4.71189642       9.51700020    
       37620   7.47106457       4.71189642       9.51700020    
       37680   7.44393349       4.71004581       9.51700020    
       37740   7.44393349       4.71004581       9.51700020    
       37800   7.44212914       4.70718670       9.51700020    
       37860   7.39809990       4.70718670       9.51700020    
       37920   7.36845160       4.70368767       9.51700020    
       37980   7.35729980       4.70368767       9.51700020    
       38040   7.32632256       4.70091820       9.51700020    
       38100   7.31303310       4.70091820       9.51700020    
       38160   7.28380632       4.69812059       9.51700020    
       38220   7.27099991       4.69812059       9.51700020    
       38280   7.24729013       4.69679403       9.51700020    
       38340   7.23143339       4.69679403       9.51700020    
       38400   7.21132278       4.69542313       9.51700020    
       38460   7.18996763       4.69542313       9.51700020    
       38520   7.15963316       4.69473791       9.51700020    
       38580   7.19470978       4.69473791       9.51700020    
       38640   7.12983322       4.69231558       9.51700020    
       38700   7.12983322       4.69231558       9.51700020    
       38760   7.11841917       4.68800306       9.51700020    
       38820   7.08787107       4.68800306       9.51700020    
       38880   7.08787107       4.68427563       9.51700020    
       38940   7.05600023       4.68427563       9.51700020    
       39000   7.03870010       4.68232870       9.51700020    
       39060   7.01419353       4.68232870       9.51700020    
       39120   6.99576664       4.67913580       9.51700020    
       39180   6.96851635       4.67913580       9.51700020    
       39240   6.95376682       4.67343664       9.51700020    
       39300   6.93948364       4.67343664       9.51700020    
       39360   6.91499996       4.66863203       9.51700020    
       39420   6.90422583       4.66863203       9.51700020    
       39480   6.87753344       4.66568756       8.76299953    
       39540   6.87753344       4.66568756       8.76299953    
       39600   6.87822580       4.66250753       8.76299953    
       39660   6.83946657       4.66250753       8.76299953    
       39720   6.80520010       4.65901327       8.76299953    
       39780   6.80520010       4.65901327       8.76299953    
       39840   6.77250004       4.65702438       8.76299953    
       39900   6.77250004       4.65702438       8.76299953    
       39960   6.74459982       4.65421677       8.76299953    
       40020   6.74459982       4.65421677       8.76299953    
       40080   6.72177410       4.65207863       8.76299953    
       40140   6.71509981       4.65207863       8.76299953    
       40200   6.69061279       4.65152884       8.76299953    
       40260   6.66916132       4.65152884       8.76299953    
       40320   6.64669991       4.65183258       8.76299953    
       40380   6.65987110       4.65183258       8.76299953    
       40440   6.60653353       4.65029430       8.76299953    
       40500   6.60653353       4.65029430       8.76299953    
       40560   6.58109665       4.64902735       8.76299953    
       40620   6.57213354       4.64902735       8.76299953    
       40680   6.55041933       4.64636517       8.76299953    
       40740   6.54413319       4.64636517       8.76299953    
       40800   6.52525806       4.64265585       8.76299953    
       40860   6.52123356       4.64265585       8.76299953    
       40920   6.50445175       4.63852787       8.76299953    
       40980   6.50180006       4.63852787       8.76299953    
       41040   6.48212910       4.63648510       8.76299953    
       41100   6.48143339       4.63648510       8.76299953    
       41160   6.46439981       4.63471603       8.76299953    
       41220   6.46129036       4.63471603       8.76299953    
       41280   6.44146681       4.63167191       8.76299953    
       41340   6.44146681       4.63167191       8.76299953    
       41400   6.45558071       4.62799978       8.76299953    
       41460   6.42449999       4.62799978       8.76299953    
       41520   6.41296768       4.62824440       8.76299953    
       41580   6.41076660       4.62824440       8.76299953    
       41640   6.39699984       4.62769461       8.76299953    
       41700   6.39699984       4.62769461       8.76299953    
       41760   6.38641930       4.62725115       8.76299953    
       41820   6.38573313       4.62725115       8.76299953    
       41880   6.37780666       4.62494946       8.76299953    
       41940   6.37253332       4.62494946       8.76299953    
       42000   6.35819340       4.62065411       8.76299953    
       42060   6.34777403       4.62065411       8.76299953    
       42120   6.32490015       4.61776876       8.76299953    
       42180   6.35245180       4.61776876       8.76299953    
       42240   6.28929996       4.61668444       8.76299953    
       42300   6.28929996       4.61668444       8.76299953    
       42360   6.27622604       4.61744690       8.76299953    
       42420   6.25956678       4.61744690       8.76299953    
       42480   6.23859978       4.61652422       8.76299953    
       42540   6.22274208       4.61652422       8.76299953    
       42600   6.21276665       4.61480379       8.76299953    
       42660   6.20016146       4.61480379       8.76299953    
       42720   6.19753313       4.61078119       8.76299953    
       42780   6.17909670       4.61078119       8.76299953    
       42840   6.18003321       4.60649633       8.76299953    
       42900   6.16490316       4.60649633       8.76299953    
       42960   6.15336657       4.60266972       8.76299953    
       43020   6.13787079       4.60266972       8.76299953    
       43080   6.12309980       4.60165262       7.38800001    
       43140   6.12309980       4.60165262       7.38800001    
       43200   6.12038708       4.60195637       7.38800001    
       43260   6.09443331       4.60195637       7.38800001    
       43320   6.06990337       4.60168457       7.38800001    
       43380   6.06736660       4.60168457       7.38800001    
       43440   6.05006456       4.60185051       7.38800001    
       43500   6.04936647       4.60185051       7.38800001    
       43560   6.03280640       4.60012627       7.38800001    
       43620   6.02950001       4.60012627       7.38800001    
       43680   6.01835489       4.59748220       7.38800001    
       43740   6.01773310       4.59748220       7.38800001    
       43800   6.00577402       4.59250021       7.38800001    
       43860   6.00329018       4.59250021       7.38800001    
       43920   5.99493313       4.58756065       7.38800001    
       43980   6.01167727       4.58756065       7.38800001    
       44040   5.97690010       4.58094215       7.38800001    
       44100   5.95809698       4.58094215       7.38800001    
       44160   5.95809698       4.57618093       7.38800001    
       44220   5.94245148       4.57618093       7.38800001    
       44280   5.94245148       4.57334852       7.38800001    
       44340   5.92358065       4.57334852       7.38800001    
       44400   5.92358065       4.57249212       7.38800001    
       44460   5.89948368       4.57249212       7.38800001    
       44520   5.89948368       4.57073021       7.38800001    
       44580   5.89610004       4.57073021       7.38800001    
       44640   5.87612915       4.56959105       7.38800001    
       44700   5.87559986       4.56959105       7.38800001    
       44760   5.87048388       4.56563902       7.38800001    
       44820   5.85500002       4.56563902       7.38800001    
       44880   5.83790016       4.55983925       7.38800001    
       44940   5.83790016       4.55983925       7.38800001    
       45000   5.90906429       4.55425072       7.38800001    
       45060   5.87673330       4.55425072       7.38800001    
       45120   5.86090326       4.55280447       7.38800001    
       45180   5.83977413       4.55280447       7.38800001    
       45240   5.83977413       4.55027962       7.38800001    
       45300   5.82996798       4.55027962       7.38800001    
       45360   5.82996798       4.54801321       7.38800001    
       45420   5.81096792       4.54801321       7.38800001    
       45480   5.81096792       4.54550695       7.38800001    
       45540   5.78529024       4.54550695       7.38800001    
       45600   5.78529024       4.54587507       7.38800001    
       45660   5.78053331       4.54587507       7.38800001    
       45720   5.76313782       4.55001926       7.38800001    
       45780   5.76719999       4.55001926       7.38800001    
       45840   5.71851730       4.55241346       7.38800001    
       45900   5.69579983       4.55241346       7.38800001    
       45960   5.69579983       4.55212688       7.38800001    
       46020   5.66919994       4.55212688       7.38800001    
       46080   5.66919994       4.55145025       7.38800001    
       46140   5.64133310       4.55145025       7.38800001    
       46200   5.63768959       4.55244589       7.38800001    
       46260   5.62293339       4.55244589       7.38800001    
       46320   5.61606884       4.55338764       7.38800001    
       46380   5.60200024       4.55338764       7.38800001    
       46440   5.60117245       4.55501890       7.38800001    
       46500   5.58650017       4.55501890       7.38800001    
       46560   5.58220673       4.55578756       7.38800001    
       46620   5.57450008       4.55578756       7.38800001    
       46680   5.57110357       4.55733252       6.87900019    
       46740   5.57110357       4.55733252       6.87900019    
       46800   5.57030010       4.55626678       6.87900019    
       46860   5.53486681       4.55626678       6.87900019    
       46920   5.53486681       4.55400372       6.87900019    
       46980   5.52376652       4.55400372       6.87900019    
       47040   5.52376652       4.55264759       6.87900019    
       47100   5.50479984       4.55264759       6.87900019    
       47160   5.50479984       4.55351830       6.87900019    
       47220   5.48466682       4.55351830       6.87900019    
       47280   5.48466682       4.55427408       6.87900019    
       47340   5.47779322       4.55427408       6.87900019    
       47400   5.45690012       4.55488253       6.87900019    
       47460   5.43879986       4.55488253       6.87900019    
       47520   5.42362070       4.55784130       6.87900019    
       47580   5.44080019       4.55784130       6.87900019    
       47640   5.40379333       4.56201077       6.87900019    
       47700   5.40379333       4.56201077       6.87900019    
       47760   5.39196539       4.56893539       6.87900019    
       47820   5.39196539       4.56893539       6.87900019    
       47880   5.38265514       4.57385778       6.87900019    
       47940   5.37373352       4.57385778       6.87900019    
       48000   5.37579298       4.57916021       6.87900019    
       48060   5.37579298       4.57916021       6.87900019    
       48120   5.37517262       4.58365107       6.87900019    
       48180   5.36969995       4.58365107       6.87900019    
       48240   5.36969995       4.58953047       6.87900019    
       48300   5.36119986       4.58953047       6.87900019    
       48360   5.36119986       4.59371471       6.87900019    
       48420   5.34950018       4.59371471       6.87900019    
       48480   5.33586216       4.59957886       6.87900019    
       48540   5.33586216       4.59957886       6.87900019    
       48600   5.34713316       4.60784626       6.87900019    
       48660   5.25413799       4.60784626       6.87900019    
       48720   5.25309992       4.61539745       6.87900019    
       48780   5.24851704       4.61539745       6.87900019    
       48840   5.23748255       4.61922121       6.87900019    
       48900   5.23748255       4.61922121       6.87900019    
       48960   5.21993113       4.62305832       6.87900019    
       49020   5.21993113       4.62305832       6.87900019    
       49080   5.20944834       4.62799215       6.87900019    
       49140   5.20944834       4.62799215       6.87900019    
       49200   5.19993114       4.63365555       6.87900019    
       49260   5.19993114       4.63365555       6.87900019    
       49320   5.19993114       4.63695049       6.87900019    
       49380   5.21683311       4.63695049       6.87900019    
       49440   5.19379330       4.63682413       6.87900019    
       49500   5.19379330       4.63682413       6.87900019    
       49560   5.18341398       4.63748360       6.87900019    
       49620   5.18341398       4.63748360       6.87900019    
       49680   5.17141390       4.63825989       6.87900019    
       49740   5.17141390       4.63825989       6.87900019    
       49800   5.15886211       4.63888025       6.87900019    
       49860   5.15886211       4.63888025       6.87900019    
       49920   5.14189672       4.64024878       6.87900019    
       49980   5.14189672       4.64024878       6.87900019    
       50040   5.12637949       4.64375305       6.87900019    
       50100   5.12637949       4.64375305       6.87900019    
       50160   5.11106920       4.64791298       6.87900019    
       50220   5.10279989       4.64791298       6.87900019    
       50280   5.09424114       4.65256453       8.04399967    
       50340   5.09424114       4.65256453       8.04399967    
       50400   5.09100008       4.65677023       8.04399967    
       50460   5.07527590       4.65677023       8.04399967    
       50520   5.05362082       4.66072845       8.04399967    
       50580   5.05362082       4.66072845       8.04399967    
       50640   5.03000021       4.66331100       8.04399967    
       50700   5.03000021       4.66331100       8.04399967    
       50760   5.01086187       4.66587257       8.04399967    
       50820   5.01086187       4.66587257       8.04399967    
       50880   4.98996544       4.66635799       8.04399967    
       50940   4.98996544       4.66635799       8.04399967    
       51000   4.96906662       4.66887236       8.04399967    
       51060   4.95580006       4.66887236       8.04399967    
       51120   4.95068979       4.67527819       8.04399967    
       51180   4.95949984       4.67527819       8.04399967    
       51240   4.92572403       4.67946148       8.04399967    
       51300   4.92572403       4.67946148       8.04399967    
       51360   4.91239977       4.68171453       8.04399967    
       51420   4.90762091       4.68171453       8.04399967    
       51480   4.89516687       4.68466187       8.04399967    
       51540   4.88937950       4.68466187       8.04399967    
       51600   4.86662054       4.68991947       8.04399967    
       51660   4.86662054       4.68991947       8.04399967    
       51720   4.85333347       4.69199467       8.04399967    
       51780   4.84158611       4.69199467       8.04399967    
       51840   4.81634474       4.69445801       8.04399967    
       51900   4.81634474       4.69445801       8.04399967    
       51960   4.80900002       4.69888353       8.04399967    
       52020   4.80475855       4.69888353       8.04399967    
       52080   4.78471422       4.70485449       8.04399967    
       52140   4.78471422       4.70485449       8.04399967    
       52200   4.79020691       4.70711279       8.04399967    
       52260   4.75864267       4.70711279       8.04399967    
       52320   4.74541378       4.70874739       8.04399967    
       52380   4.72835732       4.70874739       8.04399967    
       52440   4.72103453       4.71229267       8.04399967    
       52500   4.70778561       4.71229267       8.04399967    
       52560   4.70510340       4.71745682       8.04399967    
       52620   4.68846416       4.71745682       8.04399967    
       52680   4.68689632       4.72193861       8.04399967    
       52740   4.66942835       4.72193861       8.04399967    
       52800   4.66817236       4.72999954       8.04399967    
       52860   4.66065502       4.72999954       8.04399967    
       52920   4.66065502       4.73641968       8.04399967    
       52980   4.69019985       4.73641968       8.04399967    
       53040   4.65513802       4.74167967       8.04399967    
       53100   4.65513802       4.74167967       8.04399967    
       53160   4.65089989       4.74720955       8.04399967    
       53220   4.64796543       4.74720955       8.04399967    
       53280   4.65016651       4.75150871       8.04399967    
       53340   4.64713812       4.75150871       8.04399967    
       53400   4.65103340       4.75766516       8.04399967    
       53460   4.64634466       4.75766516       8.04399967    
       53520   4.65116644       4.76385784       8.04399967    
       53580   4.64937925       4.76385784       8.04399967    
       53640   4.65673351       4.76988268       8.04399967    
       53700   4.65372419       4.76988268       8.04399967    
       53760   4.65993357       4.77635384       8.04399967    
       53820   4.67679977       4.77635384       8.04399967    
       53880   4.67037916       4.78278685       5.67399979    
       53940   4.67037916       4.78278685       5.67399979    
       54000   4.69216681       4.79195929       5.67399979    
       54060   4.68165541       4.79195929       5.67399979    
       54120   4.68496656       4.79935122       5.67399979    
       54180   4.69658613       4.79935122       5.67399979    
       54240   4.69896650       4.80529499       5.67399979    
       54300   4.71217251       4.80529499       5.67399979    
       54360   4.71333313       4.81140661       5.67399979    
       54420   4.72389650       4.81140661       5.67399979    
       54480   4.72520018       4.81766748       5.67399979    
       54540   4.73896551       4.81766748       5.67399979    
       54600   4.74113321       4.82503557       5.67399979    
       54660   4.76140022       4.82503557       5.67399979    
       54720   4.77203465       4.83062077       5.67399979    
       54780   4.79926682       4.83062077       5.67399979    
       54840   4.78493118       4.83347082       5.67399979    
       54900   4.78493118       4.83347082       5.67399979    
       54960   4.78569984       4.83799887       5.67399979    
       55020   4.79465532       4.83799887       5.67399979    
       55080   4.79923344       4.84358311       5.67399979    
       55140   4.81360006       4.84358311       5.67399979    
       55200   4.81360006       4.84588432       5.67399979    
       55260   4.82596540       4.84588432       5.67399979    
       55320   4.83256674       4.84807873       5.67399979    
       55380   4.85319996       4.84807873       5.67399979    
       55440   4.85319996       4.85160494       5.67399979    
       55500   4.86610365       4.85160494       5.67399979    
       55560   4.87300014       4.85547256       5.67399979    
       55620   4.89319372       4.85547256       5.67399979    
       55680   4.90010023       4.85774708       5.67399979    
       55740   4.90010023       4.85774708       5.67399979    
       55800   4.92374182       4.85729885       5.67399979    
       55860   4.92306662       4.85729885       5.67399979    
       55920   4.92725801       4.86134863       5.67399979    
       55980   4.94566679       4.86134863       5.67399979    
       56040   4.94761276       4.86368513       5.67399979    
       56100   4.96199989       4.86368513       5.67399979    
       56160   4.96625805       4.86611128       5.67399979    
       56220   4.97746658       4.86611128       5.67399979    
       56280   4.98316145       4.86638546       5.67399979    
       56340   4.99450016       4.86638546       5.67399979    
       56400   4.99861288       4.86464977       5.67399979    
       56460   5.02054834       4.86464977       5.67399979    
       56520   5.02623320       4.85985947       5.67399979    
       56580   5.06045151       4.85985947       5.67399979    
       56640   5.04423332       4.85517788       5.67399979    
       56700   5.04423332       4.85517788       5.67399979    
       56760   5.04874182       4.85372591       5.67399979    
       56820   5.06610012       4.85372591       5.67399979    
       56880   5.06887102       4.85677052       5.67399979    
       56940   5.08167744       4.85677052       5.67399979    
       57000   5.08167744       4.86015701       5.67399979    
       57060   5.09480667       4.86015701       5.67399979    
       57120   5.09480667       4.86332369       5.67399979    
       57180   5.11083889       4.86332369       5.67399979    
       57240   5.11083889       4.86785889       5.67399979    
       57300   5.12554836       4.86785889       5.67399979    
       57360   5.12554836       4.87079763       5.67399979    
       57420   5.15338707       4.87079763       5.67399979    
       57480   5.15106678       4.87184477       4.94399977    
       57540   5.15106678       4.87184477       4.94399977    
       57600   5.17625809       4.87489510       4.94399977    
       57660   5.17133331       4.87489510       4.94399977    
       57720   5.17764521       4.87412977       4.94399977    
       57780   5.19841957       4.87412977       4.94399977    
       57840   5.19841957       4.87463665       4.94399977    
       57900   5.21276665       4.87463665       4.94399977    
       57960   5.21880627       4.87560368       4.94399977    
       58020   5.23453331       4.87560368       4.94399977    
       58080   5.23958063       4.87881947       4.94399977    
       58140   5.25546646       4.87881947       4.94399977    
       58200   5.25758076       4.88179684       4.94399977    
       58260   5.28570986       4.88179684       4.94399977    
       58320   5.29619980       4.88294601       4.94399977    
       58380   5.33064508       4.88294601       4.94399977    
       58440   5.32203341       4.88502932       4.94399977    
       58500   5.32203341       4.88502932       4.94399977    
       58560   5.32335472       4.88750792       4.94399977    
       58620   5.34053326       4.88750792       4.94399977    
       58680   5.33977413       4.88706160       4.94399977    
       58740   5.35167742       4.88706160       4.94399977    
       58800   5.36456680       4.88467169       4.94399977    
       58860   5.36064529       4.88467169       4.94399977    
       58920   5.36064529       4.88513613       4.94399977    
       58980   5.37186670       4.88513613       4.94399977    
       59040   5.37466669       4.88512325       4.94399977    
       59100   5.36587095       4.88512325       4.94399977    
       59160   5.36587095       4.88658571       4.94399977    
       59220   5.38045168       4.88658571       4.94399977    
       59280   5.37650013       4.88713884       4.94399977    
       59340   5.37650013       4.88713884       4.94399977    
       59400   5.38835478       4.88628817       4.94399977    
       59460   5.38019991       4.88628817       4.94399977    
       59520   5.37077427       4.88668156       4.94399977    
       59580   5.38136673       4.88668156       4.94399977    
       59640   5.37064505       4.88619375       4.94399977    
       59700   5.38280010       4.88619375       4.94399977    
       59760   5.37312889       4.88329458       4.94399977    
       59820   5.38243341       4.88329458       4.94399977    
       59880   5.37196779       4.88019371       4.94399977    
       59940   5.37923336       4.88019371       4.94399977    
       60000   5.36980629       4.88142061       4.94399977    
       60060   5.37845182       4.88142061       4.94399977    
       60120   5.38063335       4.88420248       4.94399977    
       60180   5.40722561       4.88420248       4.94399977    
       60240   5.38456678       4.88450670       4.94399977    
       60300   5.37674189       4.88450670       4.94399977    
       60360   5.37674189       4.88333702       4.94399977    
       60420   5.37977409       4.88333702       4.94399977    
       60480   5.37977409       4.88069010       4.94399977    
       60540   5.38593531       4.88069010       4.94399977    
       60600   5.39510012       4.87683296       4.94399977    
       60660   5.39390326       4.87683296       4.94399977    
       60720   5.40133333       4.87477016       4.94399977    
       60780   5.39722586       4.87477016       4.94399977    
       60840   5.40086651       4.87459707       4.94399977    
       60900   5.40086651       4.87459707       4.94399977    
       60960   5.40310001       4.87219906       4.94399977    
       61020   5.41587114       4.87219906       4.94399977    
       61080   5.40630007       4.86945629       5.63299990    
       61140   5.40630007       4.86945629       5.63299990    
       61200   5.42325783       4.86736774       5.63299990    
       61260   5.40630007       4.86736774       5.63299990    
       61320   5.40422583       4.86207676       5.63299990    
       61380   5.40546656       4.86207676       5.63299990    
       61440   5.40063334       4.85670567       5.63299990    
       61500   5.40063334       4.85670567       5.63299990    
       61560   5.39593554       4.85114384       5.63299990    
       61620   5.39580011       4.85114384       5.63299990    
       61680   5.39045143       4.84579134       5.63299990    
       61740   5.39043331       4.84579134       5.63299990    
       61800   5.38545179       4.83853960       5.63299990    
       61860   5.38759995       4.83853960       5.63299990    
       61920   5.37765503       4.83031034       5.63299990    
       61980   5.41423321       4.83031034       5.63299990    
       62040   5.38148260       4.82300663       5.63299990    
       62100   5.37769985       4.82300663       5.63299990    
       62160   5.37769985       4.81636143       5.63299990    
       62220   5.36753321       4.81636143       5.63299990    
       62280   5.36753321       4.81046438       5.63299990    
       62340   5.35323334       4.81046438       5.63299990    
       62400   5.35503435       4.80743885       5.63299990    
       62460   5.35503435       4.80743885       5.63299990    
       62520   5.34255171       4.80498457       5.63299990    
       62580   5.32950020       4.80498457       5.63299990    
       62640   5.32950020       4.80127907       5.63299990    
       62700   5.32043314       4.80127907       5.63299990    
       62760   5.32796574       4.79844379       5.63299990    
       62820   5.32776690       4.79844379       5.63299990    
       62880   5.32096529       4.79511023       5.63299990    
       62940   5.32096529       4.79511023       5.63299990    
       63000   5.32810020       4.79385376       5.63299990    
       63060   5.30326653       4.79385376       5.63299990    
       63120   5.30326653       4.79170465       5.63299990    
       63180   5.31068945       4.79170465       5.63299990    
       63240   5.30243349       4.79083109       5.63299990    
       63300   5.30456686       4.79083109       5.63299990    
       63360   5.30456686       4.78898335       5.63299990    
       63420   5.30503321       4.78898335       5.63299990    
       63480   5.30503321       4.79071760       5.63299990    
       63540   5.30446672       4.79071760       5.63299990    
       63600   5.30446672       4.79244232       5.63299990    
       63660   5.31349993       4.79244232       5.63299990    
       63720   5.31086206       4.79054546       5.63299990    
       63780   5.34096670       4.79054546       5.63299990    
       63840   5.31117249       4.78809690       5.63299990    
       63900   5.30886650       4.78809690       5.63299990    
       63960   5.31462049       4.78813219       5.63299990    
       64020   5.31363344       4.78813219       5.63299990    
       64080   5.31486225       4.79111290       5.63299990    
       64140   5.31153345       4.79111290       5.63299990    
       64200   5.31044817       4.79449797       5.63299990    
       64260   5.30630016       4.79449797       5.63299990    
       64320   5.30451727       4.79387712       5.63299990    
       64380   5.30451727       4.79387712       5.63299990    
       64440   5.29848289       4.79119015       5.63299990    
       64500   5.29848289       4.79119015       5.63299990    
       61080   9999.00000       9999.00000       5.74399996    
       61140   9999.00000       9999.00000       5.74399996    
