 20181124
 Seconds  Measures(PWV-mm)  Meso-NH(PWV-mm)  FORECAST_AR(PWV-mm)
        7080   3.06703854       3.56306171       3.15199995    
        7140   3.06703854       3.56306171       3.15199995    
        7200   3.06200004       3.55159497       3.15199995    
        7260   3.05514812       3.55159497       3.15199995    
        7320   3.05514812       3.54156303       3.15199995    
        7380   3.04707408       3.54156303       3.15199995    
        7440   3.04376912       3.53079700       3.15199995    
        7500   3.03988886       3.53079700       3.15199995    
        7560   3.03988886       3.52056813       3.15199995    
        7620   3.03299999       3.52056813       3.15199995    
        7680   3.03299999       3.51125360       3.15199995    
        7740   3.02351856       3.51125360       3.15199995    
        7800   3.01907682       3.50235891       3.15199995    
        7860   3.01907682       3.50235891       3.15199995    
        7920   3.01907682       3.48702288       3.15199995    
        7980   3.01507401       3.48702288       3.15199995    
        8040   3.00996161       3.46445489       3.15199995    
        8100   3.00996161       3.46445489       3.15199995    
        8160   2.99776912       3.44021893       3.15199995    
        8220   2.99222231       3.44021893       3.15199995    
        8280   2.98592305       3.41786289       3.15199995    
        8340   2.98592305       3.41786289       3.15199995    
        8400   2.97646165       3.39699531       3.15199995    
        8460   2.97646165       3.39699531       3.15199995    
        8520   2.96807408       3.37367034       3.15199995    
        8580   2.96307683       3.37367034       3.15199995    
        8640   2.94792318       3.34856987       3.15199995    
        8700   2.94792318       3.34856987       3.15199995    
        8760   2.94792318       3.32366228       3.15199995    
        8820   2.93814826       3.32366228       3.15199995    
        8880   2.93119240       3.29858661       3.15199995    
        8940   2.93119240       3.29858661       3.15199995    
        9000   2.91970372       3.27264404       3.15199995    
        9060   2.90455556       3.27264404       3.15199995    
        9120   2.90030766       3.24888420       3.15199995    
        9180   2.90030766       3.24888420       3.15199995    
        9240   2.88342309       3.22800446       3.15199995    
        9300   2.88342309       3.22800446       3.15199995    
        9360   2.87018514       3.20613909       3.15199995    
        9420   2.85122228       3.20613909       3.15199995    
        9480   2.85122228       3.18382454       3.15199995    
        9540   2.84392309       3.18382454       3.15199995    
        9600   2.82411528       3.16357708       3.15199995    
        9660   2.82411528       3.16357708       3.15199995    
        9720   2.82411528       3.14287615       3.15199995    
        9780   2.81340742       3.14287615       3.15199995    
        9840   2.80342317       3.11876369       3.15199995    
        9900   2.79174066       3.11876369       3.15199995    
        9960   2.79174066       3.09250879       3.15199995    
       10020   2.77118516       3.09250879       3.15199995    
       10080   2.77118516       3.06653833       3.15199995    
       10140   2.75259256       3.06653833       3.15199995    
       10200   2.74288464       3.04192710       3.15199995    
       10260   2.74288464       3.04192710       3.15199995    
       10320   2.73281479       3.01740956       3.15199995    
       10380   2.71477771       3.01740956       3.15199995    
       10440   2.71477771       2.99329329       3.15199995    
       10500   2.70573068       2.99329329       3.15199995    
       10560   2.70573068       2.97129416       3.15199995    
       10620   2.69859266       2.97129416       3.15199995    
       10680   2.68719220       2.95424485       3.00399995    
       10740   2.68719220       2.95424485       3.00399995    
       10800   2.68003702       2.94117498       3.00399995    
       10860   2.67038465       2.94117498       3.00399995    
       10920   2.65446162       2.92720413       3.00399995    
       10980   2.64770365       2.92720413       3.00399995    
       11040   2.63800001       2.91183186       3.00399995    
       11100   2.63800001       2.91183186       3.00399995    
       11160   2.62111545       2.89639854       3.00399995    
       11220   2.62111545       2.89639854       3.00399995    
       11280   2.60265374       2.88126302       3.00399995    
       11340   2.60265374       2.88126302       3.00399995    
       11400   2.58553839       2.86612105       3.00399995    
       11460   2.58553839       2.86612105       3.00399995    
       11520   2.58553839       2.84963822       3.00399995    
       11580   2.57896304       2.84963822       3.00399995    
       11640   2.56619239       2.83359408       3.00399995    
       11700   2.56619239       2.83359408       3.00399995    
       11760   2.56207418       2.82007575       3.00399995    
       11820   2.55046153       2.82007575       3.00399995    
       11880   2.53576922       2.80781460       3.00399995    
       11940   2.53576922       2.80781460       3.00399995    
       12000   2.53181481       2.79406881       3.00399995    
       12060   2.51903844       2.79406881       3.00399995    
       12120   2.51603699       2.77975154       3.00399995    
       12180   2.50496292       2.77975154       3.00399995    
       12240   2.50496292       2.76703477       3.00399995    
       12300   2.49981475       2.76703477       3.00399995    
       12360   2.49981475       2.75572085       3.00399995    
       12420   2.49896431       2.75572085       3.00399995    
       12480   2.49211121       2.74381757       3.00399995    
       12540   2.49211121       2.74381757       3.00399995    
       12600   2.49211121       2.73163986       3.00399995    
       12660   2.48715377       2.73163986       3.00399995    
       12720   2.48442316       2.71870685       3.00399995    
       12780   2.48442316       2.71870685       3.00399995    
       12840   2.48562956       2.70338035       3.00399995    
       12900   2.48296165       2.70338035       3.00399995    
       12960   2.48296165       2.68791795       3.00399995    
       13020   2.48124003       2.68791795       3.00399995    
       13080   2.48075008       2.67527318       3.00399995    
       13140   2.48075008       2.67527318       3.00399995    
       13200   2.48075008       2.66732693       3.00399995    
       13260   2.47947836       2.66732693       3.00399995    
       13320   2.47947836       2.66101408       3.00399995    
       13380   2.47947836       2.66101408       3.00399995    
       13440   2.47695446       2.65243888       3.00399995    
       13500   2.47552180       2.65243888       3.00399995    
       13560   2.47495461       2.64191556       3.00399995    
       13620   2.47582603       2.64191556       3.00399995    
       13680   2.47486353       2.63211823       3.00399995    
       13740   2.47486353       2.63211823       3.00399995    
       13800   2.47550011       2.62336302       3.00399995    
       13860   2.47550011       2.62336302       3.00399995    
       13920   2.47630429       2.61415911       3.00399995    
       13980   2.47782612       2.61415911       3.00399995    
       14040   2.47822738       2.60414624       3.00399995    
       14100   2.47822738       2.60414624       3.00399995    
       14160   2.47822738       2.59438467       3.00399995    
       14220   2.47822738       2.59438467       3.00399995    
       14280   2.47657132       2.58472323       2.62100005    
       14340   2.47657132       2.58472323       2.62100005    
       14400   2.47657132       2.57529569       2.62100005    
       14460   2.47569990       2.57529569       2.62100005    
       14520   2.47569990       2.56661367       2.62100005    
       14580   2.47515798       2.56661367       2.62100005    
       14640   2.47533321       2.55752873       2.62100005    
       14700   2.47533321       2.55752873       2.62100005    
       14760   2.47533321       2.54745650       2.62100005    
       14820   2.47388244       2.54745650       2.62100005    
       14880   2.47388244       2.53713775       2.62100005    
       14940   2.47475004       2.53713775       2.62100005    
       15000   2.47475004       2.52707434       2.62100005    
       15060   2.47673345       2.52707434       2.62100005    
       15120   2.47673345       2.51887178       2.62100005    
       15180   2.47418761       2.51887178       2.62100005    
       15240   2.47860003       2.51162481       2.62100005    
       15300   2.47860003       2.51162481       2.62100005    
       15360   2.47300005       2.50472069       2.62100005    
       15420   2.46668744       2.50472069       2.62100005    
       15480   2.46668744       2.49796200       2.62100005    
       15540   2.46068740       2.49796200       2.62100005    
       15600   2.46068740       2.49051905       2.62100005    
       15660   2.46280003       2.49051905       2.62100005    
       15720   2.45706248       2.48336458       2.62100005    
       15780   2.45833325       2.48336458       2.62100005    
       15840   2.45239997       2.47690868       2.62100005    
       15900   2.45239997       2.47690868       2.62100005    
       15960   2.44720006       2.47013712       2.62100005    
       16020   2.44718742       2.47013712       2.62100005    
       16080   2.44526672       2.46154809       2.62100005    
       16140   2.44526672       2.46154809       2.62100005    
       16200   2.44112492       2.45158434       2.62100005    
       16260   2.43611765       2.45158434       2.62100005    
       16320   2.43611765       2.44142962       2.62100005    
       16380   2.43062496       2.44142962       2.62100005    
       16440   2.42588234       2.43215179       2.62100005    
       16500   2.42018747       2.43215179       2.62100005    
       16560   2.41670585       2.42301011       2.62100005    
       16620   2.41405559       2.42301011       2.62100005    
       16680   2.41405559       2.41233993       2.62100005    
       16740   2.41405559       2.41233993       2.62100005    
       16800   2.41052628       2.40037417       2.62100005    
       16860   2.41052628       2.40037417       2.62100005    
       16920   2.41052628       2.38744831       2.62100005    
       16980   2.40904999       2.38744831       2.62100005    
       17040   2.40904999       2.37459970       2.62100005    
       17100   2.40904999       2.37459970       2.62100005    
       17160   2.40175009       2.36268497       2.62100005    
       17220   2.39680958       2.36268497       2.62100005    
       17280   2.39190006       2.35234451       2.62100005    
       17340   2.38771439       2.35234451       2.62100005    
       17400   2.38771439       2.34359050       2.62100005    
       17460   2.37709522       2.34359050       2.62100005    
       17520   2.37709522       2.33425784       2.62100005    
       17580   2.37124991       2.33425784       2.62100005    
       17640   2.35999990       2.32451415       2.62100005    
       17700   2.36047626       2.32451415       2.62100005    
       17760   2.36047626       2.31668997       2.62100005    
       17820   2.36299992       2.31668997       2.62100005    
       17880   2.36299992       2.30927968       2.50480008    
       17940   2.36299992       2.30927968       2.50480008    
       18000   2.35978270       2.30048108       2.50480008    
       18060   2.35762501       2.30048108       2.50480008    
       18120   2.35762501       2.29083514       2.50480008    
       18180   2.35556006       2.29083514       2.50480008    
       18240   2.35556006       2.28103185       2.50480008    
       18300   2.35556006       2.28103185       2.50480008    
       18360   2.35326934       2.27220511       2.50480008    
       18420   2.35326934       2.27220511       2.50480008    
       18480   2.35111117       2.26547742       2.50480008    
       18540   2.34967852       2.26547742       2.50480008    
       18600   2.34967852       2.25949192       2.50480008    
       18660   2.34967852       2.25949192       2.50480008    
       18720   2.34967852       2.25180840       2.50480008    
       18780   2.35151720       2.25180840       2.50480008    
       18840   2.34850001       2.24169493       2.50480008    
       18900   2.34737921       2.24169493       2.50480008    
       18960   2.34737921       2.23099208       2.50480008    
       19020   2.34465528       2.23099208       2.50480008    
       19080   2.34432149       2.22085452       2.50480008    
       19140   2.34432149       2.22085452       2.50480008    
       19200   2.34210706       2.21117711       2.50480008    
       19260   2.34210706       2.21117711       2.50480008    
       19320   2.34065509       2.20207787       2.50480008    
       19380   2.33789659       2.20207787       2.50480008    
       19440   2.33789659       2.19255233       2.50480008    
       19500   2.33779311       2.19255233       2.50480008    
       19560   2.33779311       2.18226218       2.50480008    
       19620   2.33562064       2.18226218       2.50480008    
       19680   2.33164287       2.17193508       2.50480008    
       19740   2.33164287       2.17193508       2.50480008    
       19800   2.32844830       2.16312122       2.50480008    
       19860   2.32413793       2.16312122       2.50480008    
       19920   2.32299995       2.15649581       2.50480008    
       19980   2.32075858       2.15649581       2.50480008    
       20040   2.32075858       2.15124130       2.50480008    
       20100   2.31971431       2.15124130       2.50480008    
       20160   2.31758618       2.14585423       2.50480008    
       20220   2.31327581       2.14585423       2.50480008    
       20280   2.31128573       2.14000320       2.50480008    
       20340   2.30862069       2.14000320       2.50480008    
       20400   2.30862069       2.13396573       2.50480008    
       20460   2.30725002       2.13396573       2.50480008    
       20520   2.30725002       2.12852931       2.50480008    
       20580   2.30593109       2.12852931       2.50480008    
       20640   2.30325007       2.12400126       2.50480008    
       20700   2.30325007       2.12400126       2.50480008    
       20760   2.30106902       2.11987472       2.50480008    
       20820   2.29906893       2.11987472       2.50480008    
       20880   2.29910707       2.11619043       2.50480008    
       20940   2.29624128       2.11619043       2.50480008    
       21000   2.29596424       2.11212516       2.50480008    
       21060   2.29596424       2.11212516       2.50480008    
       21120   2.29171419       2.10718060       2.50480008    
       21180   2.29171419       2.10718060       2.50480008    
       21240   2.28731036       2.10240293       2.50480008    
       21300   2.28727579       2.10240293       2.50480008    
       21360   2.28432155       2.09837246       2.50480008    
       21420   2.28479314       2.09837246       2.50480008    
       21480   2.28010726       2.09428287       2.37899995    
       21540   2.28010726       2.09428287       2.37899995    
       21600   2.27558613       2.08994079       2.37899995    
       21660   2.27055168       2.08994079       2.37899995    
       21720   2.26921439       2.08617091       2.37899995    
       21780   2.26441383       2.08617091       2.37899995    
       21840   2.26292849       2.08291912       2.37899995    
       21900   2.26292849       2.08291912       2.37899995    
       21960   2.25834489       2.07984114       2.37899995    
       22020   2.25699997       2.07984114       2.37899995    
       22080   2.25293112       2.07671928       2.37899995    
       22140   2.24734473       2.07671928       2.37899995    
       22200   2.24507141       2.07309246       2.37899995    
       22260   2.24507141       2.07309246       2.37899995    
       22320   2.24507141       2.06896019       2.37899995    
       22380   2.24368954       2.06896019       2.37899995    
       22440   2.23799992       2.06533384       2.37899995    
       22500   2.23799992       2.06533384       2.37899995    
       22560   2.23107147       2.06221557       2.37899995    
       22620   2.22710347       2.06221557       2.37899995    
       22680   2.22414279       2.05901456       2.37899995    
       22740   2.21972418       2.05901456       2.37899995    
       22800   2.21972418       2.05545354       2.37899995    
       22860   2.21657133       2.05545354       2.37899995    
       22920   2.21117234       2.05181551       2.37899995    
       22980   2.20272422       2.05181551       2.37899995    
       23040   2.19957137       2.04778409       2.37899995    
       23100   2.19944835       2.04778409       2.37899995    
       23160   2.19374990       2.04295301       2.37899995    
       23220   2.19282770       2.04295301       2.37899995    
       23280   2.18596435       2.03754663       2.37899995    
       23340   2.18596435       2.03754663       2.37899995    
       23400   2.18151712       2.03234744       2.37899995    
       23460   2.17946434       2.03234744       2.37899995    
       23520   2.17264295       2.02700710       2.37899995    
       23580   2.16858625       2.02700710       2.37899995    
       23640   2.16539288       2.02118731       2.37899995    
       23700   2.16539288       2.02118731       2.37899995    
       23760   2.16089654       2.01503992       2.37899995    
       23820   2.15344834       2.01503992       2.37899995    
       23880   2.15050006       2.00809216       2.37899995    
       23940   2.14603448       2.00809216       2.37899995    
       24000   2.14289284       2.00066400       2.37899995    
       24060   2.14355183       2.00066400       2.37899995    
       24120   2.14355183       1.99282050       2.37899995    
       24180   2.14310002       1.99282050       2.37899995    
       24240   2.13875866       1.98408949       2.37899995    
       24300   2.13490009       1.98408949       2.37899995    
       24360   2.13490009       1.97456419       2.37899995    
       24420   2.13127589       1.97456419       2.37899995    
       24480   2.12351727       1.96443450       2.37899995    
       24540   2.11960006       1.96443450       2.37899995    
       24600   2.11627579       1.95396447       2.37899995    
       24660   2.11627579       1.95396447       2.37899995    
       24720   2.11196661       1.94300067       2.37899995    
       24780   2.10459995       1.94300067       2.37899995    
       24840   2.10459995       1.93135571       2.37899995    
       24900   2.10255170       1.93135571       2.37899995    
       24960   2.09621429       1.91976309       2.37899995    
       25020   2.09686208       1.91976309       2.37899995    
       25080   2.08967853       1.90847814       2.23900008    
       25140   2.08967853       1.90847814       2.23900008    
       25200   2.08472419       1.89711964       2.23900008    
       25260   2.08242846       1.89711964       2.23900008    
       25320   2.07507133       1.88595092       2.23900008    
       25380   2.06996560       1.88595092       2.23900008    
       25440   2.06782150       1.87524056       2.23900008    
       25500   2.06334472       1.87524056       2.23900008    
       25560   2.06334472       1.86448383       2.23900008    
       25620   2.05599999       1.86448383       2.23900008    
       25680   2.05599999       1.85324633       2.23900008    
       25740   2.04889655       1.85324633       2.23900008    
       25800   2.04589295       1.84200203       2.23900008    
       25860   2.04713798       1.84200203       2.23900008    
       25920   2.04713798       1.83147395       2.23900008    
       25980   2.04646659       1.83147395       2.23900008    
       26040   2.04099989       1.82199991       2.23900008    
       26100   2.04099989       1.82199991       2.23900008    
       26160   2.03523326       1.81330299       2.23900008    
       26220   2.02740002       1.81330299       2.23900008    
       26280   2.02434492       1.80540764       2.23900008    
       26340   2.02434492       1.80540764       2.23900008    
       26400   2.01724148       1.79751992       2.23900008    
       26460   2.01370001       1.79751992       2.23900008    
       26520   2.01370001       1.78913629       2.23900008    
       26580   2.00956678       1.78913629       2.23900008    
       26640   2.00799990       1.78051841       2.23900008    
       26700   2.00799990       1.78051841       2.23900008    
       26760   2.00128579       1.77221203       2.23900008    
       26820   2.00517249       1.77221203       2.23900008    
       26880   1.99939287       1.76524222       2.23900008    
       26940   1.99939287       1.76524222       2.23900008    
       27000   1.99741375       1.75919664       2.23900008    
       27060   1.99358618       1.75919664       2.23900008    
       27120   1.99358618       1.75360787       2.23900008    
       27180   1.98986208       1.75360787       2.23900008    
       27240   1.98753572       1.74872005       2.23900008    
       27300   1.98753572       1.74872005       2.23900008    
       27360   1.98624134       1.74421382       2.23900008    
       27420   1.98450005       1.74421382       2.23900008    
       27480   1.97967851       1.73944545       2.23900008    
       27540   1.97765517       1.73944545       2.23900008    
       27600   1.97610712       1.73519242       2.23900008    
       27660   1.97610712       1.73519242       2.23900008    
       27720   1.96922219       1.73174477       2.23900008    
       27780   1.97189283       1.73174477       2.23900008    
       27840   1.96603703       1.72912836       2.23900008    
       27900   1.96603703       1.72912836       2.23900008    
       27960   1.96362960       1.72699618       2.23900008    
       28020   1.96378577       1.72699618       2.23900008    
       28080   1.96378577       1.72481537       2.23900008    
       28140   1.96232140       1.72481537       2.23900008    
       28200   1.96070373       1.72287965       2.23900008    
       28260   1.96070373       1.72287965       2.23900008    
       28320   1.96153569       1.72158849       2.23900008    
       28380   1.96182144       1.72158849       2.23900008    
       28440   1.96192598       1.72123110       2.23900008    
       28500   1.96192598       1.72123110       2.23900008    
       28560   1.96192598       1.72110033       2.23900008    
       28620   1.97042859       1.72110033       2.23900008    
       28680   1.96507406       1.72022378       2.05699992    
       28740   1.96507406       1.72022378       2.05699992    
       28800   1.96803570       1.71926129       2.05699992    
       28860   1.96885180       1.71926129       2.05699992    
       28920   1.97146428       1.71949410       2.05699992    
       28980   1.97521424       1.71949410       2.05699992    
       29040   1.97700000       1.72032070       2.05699992    
       29100   1.97871423       1.72032070       2.05699992    
       29160   1.98022223       1.72079444       2.05699992    
       29220   1.98271430       1.72079444       2.05699992    
       29280   1.98514819       1.72161353       2.05699992    
       29340   1.98514819       1.72161353       2.05699992    
       29400   1.99011111       1.72275376       2.05699992    
       29460   1.99714291       1.72275376       2.05699992    
       29520   1.99399996       1.72405612       2.05699992    
       29580   1.99917853       1.72405612       2.05699992    
       29640   1.99814820       1.72576666       2.05699992    
       29700   1.99814820       1.72576666       2.05699992    
       29760   2.00057149       1.72821975       2.05699992    
       29820   2.00728559       1.72821975       2.05699992    
       29880   2.01174068       1.73105347       2.05699992    
       29940   2.01449990       1.73105347       2.05699992    
       30000   2.01449990       1.73386729       2.05699992    
       30060   2.01911116       1.73386729       2.05699992    
       30120   2.02614808       1.73663867       2.05699992    
       30180   2.02614808       1.73663867       2.05699992    
       30240   2.03151846       1.73947632       2.05699992    
       30300   2.03151846       1.73947632       2.05699992    
       30360   2.03151846       1.74282789       2.05699992    
       30420   2.03742862       1.74282789       2.05699992    
       30480   2.03459263       1.74676645       2.05699992    
       30540   2.03459263       1.74676645       2.05699992    
       30600   2.03792858       1.75081635       2.05699992    
       30660   2.04439282       1.75081635       2.05699992    
       30720   2.04803705       1.75462055       2.05699992    
       30780   2.05025005       1.75462055       2.05699992    
       30840   2.05377769       1.75825071       2.05699992    
       30900   2.05377769       1.75825071       2.05699992    
       30960   2.05574989       1.76157033       2.05699992    
       31020   2.05966663       1.76157033       2.05699992    
       31080   2.06153560       1.76441956       2.05699992    
       31140   2.06864285       1.76441956       2.05699992    
       31200   2.07411122       1.76745653       2.05699992    
       31260   2.07411122       1.76745653       2.05699992    
       31320   2.07411122       1.77047014       2.05699992    
       31380   2.07675004       1.77047014       2.05699992    
       31440   2.07796288       1.77305126       2.05699992    
       31500   2.07796288       1.77305126       2.05699992    
       31560   2.07564282       1.77526200       2.05699992    
       31620   2.07803583       1.77526200       2.05699992    
       31680   2.08211112       1.77711344       2.05699992    
       31740   2.08211112       1.77711344       2.05699992    
       31800   2.08500004       1.77889681       2.05699992    
       31860   2.08500004       1.77889681       2.05699992    
       31920   2.08442855       1.78066134       2.05699992    
       31980   2.08814812       1.78066134       2.05699992    
       32040   2.09222221       1.78191245       2.05699992    
       32100   2.09222221       1.78191245       2.05699992    
       32160   2.09222221       1.78304362       2.05699992    
       32220   2.09717846       1.78304362       2.05699992    
       32280   2.09337044       1.78449273       1.94200003    
       32340   2.09337044       1.78449273       1.94200003    
       32400   2.09460711       1.78632176       1.94200003    
       32460   2.09857154       1.78632176       1.94200003    
       32520   2.09857154       1.78817165       1.94200003    
       32580   2.10235715       1.78817165       1.94200003    
       32640   2.10459256       1.78962100       1.94200003    
       32700   2.10553575       1.78962100       1.94200003    
       32760   2.10851860       1.79086649       1.94200003    
       32820   2.10851860       1.79086649       1.94200003    
       32880   2.11070371       1.79204214       1.94200003    
       32940   2.11046433       1.79204214       1.94200003    
       33000   2.11046433       1.79273140       1.94200003    
       33060   2.11207414       1.79273140       1.94200003    
       33120   2.10919237       1.79364312       1.94200003    
       33180   2.11377788       1.79364312       1.94200003    
       33240   2.11280775       1.79481268       1.94200003    
       33300   2.11280775       1.79481268       1.94200003    
       33360   2.11455560       1.79548395       1.94200003    
       33420   2.11642313       1.79548395       1.94200003    
       33480   2.12038469       1.79550314       1.94200003    
       33540   2.12259269       1.79550314       1.94200003    
       33600   2.12388468       1.79519820       1.94200003    
       33660   2.12637043       1.79519820       1.94200003    
       33720   2.12637043       1.79408836       1.94200003    
       33780   2.12896299       1.79408836       1.94200003    
       33840   2.12896299       1.79295039       1.94200003    
       33900   2.13080764       1.79295039       1.94200003    
       33960   2.13614821       1.79199827       1.94200003    
       34020   2.14053583       1.79199827       1.94200003    
       34080   2.13844442       1.79029334       1.94200003    
       34140   2.13844442       1.79029334       1.94200003    
       34200   2.13844442       1.78838313       1.94200003    
       34260   2.13884616       1.78838313       1.94200003    
       34320   2.14211535       1.78666461       1.94200003    
       34380   2.14211535       1.78666461       1.94200003    
       34440   2.14692307       1.78482461       1.94200003    
       34500   2.14692307       1.78482461       1.94200003    
       34560   2.14692307       1.78310597       1.94200003    
       34620   2.14843988       1.78310597       1.94200003    
       34680   2.14843988       1.78191304       1.94200003    
       34740   2.14995837       1.78191304       1.94200003    
       34800   2.15186954       1.78122759       1.94200003    
       34860   2.15186954       1.78122759       1.94200003    
       34920   2.15186954       1.78041875       1.94200003    
       34980   2.15186954       1.78041875       1.94200003    
       35040   2.15204549       1.77937591       1.94200003    
       35100   2.15213037       1.77937591       1.94200003    
       35160   2.15213037       1.77825701       1.94200003    
       35220   2.15845466       1.77825701       1.94200003    
       35280   2.16345453       1.77692747       1.94200003    
       35340   2.16345453       1.77692747       1.94200003    
       35400   2.16173911       1.77541482       1.94200003    
       35460   2.16504359       1.77541482       1.94200003    
       35520   2.16504359       1.77362645       1.94200003    
       35580   2.16839123       1.77362645       1.94200003    
       35640   2.16839123       1.77169371       1.94200003    
       35700   2.17127275       1.77169371       1.94200003    
       35760   2.17391300       1.76923168       1.94200003    
       35820   2.17529178       1.76923168       1.94200003    
       35880   2.17286968       1.76605511       2.12800002    
       35940   2.17286968       1.76605511       2.12800002    
       36000   2.16875005       1.76310015       2.12800002    
       36060   2.17052174       1.76310015       2.12800002    
       36120   2.16917396       1.76074004       2.12800002    
       36180   2.16712499       1.76074004       2.12800002    
       36240   2.16795659       1.75842333       2.12800002    
       36300   2.16620827       1.75842333       2.12800002    
       36360   2.16773915       1.75600672       2.12800002    
       36420   2.16773915       1.75600672       2.12800002    
       36480   2.16575003       1.75350857       2.12800002    
       36540   2.16821742       1.75350857       2.12800002    
       36600   2.16917396       1.75119030       2.12800002    
       36660   2.16917396       1.75119030       2.12800002    
       36720   2.16917396       1.74946034       2.12800002    
       36780   2.17037511       1.74946034       2.12800002    
       36840   2.16765213       1.74749112       2.12800002    
       36900   2.16674995       1.74749112       2.12800002    
       36960   2.16674995       1.74500227       2.12800002    
       37020   2.16541672       1.74500227       2.12800002    
       37080   2.16541672       1.74278569       2.12800002    
       37140   2.16379166       1.74278569       2.12800002    
       37200   2.16308689       1.74072611       2.12800002    
       37260   2.16233325       1.74072611       2.12800002    
       37320   2.16108704       1.73871684       2.12800002    
       37380   2.16125011       1.73871684       2.12800002    
       37440   2.16082621       1.73737967       2.12800002    
       37500   2.16733336       1.73737967       2.12800002    
       37560   2.16733336       1.73572159       2.12800002    
       37620   2.16662502       1.73572159       2.12800002    
       37680   2.16260862       1.73349631       2.12800002    
       37740   2.16260862       1.73349631       2.12800002    
       37800   2.15866661       1.73137438       2.12800002    
       37860   2.15736008       1.73137438       2.12800002    
       37920   2.15736008       1.72893739       2.12800002    
       37980   2.15468001       1.72893739       2.12800002    
       38040   2.15468001       1.72638881       2.12800002    
       38100   2.15133333       1.72638881       2.12800002    
       38160   2.14996004       1.72427642       2.12800002    
       38220   2.14811540       1.72427642       2.12800002    
       38280   2.14811540       1.72213590       2.12800002    
       38340   2.14792585       1.72213590       2.12800002    
       38400   2.14792585       1.71971440       2.12800002    
       38460   2.14792585       1.71971440       2.12800002    
       38520   2.14792585       1.71705961       2.12800002    
       38580   2.15192866       1.71705961       2.12800002    
       38640   2.15192866       1.71418798       2.12800002    
       38700   2.15020680       1.71418798       2.12800002    
       38760   2.15007138       1.71128190       2.12800002    
       38820   2.14868975       1.71128190       2.12800002    
       38880   2.14868975       1.70861149       2.12800002    
       38940   2.14872408       1.70861149       2.12800002    
       39000   2.14872408       1.70622730       2.12800002    
       39060   2.14960718       1.70622730       2.12800002    
       39120   2.15053582       1.70443976       2.12800002    
       39180   2.15053582       1.70443976       2.12800002    
       39240   2.15039277       1.70339489       2.12800002    
       39300   2.15889645       1.70339489       2.12800002    
       39360   2.15889645       1.70266569       2.12800002    
       39420   2.16599989       1.70266569       2.12800002    
       39480   2.16453576       1.70271730       2.22839999    
       39540   2.16453576       1.70271730       2.22839999    
       39600   2.16758609       1.70346665       2.22839999    
       39660   2.17092848       1.70346665       2.22839999    
       39720   2.17282748       1.70431399       2.22839999    
       39780   2.17506886       1.70431399       2.22839999    
       39840   2.17703581       1.70515192       2.22839999    
       39900   2.17703581       1.70515192       2.22839999    
       39960   2.18010712       1.70622516       2.22839999    
       40020   2.18010712       1.70622516       2.22839999    
       40080   2.18231034       1.70722091       2.22839999    
       40140   2.18586206       1.70722091       2.22839999    
       40200   2.18586206       1.70817864       2.22839999    
       40260   2.18799996       1.70817864       2.22839999    
       40320   2.18799996       1.70907903       2.22839999    
       40380   2.19203448       1.70907903       2.22839999    
       40440   2.19182134       1.70981121       2.22839999    
       40500   2.19496560       1.70981121       2.22839999    
       40560   2.19671440       1.71074545       2.22839999    
       40620   2.20010352       1.71074545       2.22839999    
       40680   2.20267868       1.71254516       2.22839999    
       40740   2.20524144       1.71254516       2.22839999    
       40800   2.20828581       1.71487749       2.22839999    
       40860   2.20828581       1.71487749       2.22839999    
       40920   2.21228576       1.71731532       2.22839999    
       40980   2.21427584       1.71731532       2.22839999    
       41040   2.21603560       1.71976626       2.22839999    
       41100   2.21603560       1.71976626       2.22839999    
       41160   2.21229625       1.72197521       2.22839999    
       41220   2.21499991       1.72197521       2.22839999    
       41280   2.21340752       1.72460783       2.22839999    
       41340   2.21340752       1.72460783       2.22839999    
       41400   2.21414280       1.72799253       2.22839999    
       41460   2.22024989       1.72799253       2.22839999    
       41520   2.22374082       1.73199749       2.22839999    
       41580   2.22374082       1.73199749       2.22839999    
       41640   2.22744441       1.73684430       2.22839999    
       41700   2.22744441       1.73684430       2.22839999    
       41760   2.22796440       1.74225950       2.22839999    
       41820   2.23139286       1.74225950       2.22839999    
       41880   2.23618507       1.74801123       2.22839999    
       41940   2.23618507       1.74801123       2.22839999    
       42000   2.23837042       1.75397503       2.22839999    
       42060   2.23837042       1.75397503       2.22839999    
       42120   2.23837042       1.76009333       2.22839999    
       42180   2.23785710       1.76009333       2.22839999    
       42240   2.23703694       1.76645601       2.22839999    
       42300   2.23703694       1.76645601       2.22839999    
       42360   2.23892593       1.77278960       2.22839999    
       42420   2.23596430       1.77278960       2.22839999    
       42480   2.24062967       1.77923560       2.22839999    
       42540   2.24062967       1.77923560       2.22839999    
       42600   2.24251842       1.78599751       2.22839999    
       42660   2.24103570       1.78599751       2.22839999    
       42720   2.24103570       1.79294276       2.22839999    
       42780   2.24178576       1.79294276       2.22839999    
       42840   2.24178576       1.79991615       2.22839999    
       42900   2.24548149       1.79991615       2.22839999    
       42960   2.23965383       1.80695188       2.22839999    
       43020   2.24399996       1.80695188       2.22839999    
       43080   2.23653841       1.81406498       2.06800008    
       43140   2.23653841       1.81406498       2.06800008    
       43200   2.23459268       1.82129443       2.06800008    
       43260   2.23244452       1.82129443       2.06800008    
       43320   2.23244452       1.82831919       2.06800008    
       43380   2.23074079       1.82831919       2.06800008    
       43440   2.23219228       1.83499956       2.06800008    
       43500   2.23219228       1.83499956       2.06800008    
       43560   2.23044443       1.84112608       2.06800008    
       43620   2.23115396       1.84112608       2.06800008    
       43680   2.23000002       1.84667349       2.06800008    
       43740   2.22944450       1.84667349       2.06800008    
       43800   2.22969222       1.85225165       2.06800008    
       43860   2.22969222       1.85225165       2.06800008    
       43920   2.22969222       1.85820270       2.06800008    
       43980   2.23270369       1.85820270       2.06800008    
       44040   2.22992301       1.86465788       2.06800008    
       44100   2.22992301       1.86465788       2.06800008    
       44160   2.22826934       1.87170100       2.06800008    
       44220   2.22911119       1.87170100       2.06800008    
       44280   2.22657681       1.87926257       2.06800008    
       44340   2.22718525       1.87926257       2.06800008    
       44400   2.22526932       1.88706005       2.06800008    
       44460   2.22526932       1.88706005       2.06800008    
       44520   2.22555566       1.89486134       2.06800008    
       44580   2.22455549       1.89486134       2.06800008    
       44640   2.22280765       1.90213621       2.06800008    
       44700   2.22280765       1.90213621       2.06800008    
       44760   2.22280765       1.90868628       2.06800008    
       44820   2.22744441       1.90868628       2.06800008    
       44880   2.22511530       1.91504812       2.06800008    
       44940   2.22511530       1.91504812       2.06800008    
       45000   2.22496295       1.92156434       2.06800008    
       45060   2.22448158       1.92156434       2.06800008    
       45120   2.22392297       1.92817450       2.06800008    
       45180   2.22407413       1.92817450       2.06800008    
       45240   2.22407413       1.93473053       2.06800008    
       45300   2.22333336       1.93473053       2.06800008    
       45360   2.22333336       1.94092941       2.06800008    
       45420   2.22192597       1.94092941       2.06800008    
       45480   2.22226930       1.94655585       2.06800008    
       45540   2.22081470       1.94655585       2.06800008    
       45600   2.22081470       1.95166183       2.06800008    
       45660   2.22281480       1.95166183       2.06800008    
       45720   2.22281480       1.95624506       2.06800008    
       45780   2.22185707       1.95624506       2.06800008    
       45840   2.22177768       1.96040368       2.06800008    
       45900   2.21825004       1.96040368       2.06800008    
       45960   2.21825004       1.96482038       2.06800008    
       46020   2.21735716       1.96482038       2.06800008    
       46080   2.21962953       1.97017348       2.06800008    
       46140   2.21962953       1.97017348       2.06800008    
       46200   2.21664286       1.97583330       2.06800008    
       46260   2.21528578       1.97583330       2.06800008    
       46320   2.21581483       1.98110831       2.06800008    
       46380   2.21374989       1.98110831       2.06800008    
       46440   2.21518517       1.98578358       2.06800008    
       46500   2.21518517       1.98578358       2.06800008    
       46560   2.21518517       1.98971009       2.06800008    
       46620   2.21775007       1.98971009       2.06800008    
       46680   2.21259260       1.99312568       2.23399997    
       46740   2.21259260       1.99312568       2.23399997    
       46800   2.20932150       1.99654627       2.23399997    
       46860   2.20739293       1.99654627       2.23399997    
       46920   2.20785189       2.00004220       2.23399997    
       46980   2.20503569       2.00004220       2.23399997    
       47040   2.20596290       2.00372672       2.23399997    
       47100   2.20314288       2.00372672       2.23399997    
       47160   2.20314288       2.00750613       2.23399997    
       47220   2.20381474       2.00750613       2.23399997    
       47280   2.20096421       2.01162314       2.23399997    
       47340   2.19896436       2.01162314       2.23399997    
       47400   2.19785190       2.01655030       2.23399997    
       47460   2.20235705       2.01655030       2.23399997    
       47520   2.20235705       2.02208233       2.23399997    
       47580   2.20313787       2.02208233       2.23399997    
       47640   2.19928575       2.02749062       2.23399997    
       47700   2.19928575       2.02749062       2.23399997    
       47760   2.19682765       2.03221583       2.23399997    
       47820   2.19331026       2.03221583       2.23399997    
       47880   2.19125009       2.03640246       2.23399997    
       47940   2.18958616       2.03640246       2.23399997    
       48000   2.18767858       2.03996229       2.23399997    
       48060   2.18767858       2.03996229       2.23399997    
       48120   2.18634486       2.04244065       2.23399997    
       48180   2.18467855       2.04244065       2.23399997    
       48240   2.18171430       2.04391479       2.23399997    
       48300   2.18171430       2.04391479       2.23399997    
       48360   2.18171430       2.04531312       2.23399997    
       48420   2.18568969       2.04531312       2.23399997    
       48480   2.17989278       2.04741049       2.23399997    
       48540   2.17989278       2.04741049       2.23399997    
       48600   2.18048286       2.04963636       2.23399997    
       48660   2.17886209       2.04963636       2.23399997    
       48720   2.17735720       2.05110931       2.23399997    
       48780   2.17720699       2.05110931       2.23399997    
       48840   2.17539287       2.05207872       2.23399997    
       48900   2.17539287       2.05207872       2.23399997    
       48960   2.17435718       2.05268526       2.23399997    
       49020   2.17435718       2.05268526       2.23399997    
       49080   2.17410707       2.05271697       2.23399997    
       49140   2.17434478       2.05271697       2.23399997    
       49200   2.17403579       2.05202699       2.23399997    
       49260   2.17779303       2.05202699       2.23399997    
       49320   2.17499995       2.05088806       2.23399997    
       49380   2.17755175       2.05088806       2.23399997    
       49440   2.17689276       2.05012250       2.23399997    
       49500   2.17689276       2.05012250       2.23399997    
       49560   2.18074989       2.05005217       2.23399997    
       49620   2.18237925       2.05005217       2.23399997    
       49680   2.18432140       2.05008531       2.23399997    
       49740   2.18589664       2.05008531       2.23399997    
       49800   2.18589664       2.04908848       2.23399997    
       49860   2.18937922       2.04908848       2.23399997    
       49920   2.19082141       2.04690242       2.23399997    
       49980   2.19082141       2.04690242       2.23399997    
       50040   2.19435716       2.04416943       2.23399997    
       50100   2.19435716       2.04416943       2.23399997    
       50160   2.19435716       2.04158115       2.23399997    
       50220   2.19737935       2.04158115       2.23399997    
       50280   2.19417858       2.03987598       2.22099996    
       50340   2.19417858       2.03987598       2.22099996    
       50400   2.19455171       2.03916168       2.22099996    
       50460   2.19755173       2.03916168       2.22099996    
       50520   2.19996428       2.03887868       2.22099996    
       50580   2.19996428       2.03887868       2.22099996    
       50640   2.20328569       2.03825355       2.22099996    
       50700   2.20328569       2.03825355       2.22099996    
       50760   2.20710707       2.03741503       2.22099996    
       50820   2.20772409       2.03741503       2.22099996    
       50880   2.20772409       2.03689337       2.22099996    
       50940   2.21071434       2.03689337       2.22099996    
       51000   2.21289277       2.03678393       2.22099996    
       51060   2.21289277       2.03678393       2.22099996    
       51120   2.20877767       2.03667188       2.22099996    
       51180   2.21017861       2.03667188       2.22099996    
       51240   2.20962954       2.03572035       2.22099996    
       51300   2.21053576       2.03572035       2.22099996    
       51360   2.21053576       2.03390503       2.22099996    
       51420   2.21385717       2.03390503       2.22099996    
       51480   2.21666670       2.03209090       2.22099996    
       51540   2.21666670       2.03209090       2.22099996    
       51600   2.21966672       2.03071523       2.22099996    
       51660   2.22007132       2.03071523       2.22099996    
       51720   2.22007132       2.02952051       2.22099996    
       51780   2.22307134       2.02952051       2.22099996    
       51840   2.22307134       2.02841473       2.22099996    
       51900   2.22588897       2.02841473       2.22099996    
       51960   2.22588897       2.02757907       2.22099996    
       52020   2.22839284       2.02757907       2.22099996    
       52080   2.22585177       2.02682328       2.22099996    
       52140   2.22585177       2.02682328       2.22099996    
       52200   2.22328568       2.02570677       2.22099996    
       52260   2.22425938       2.02570677       2.22099996    
       52320   2.22522211       2.02448392       2.22099996    
       52380   2.22439289       2.02448392       2.22099996    
       52440   2.22629619       2.02348566       2.22099996    
       52500   2.22629619       2.02348566       2.22099996    
       52560   2.22489285       2.02258062       2.22099996    
       52620   2.22611117       2.02258062       2.22099996    
       52680   2.22425008       2.02185440       2.22099996    
       52740   2.22478580       2.02185440       2.22099996    
       52800   2.22640729       2.02134132       2.22099996    
       52860   2.22640729       2.02134132       2.22099996    
       52920   2.22423077       2.02084208       2.22099996    
       52980   2.22607398       2.02084208       2.22099996    
       53040   2.22519231       2.02021766       2.22099996    
       53100   2.22362971       2.02021766       2.22099996    
       53160   2.22362971       2.01937509       2.22099996    
       53220   2.22255564       2.01937509       2.22099996    
       53280   2.22234607       2.01861620       2.22099996    
       53340   2.22237039       2.01861620       2.22099996    
       53400   2.22207689       2.01834464       2.22099996    
       53460   2.22251844       2.01834464       2.22099996    
       53520   2.22196150       2.01901627       2.22099996    
       53580   2.22196150       2.01901627       2.22099996    
       53640   2.22159266       2.02081418       2.22099996    
       53700   2.22729635       2.02081418       2.22099996    
       53760   2.22729635       2.02326083       2.22099996    
       53820   2.23567867       2.02326083       2.22099996    
       53880   2.23396301       2.02609563       2.19700003    
       53940   2.23396301       2.02609563       2.19700003    
       54000   2.23553562       2.02855659       2.19700003    
       54060   2.23721433       2.02855659       2.19700003    
       54120   2.23829627       2.03008914       2.19700003    
       54180   2.23857141       2.03008914       2.19700003    
       54240   2.23857141       2.03107452       2.19700003    
       54300   2.23918509       2.03107452       2.19700003    
       54360   2.23982143       2.03259397       2.19700003    
       54420   2.24003696       2.03259397       2.19700003    
       54480   2.24233341       2.03481865       2.19700003    
       54540   2.24410725       2.03481865       2.19700003    
       54600   2.24410725       2.03724074       2.19700003    
       54660   2.24555564       2.03724074       2.19700003    
       54720   2.24555564       2.03918314       2.19700003    
       54780   2.25035715       2.03918314       2.19700003    
       54840   2.25044441       2.04031467       2.19700003    
       54900   2.25044441       2.04031467       2.19700003    
       54960   2.25466657       2.04125547       2.19700003    
       55020   2.25846434       2.04125547       2.19700003    
       55080   2.25985193       2.04246926       2.19700003    
       55140   2.25985193       2.04246926       2.19700003    
       55200   2.26307154       2.04372144       2.19700003    
       55260   2.26451850       2.04372144       2.19700003    
       55320   2.26825929       2.04459095       2.19700003    
       55380   2.27085710       2.04459095       2.19700003    
       55440   2.27225924       2.04460263       2.19700003    
       55500   2.27225924       2.04460263       2.19700003    
       55560   2.27225924       2.04393196       2.19700003    
       55620   2.27610707       2.04393196       2.19700003    
       55680   2.27537036       2.04266047       2.19700003    
       55740   2.27537036       2.04266047       2.19700003    
       55800   2.27537036       2.04087114       2.19700003    
       55860   2.28118515       2.04087114       2.19700003    
       55920   2.28118515       2.03918266       2.19700003    
       55980   2.28430772       2.03918266       2.19700003    
       56040   2.29023075       2.03832936       2.19700003    
       56100   2.29023075       2.03832936       2.19700003    
       56160   2.29023075       2.03834820       2.19700003    
       56220   2.29435992       2.03834820       2.19700003    
       56280   2.29435992       2.03881550       2.19700003    
       56340   2.29937506       2.03881550       2.19700003    
       56400   2.30317402       2.03961849       2.19700003    
       56460   2.30317402       2.03961849       2.19700003    
       56520   2.30317402       2.04076409       2.19700003    
       56580   2.30317402       2.04076409       2.19700003    
       56640   2.30450010       2.04246807       2.19700003    
       56700   2.30182600       2.04246807       2.19700003    
       56760   2.30882597       2.04456544       2.19700003    
       56820   2.30949998       2.04456544       2.19700003    
       56880   2.31417394       2.04658747       2.19700003    
       56940   2.31417394       2.04658747       2.19700003    
       57000   2.31934786       2.04798770       2.19700003    
       57060   2.31934786       2.04798770       2.19700003    
       57120   2.32513046       2.04847407       2.19700003    
       57180   2.32662511       2.04847407       2.19700003    
       57240   2.32662511       2.04869723       2.19700003    
       57300   2.33160877       2.04869723       2.19700003    
       57360   2.32800007       2.04940629       2.19700003    
       57420   2.33143473       2.04940629       2.19700003    
       57480   2.32550001       2.05070210       2.15400004    
       57540   2.32550001       2.05070210       2.15400004    
       57600   2.32269573       2.05181003       2.15400004    
       57660   2.32413054       2.05181003       2.15400004    
       57720   2.32740903       2.05248332       2.15400004    
       57780   2.32713032       2.05248332       2.15400004    
       57840   2.33081818       2.05292892       2.15400004    
       57900   2.33081818       2.05292892       2.15400004    
       57960   2.32978272       2.05342150       2.15400004    
       58020   2.33139133       2.05342150       2.15400004    
       58080   2.33139133       2.05358195       2.15400004    
       58140   2.33352184       2.05358195       2.15400004    
       58200   2.33540916       2.05275154       2.15400004    
       58260   2.34500003       2.05275154       2.15400004    
       58320   2.34500003       2.05107927       2.15400004    
       58380   2.34895825       2.05107927       2.15400004    
       58440   2.34760880       2.04914474       2.15400004    
       58500   2.34760880       2.04914474       2.15400004    
       58560   2.34783340       2.04733205       2.15400004    
       58620   2.34933329       2.04733205       2.15400004    
       58680   2.34882617       2.04588532       2.15400004    
       58740   2.35100007       2.04588532       2.15400004    
       58800   2.35100007       2.04522848       2.15400004    
       58860   2.35104346       2.04522848       2.15400004    
       58920   2.35254169       2.04538465       2.15400004    
       58980   2.35343480       2.04538465       2.15400004    
       59040   2.35530424       2.04582024       2.15400004    
       59100   2.35530424       2.04582024       2.15400004    
       59160   2.35530424       2.04670525       2.15400004    
       59220   2.36191678       2.04670525       2.15400004    
       59280   2.36113048       2.04820704       2.15400004    
       59340   2.36113048       2.04820704       2.15400004    
       59400   2.36479163       2.05001044       2.15400004    
       59460   2.36479163       2.05001044       2.15400004    
       59520   2.36979175       2.05199385       2.15400004    
       59580   2.37224007       2.05199385       2.15400004    
       59640   2.37224007       2.05401778       2.15400004    
       59700   2.37291670       2.05401778       2.15400004    
       59760   2.37527990       2.05533504       2.15400004    
       59820   2.37738466       2.05533504       2.15400004    
       59880   2.37738466       2.05584455       2.15400004    
       59940   2.37922215       2.05584455       2.15400004    
       60000   2.37922215       2.05573893       2.15400004    
       60060   2.37922215       2.05573893       2.15400004    
       60120   2.37922215       2.05510306       2.15400004    
       60180   2.38189292       2.05510306       2.15400004    
       60240   2.38189292       2.05402708       2.15400004    
       60300   2.38317251       2.05402708       2.15400004    
       60360   2.38817859       2.05273223       2.15400004    
       60420   2.39035726       2.05273223       2.15400004    
       60480   2.39277768       2.05188775       2.15400004    
       60540   2.39277768       2.05188775       2.15400004    
       60600   2.39378572       2.05198312       2.15400004    
       60660   2.39696431       2.05198312       2.15400004    
       60720   2.39696431       2.05311298       2.15400004    
       60780   2.39871430       2.05311298       2.15400004    
       60840   2.40011120       2.05499434       2.15400004    
       60900   2.40011120       2.05499434       2.15400004    
       60960   2.40011120       2.05668426       2.15400004    
       61020   2.40589285       2.05668426       2.15400004    
       61080   2.40585184       2.05718184       2.32824993    
       61140   2.40585184       2.05718184       2.32824993    
       61200   2.40750003       2.05656075       2.32824993    
       61260   2.41292596       2.05656075       2.32824993    
       61320   2.41803694       2.05619621       2.32824993    
       61380   2.41803694       2.05619621       2.32824993    
       61440   2.42255545       2.05690408       2.32824993    
       61500   2.42357135       2.05690408       2.32824993    
       61560   2.42357135       2.05844450       2.32824993    
       61620   2.42788887       2.05844450       2.32824993    
       61680   2.43385196       2.05953312       2.32824993    
       61740   2.43385196       2.05953312       2.32824993    
       61800   2.43740749       2.05981255       2.32824993    
       61860   2.43740749       2.05981255       2.32824993    
       61920   2.43284607       2.06009960       2.32824993    
       61980   2.43588901       2.06009960       2.32824993    
       62040   2.43573070       2.06089163       2.32824993    
       62100   2.43648148       2.06089163       2.32824993    
       62160   2.43648148       2.06260514       2.32824993    
       62220   2.44014812       2.06260514       2.32824993    
       62280   2.44226933       2.06498981       2.32824993    
       62340   2.44226933       2.06498981       2.32824993    
       62400   2.44419241       2.06724811       2.32824993    
       62460   2.44419241       2.06724811       2.32824993    
       62520   2.44440746       2.06854606       2.32824993    
       62580   2.44762969       2.06854606       2.32824993    
       62640   2.44762969       2.06885958       2.32824993    
       62700   2.45007682       2.06885958       2.32824993    
       62760   2.45007682       2.06920600       2.32824993    
       62820   2.45292592       2.06920600       2.32824993    
       62880   2.45057702       2.07052827       2.32824993    
       62940   2.45057702       2.07052827       2.32824993    
       63000   2.45177770       2.07215858       2.32824993    
       63060   2.45392585       2.07215858       2.32824993    
       63120   2.45392585       2.07218218       2.32824993    
       63180   2.45611119       2.07218218       2.32824993    
       63240   2.45707703       2.07274270       2.32824993    
       63300   2.45707703       2.07274270       2.32824993    
       63360   2.45829630       2.07349372       2.32824993    
       63420   2.45930767       2.07349372       2.32824993    
       63480   2.46234608       2.07459879       2.32824993    
       63540   2.46414804       2.07459879       2.32824993    
       63600   2.46557689       2.07616210       2.32824993    
       63660   2.46557689       2.07616210       2.32824993    
       63720   2.46557689       2.07816172       2.32824993    
       63780   2.46807408       2.07816172       2.32824993    
       63840   2.46861529       2.08044410       2.32824993    
       63900   2.47107410       2.08044410       2.32824993    
       63960   2.47307682       2.08304143       2.32824993    
       64020   2.47611117       2.08304143       2.32824993    
       64080   2.47884607       2.08613992       2.32824993    
       64140   2.48211122       2.08613992       2.32824993    
       64200   2.48211122       2.08928370       2.32824993    
       64260   2.48446155       2.08928370       2.32824993    
       64320   2.48934627       2.09165454       2.32824993    
       64380   2.49129629       2.09165454       2.32824993    
       64440   2.49419236       2.09264565       2.32824993    
       64500   2.49419236       2.09264565       2.32824993    
       61080   9999.00000       9999.00000       2.44899988    
       61140   9999.00000       9999.00000       2.44899988    
