 20190223
 Seconds  Measures(PWV-mm)  Meso-NH(PWV-mm)  FORECAST_AR(PWV-mm)
        7080   3.95837045       6.33615875       4.52400017    
        7140   3.95837045       6.33615875       4.52400017    
        7200   3.94350004       6.31304407       4.52400017    
        7260   3.92078567       6.31304407       4.52400017    
        7320   3.91211104       6.28722668       4.52400017    
        7380   3.91211104       6.28722668       4.52400017    
        7440   3.88774085       6.25345230       4.52400017    
        7500   3.87153578       6.25345230       4.52400017    
        7560   3.87153578       6.21642733       4.52400017    
        7620   3.86048150       6.21642733       4.52400017    
        7680   3.84564281       6.17840767       4.52400017    
        7740   3.81785703       6.17840767       4.52400017    
        7800   3.81785703       6.14399576       4.52400017    
        7860   3.79896426       6.14399576       4.52400017    
        7920   3.79896426       6.10899925       4.52400017    
        7980   3.78948283       6.10899925       4.52400017    
        8040   3.78214288       6.07240820       4.52400017    
        8100   3.77334476       6.07240820       4.52400017    
        8160   3.77334476       6.03174734       4.52400017    
        8220   3.75824142       6.03174734       4.52400017    
        8280   3.75603580       5.98989248       4.52400017    
        8340   3.75603580       5.98989248       4.52400017    
        8400   3.74386215       5.94918823       4.52400017    
        8460   3.72958612       5.94918823       4.52400017    
        8520   3.72396421       5.90942669       4.52400017    
        8580   3.72396421       5.90942669       4.52400017    
        8640   3.71293092       5.86854887       4.52400017    
        8700   3.70849991       5.86854887       4.52400017    
        8760   3.69503570       5.82935333       4.52400017    
        8820   3.69175863       5.82935333       4.52400017    
        8880   3.68078566       5.79743433       4.52400017    
        8940   3.68078566       5.79743433       4.52400017    
        9000   3.67520690       5.76915979       4.52400017    
        9060   3.65986204       5.76915979       4.52400017    
        9120   3.65121436       5.73821354       4.52400017    
        9180   3.65121436       5.73821354       4.52400017    
        9240   3.64665508       5.70515251       4.52400017    
        9300   3.63320684       5.70515251       4.52400017    
        9360   3.62339282       5.67200565       4.52400017    
        9420   3.62151718       5.67200565       4.52400017    
        9480   3.61032152       5.63361788       4.52400017    
        9540   3.60972404       5.63361788       4.52400017    
        9600   3.60972404       5.59304047       4.52400017    
        9660   3.60096550       5.59304047       4.52400017    
        9720   3.60096550       5.55693483       4.52400017    
        9780   3.59910011       5.55693483       4.52400017    
        9840   3.58596563       5.52284241       4.52400017    
        9900   3.58596563       5.52284241       4.52400017    
        9960   3.57558632       5.49037933       4.52400017    
       10020   3.57283330       5.49037933       4.52400017    
       10080   3.57283330       5.45728111       4.52400017    
       10140   3.56172419       5.45728111       4.52400017    
       10200   3.54855180       5.42474651       4.52400017    
       10260   3.54949999       5.42474651       4.52400017    
       10320   3.53834486       5.39382553       4.52400017    
       10380   3.54169989       5.39382553       4.52400017    
       10440   3.53406906       5.36249590       4.52400017    
       10500   3.53406906       5.36249590       4.52400017    
       10560   3.53539991       5.33531427       4.52400017    
       10620   3.53500009       5.33531427       4.52400017    
       10680   3.52953339       5.30928707       3.92499995    
       10740   3.52953339       5.30928707       3.92499995    
       10800   3.53870964       5.28088951       3.92499995    
       10860   3.54848385       5.28088951       3.92499995    
       10920   3.54933333       5.25078773       3.92499995    
       10980   3.55870962       5.25078773       3.92499995    
       11040   3.55870962       5.22216368       3.92499995    
       11100   3.56006670       5.22216368       3.92499995    
       11160   3.57310009       5.19903421       3.92499995    
       11220   3.57310009       5.19903421       3.92499995    
       11280   3.58112907       5.17946482       3.92499995    
       11340   3.59416127       5.17946482       3.92499995    
       11400   3.60053325       5.16144800       3.92499995    
       11460   3.60264516       5.16144800       3.92499995    
       11520   3.59816670       5.13918972       3.92499995    
       11580   3.59909678       5.13918972       3.92499995    
       11640   3.60159993       5.11696577       3.92499995    
       11700   3.60159993       5.11696577       3.92499995    
       11760   3.60916662       5.09727907       3.92499995    
       11820   3.61338711       5.09727907       3.92499995    
       11880   3.61946678       5.07868671       3.92499995    
       11940   3.61946678       5.07868671       3.92499995    
       12000   3.62396765       5.05945921       3.92499995    
       12060   3.63658071       5.05945921       3.92499995    
       12120   3.64446664       5.04009676       3.92499995    
       12180   3.64446664       5.04009676       3.92499995    
       12240   3.64835477       5.02131510       3.92499995    
       12300   3.65650010       5.02131510       3.92499995    
       12360   3.65650010       5.00355864       3.92499995    
       12420   3.65389991       5.00355864       3.92499995    
       12480   3.65575862       4.98661375       3.92499995    
       12540   3.65575862       4.98661375       3.92499995    
       12600   3.66646671       4.96983480       3.92499995    
       12660   3.67820001       4.96983480       3.92499995    
       12720   3.68503451       4.95192146       3.92499995    
       12780   3.68503451       4.95192146       3.92499995    
       12840   3.69063330       4.93555164       3.92499995    
       12900   3.69655180       4.93555164       3.92499995    
       12960   3.70675874       4.91974068       3.92499995    
       13020   3.71029997       4.91974068       3.92499995    
       13080   3.71517253       4.90218782       3.92499995    
       13140   3.71869993       4.90218782       3.92499995    
       13200   3.72303438       4.88972712       3.92499995    
       13260   3.72303438       4.88972712       3.92499995    
       13320   3.72364283       4.87800121       3.92499995    
       13380   3.71865511       4.87800121       3.92499995    
       13440   3.72485709       4.86431074       3.92499995    
       13500   3.72485709       4.86431074       3.92499995    
       13560   3.72775865       4.85080862       3.92499995    
       13620   3.73796558       4.85080862       3.92499995    
       13680   3.74671435       4.83649540       3.92499995    
       13740   3.74671435       4.83649540       3.92499995    
       13800   3.74986196       4.82205534       3.92499995    
       13860   3.75917244       4.82205534       3.92499995    
       13920   3.76567864       4.80835915       3.92499995    
       13980   3.76565528       4.80835915       3.92499995    
       14040   3.77017856       4.79470682       3.92499995    
       14100   3.77017856       4.79470682       3.92499995    
       14160   3.77017856       4.78164244       3.92499995    
       14220   3.76753569       4.78164244       3.92499995    
       14280   3.77659249       4.76690149       3.51900005    
       14340   3.77659249       4.76690149       3.51900005    
       14400   3.77317858       4.75154018       3.51900005    
       14460   3.76839280       4.75154018       3.51900005    
       14520   3.76555562       4.73976231       3.51900005    
       14580   3.76555562       4.73976231       3.51900005    
       14640   3.75837040       4.73127127       3.51900005    
       14700   3.75837040       4.73127127       3.51900005    
       14760   3.75560713       4.72364855       3.51900005    
       14820   3.75303698       4.72364855       3.51900005    
       14880   3.75049996       4.71521521       3.51900005    
       14940   3.74399996       4.71521521       3.51900005    
       15000   3.74011111       4.70535326       3.51900005    
       15060   3.74011111       4.70535326       3.51900005    
       15120   3.74296165       4.69414425       3.51900005    
       15180   3.72651863       4.69414425       3.51900005    
       15240   3.73034620       4.68347216       3.51900005    
       15300   3.73034620       4.68347216       3.51900005    
       15360   3.72074080       4.67213202       3.51900005    
       15420   3.71081471       4.67213202       3.51900005    
       15480   3.70969224       4.65894413       3.51900005    
       15540   3.70969224       4.65894413       3.51900005    
       15600   3.70125937       4.64673090       3.51900005    
       15660   3.69903851       4.64673090       3.51900005    
       15720   3.68742299       4.63460016       3.51900005    
       15780   3.68742299       4.63460016       3.51900005    
       15840   3.68181491       4.62174463       3.51900005    
       15900   3.66985178       4.62174463       3.51900005    
       15960   3.66985178       4.60983849       3.51900005    
       16020   3.65878582       4.60983849       3.51900005    
       16080   3.66244435       4.59855127       3.51900005    
       16140   3.66244435       4.59855127       3.51900005    
       16200   3.66244435       4.58829641       3.51900005    
       16260   3.64574075       4.58829641       3.51900005    
       16320   3.63707685       4.57868958       3.51900005    
       16380   3.63411117       4.57868958       3.51900005    
       16440   3.63411117       4.56935024       3.51900005    
       16500   3.62569237       4.56935024       3.51900005    
       16560   3.62569237       4.56012917       3.51900005    
       16620   3.61743999       4.56012917       3.51900005    
       16680   3.60929155       4.55105162       3.51900005    
       16740   3.60929155       4.55105162       3.51900005    
       16800   3.60008693       4.54220486       3.51900005    
       16860   3.60008693       4.54220486       3.51900005    
       16920   3.60008693       4.53145456       3.51900005    
       16980   3.60008693       4.53145456       3.51900005    
       17040   3.60104537       4.51858997       3.51900005    
       17100   3.60104537       4.51858997       3.51900005    
       17160   3.60113049       4.50544500       3.51900005    
       17220   3.59168172       4.50544500       3.51900005    
       17280   3.58072734       4.49364233       3.51900005    
       17340   3.58152175       4.49364233       3.51900005    
       17400   3.58152175       4.48180389       3.51900005    
       17460   3.56986356       4.48180389       3.51900005    
       17520   3.55759096       4.47048044       3.51900005    
       17580   3.55759096       4.47048044       3.51900005    
       17640   3.54531813       4.45920086       3.51900005    
       17700   3.54531813       4.45920086       3.51900005    
       17760   3.54531813       4.44874763       3.51900005    
       17820   3.53665209       4.44874763       3.51900005    
       17880   3.53831816       4.43880224       3.97700000    
       17940   3.53831816       4.43880224       3.97700000    
       18000   3.53760862       4.42936134       3.97700000    
       18060   3.53208685       4.42936134       3.97700000    
       18120   3.52536368       4.41941309       3.97700000    
       18180   3.52536368       4.41941309       3.97700000    
       18240   3.52647829       4.40740252       3.97700000    
       18300   3.52134776       4.40740252       3.97700000    
       18360   3.52134776       4.39407921       3.97700000    
       18420   3.51409101       4.39407921       3.97700000    
       18480   3.51578259       4.38149214       3.97700000    
       18540   3.51160860       4.38149214       3.97700000    
       18600   3.50577283       4.37013006       3.97700000    
       18660   3.50577283       4.37013006       3.97700000    
       18720   3.50577283       4.35902262       3.97700000    
       18780   3.50260878       4.35902262       3.97700000    
       18840   3.51186371       4.34763527       3.97700000    
       18900   3.51543474       4.34763527       3.97700000    
       18960   3.51543474       4.33540821       3.97700000    
       19020   3.51745462       4.33540821       3.97700000    
       19080   3.51959085       4.32416344       3.97700000    
       19140   3.51959085       4.32416344       3.97700000    
       19200   3.51913047       4.31449842       3.97700000    
       19260   3.52081823       4.31449842       3.97700000    
       19320   3.51865220       4.30582142       3.97700000    
       19380   3.52208686       4.30582142       3.97700000    
       19440   3.52208686       4.29802799       3.97700000    
       19500   3.52145457       4.29802799       3.97700000    
       19560   3.52523804       4.29114771       3.97700000    
       19620   3.52281809       4.29114771       3.97700000    
       19680   3.53057146       4.28180647       3.97700000    
       19740   3.53057146       4.28180647       3.97700000    
       19800   3.53663635       4.27164412       3.97700000    
       19860   3.54299998       4.27164412       3.97700000    
       19920   3.54377270       4.26102495       3.97700000    
       19980   3.54377270       4.26102495       3.97700000    
       20040   3.55036354       4.24998856       3.97700000    
       20100   3.55686951       4.24998856       3.97700000    
       20160   3.55686951       4.23747110       3.97700000    
       20220   3.55679178       4.23747110       3.97700000    
       20280   3.55679178       4.22423315       3.97700000    
       20340   3.55372000       4.22423315       3.97700000    
       20400   3.55372000       4.21135950       3.97700000    
       20460   3.55372000       4.21135950       3.97700000    
       20520   3.55372000       4.19912148       3.97700000    
       20580   3.54519224       4.19912148       3.97700000    
       20640   3.54519224       4.18840837       3.97700000    
       20700   3.54519224       4.18840837       3.97700000    
       20760   3.53729630       4.18062449       3.97700000    
       20820   3.52448153       4.18062449       3.97700000    
       20880   3.52448153       4.17340755       3.97700000    
       20940   3.51155567       4.17340755       3.97700000    
       21000   3.50819230       4.16405296       3.97700000    
       21060   3.50819230       4.16405296       3.97700000    
       21120   3.49674082       4.15754890       3.97700000    
       21180   3.48237038       4.15754890       3.97700000    
       21240   3.48237038       4.15174341       3.97700000    
       21300   3.48188472       4.15174341       3.97700000    
       21360   3.48188472       4.14477253       3.97700000    
       21420   3.47714806       4.14477253       3.97700000    
       21480   3.48219228       4.13804054       3.48449993    
       21540   3.48219228       4.13804054       3.48449993    
       21600   3.47611117       4.13082743       3.48449993    
       21660   3.47233343       4.13082743       3.48449993    
       21720   3.46919227       4.12501621       3.48449993    
       21780   3.47081470       4.12501621       3.48449993    
       21840   3.47081470       4.11964750       3.48449993    
       21900   3.47385192       4.11964750       3.48449993    
       21960   3.47176933       4.11364985       3.48449993    
       22020   3.47176933       4.11364985       3.48449993    
       22080   3.48174071       4.10713434       3.48449993    
       22140   3.48733330       4.10713434       3.48449993    
       22200   3.48353839       4.10039997       3.48449993    
       22260   3.48353839       4.10039997       3.48449993    
       22320   3.48353839       4.09313250       3.48449993    
       22380   3.47718525       4.09313250       3.48449993    
       22440   3.47888470       4.08435535       3.48449993    
       22500   3.48266673       4.08435535       3.48449993    
       22560   3.47838473       4.07624149       3.48449993    
       22620   3.47838473       4.07624149       3.48449993    
       22680   3.48151851       4.06932974       3.48449993    
       22740   3.47953844       4.06932974       3.48449993    
       22800   3.48259258       4.06397343       3.48449993    
       22860   3.48148155       4.06397343       3.48449993    
       22920   3.48148155       4.06025934       3.48449993    
       22980   3.48188472       4.06025934       3.48449993    
       23040   3.48200011       4.05352306       3.48449993    
       23100   3.48200011       4.05352306       3.48449993    
       23160   3.48200011       4.04357386       3.48449993    
       23220   3.49311113       4.04357386       3.48449993    
       23280   3.49392319       4.03382587       3.48449993    
       23340   3.49392319       4.03382587       3.48449993    
       23400   3.50488877       4.02605343       3.48449993    
       23460   3.50970364       4.02605343       3.48449993    
       23520   3.50303841       4.01878977       3.48449993    
       23580   3.51033330       4.01878977       3.48449993    
       23640   3.51033330       4.01159620       3.48449993    
       23700   3.51277781       4.01159620       3.48449993    
       23760   3.50557685       4.00403166       3.48449993    
       23820   3.51818514       4.00403166       3.48449993    
       23880   3.51676917       3.99750352       3.48449993    
       23940   3.52855563       3.99750352       3.48449993    
       24000   3.53042316       3.99333358       3.48449993    
       24060   3.53042316       3.99333358       3.48449993    
       24120   3.53042316       3.99126458       3.48449993    
       24180   3.52548146       3.99126458       3.48449993    
       24240   3.53292298       3.98813415       3.48449993    
       24300   3.53292298       3.98813415       3.48449993    
       24360   3.54222226       3.98245931       3.48449993    
       24420   3.55996299       3.98245931       3.48449993    
       24480   3.57161546       3.97627330       3.48449993    
       24540   3.57161546       3.97627330       3.48449993    
       24600   3.59603858       3.96987963       3.48449993    
       24660   3.60103703       3.96987963       3.48449993    
       24720   3.60103703       3.96408153       3.48449993    
       24780   3.61649990       3.96408153       3.48449993    
       24840   3.63888454       3.95578933       3.48449993    
       24900   3.63888454       3.95578933       3.48449993    
       24960   3.63888454       3.94753218       3.48449993    
       25020   3.64903712       3.94753218       3.48449993    
       25080   3.66038465       3.93972611       3.66400003    
       25140   3.66038465       3.93972611       3.66400003    
       25200   3.67477775       3.92995811       3.66400003    
       25260   3.69851851       3.92995811       3.66400003    
       25320   3.70923066       3.91872144       3.66400003    
       25380   3.70923066       3.91872144       3.66400003    
       25440   3.72757697       3.90620208       3.66400003    
       25500   3.73296285       3.90620208       3.66400003    
       25560   3.73680758       3.89384460       3.66400003    
       25620   3.73855567       3.89384460       3.66400003    
       25680   3.73855567       3.88278246       3.66400003    
       25740   3.74555564       3.88278246       3.66400003    
       25800   3.74715376       3.87466884       3.66400003    
       25860   3.74715376       3.87466884       3.66400003    
       25920   3.74715376       3.86720181       3.66400003    
       25980   3.75174069       3.86720181       3.66400003    
       26040   3.76865387       3.85891080       3.66400003    
       26100   3.76865387       3.85891080       3.66400003    
       26160   3.78973079       3.85180092       3.66400003    
       26220   3.78973079       3.85180092       3.66400003    
       26280   3.79388881       3.84422731       3.66400003    
       26340   3.80351853       3.84422731       3.66400003    
       26400   3.80351853       3.83568597       3.66400003    
       26460   3.81280780       3.83568597       3.66400003    
       26520   3.82926917       3.82541609       3.66400003    
       26580   3.82926917       3.82541609       3.66400003    
       26640   3.83296299       3.81492901       3.66400003    
       26700   3.84292316       3.81492901       3.66400003    
       26760   3.84292316       3.80809426       3.66400003    
       26820   3.86707401       3.80809426       3.66400003    
       26880   3.87034607       3.80337858       3.66400003    
       26940   3.87034607       3.80337858       3.66400003    
       27000   3.89618516       3.79939628       3.66400003    
       27060   3.92185187       3.79939628       3.66400003    
       27120   3.92676926       3.79603148       3.66400003    
       27180   3.92676926       3.79603148       3.66400003    
       27240   3.95707703       3.79194021       3.66400003    
       27300   3.97348142       3.79194021       3.66400003    
       27360   3.98138452       3.78698444       3.66400003    
       27420   3.99818516       3.78698444       3.66400003    
       27480   4.00403833       3.78397441       3.66400003    
       27540   4.01344442       3.78397441       3.66400003    
       27600   4.02030754       3.78225756       3.66400003    
       27660   4.02030754       3.78225756       3.66400003    
       27720   4.02030754       3.77882051       3.66400003    
       27780   4.04481459       3.77882051       3.66400003    
       27840   4.06973076       3.77337217       3.66400003    
       27900   4.06973076       3.77337217       3.66400003    
       27960   4.09011126       3.76999569       3.66400003    
       28020   4.11862946       3.76999569       3.66400003    
       28080   4.13046169       3.77073765       3.66400003    
       28140   4.14722204       3.77073765       3.66400003    
       28200   4.14722204       3.77169013       3.66400003    
       28260   4.17396307       3.77169013       3.66400003    
       28320   4.19099998       3.77293420       3.66400003    
       28380   4.20914793       3.77293420       3.66400003    
       28440   4.20914793       3.77558994       3.66400003    
       28500   4.22703838       3.77558994       3.66400003    
       28560   4.22703838       3.77987361       3.66400003    
       28620   4.24192572       3.77987361       3.66400003    
       28680   4.25457716       3.78492045       3.78999996    
       28740   4.25457716       3.78492045       3.78999996    
       28800   4.26503706       3.79121041       3.78999996    
       28860   4.27334595       3.79121041       3.78999996    
       28920   4.29899979       3.79933047       3.78999996    
       28980   4.31392574       3.79933047       3.78999996    
       29040   4.31392574       3.81016064       3.78999996    
       29100   4.32638454       3.81016064       3.78999996    
       29160   4.36246157       3.82090998       3.78999996    
       29220   4.38485193       3.82090998       3.78999996    
       29280   4.40796137       3.83121681       3.78999996    
       29340   4.40796137       3.83121681       3.78999996    
       29400   4.44788456       3.84127235       3.78999996    
       29460   4.44788456       3.84127235       3.78999996    
       29520   4.44788456       3.84964371       3.78999996    
       29580   4.46522236       3.84964371       3.78999996    
       29640   4.48807669       3.85668612       3.78999996    
       29700   4.48807669       3.85668612       3.78999996    
       29760   4.49507427       3.86355996       3.78999996    
       29820   4.50915384       3.86355996       3.78999996    
       29880   4.51548147       3.87005877       3.78999996    
       29940   4.53907681       3.87005877       3.78999996    
       30000   4.56923056       3.87763691       3.78999996    
       30060   4.57259274       3.87763691       3.78999996    
       30120   4.57259274       3.88721943       3.78999996    
       30180   4.59819221       3.88721943       3.78999996    
       30240   4.60059261       3.89805460       3.78999996    
       30300   4.62642288       3.89805460       3.78999996    
       30360   4.62642288       3.90798187       3.78999996    
       30420   4.64477777       3.90798187       3.78999996    
       30480   4.65053844       3.91744661       3.78999996    
       30540   4.65053844       3.91744661       3.78999996    
       30600   4.66737032       3.92811656       3.78999996    
       30660   4.67844439       3.92811656       3.78999996    
       30720   4.68596172       3.93902421       3.78999996    
       30780   4.69333315       3.93902421       3.78999996    
       30840   4.69333315       3.94998360       3.78999996    
       30900   4.70123100       3.94998360       3.78999996    
       30960   4.72969246       3.96204734       3.78999996    
       31020   4.74599981       3.96204734       3.78999996    
       31080   4.75796175       3.97459769       3.78999996    
       31140   4.77255535       3.97459769       3.78999996    
       31200   4.79234600       3.98557281       3.78999996    
       31260   4.79234600       3.98557281       3.78999996    
       31320   4.79234600       3.99468923       3.78999996    
       31380   4.81344461       3.99468923       3.78999996    
       31440   4.81850004       4.00422287       3.78999996    
       31500   4.81850004       4.00422287       3.78999996    
       31560   4.83888912       4.01405430       3.78999996    
       31620   4.84730768       4.01405430       3.78999996    
       31680   4.86623096       4.02224112       3.78999996    
       31740   4.87637043       4.02224112       3.78999996    
       31800   4.88765383       4.02794647       3.78999996    
       31860   4.88765383       4.02794647       3.78999996    
       31920   4.91226912       4.03316879       3.78999996    
       31980   4.93400002       4.03316879       3.78999996    
       32040   4.94373083       4.03856945       3.78999996    
       32100   4.94373083       4.03856945       3.78999996    
       32160   4.94373083       4.04310226       3.78999996    
       32220   4.96566677       4.04310226       3.78999996    
       32280   4.97861528       4.04686117       4.56799984    
       32340   4.97861528       4.04686117       4.56799984    
       32400   4.99059248       4.05045557       4.56799984    
       32460   5.00803852       4.05045557       4.56799984    
       32520   5.01740742       4.05431938       4.56799984    
       32580   5.04551840       4.05431938       4.56799984    
       32640   5.05873060       4.05886459       4.56799984    
       32700   5.05873060       4.05886459       4.56799984    
       32760   5.07477760       4.06306314       4.56799984    
       32820   5.09640741       4.06306314       4.56799984    
       32880   5.10138464       4.06758595       4.56799984    
       32940   5.10138464       4.06758595       4.56799984    
       33000   5.11074066       4.07255363       4.56799984    
       33060   5.11623096       4.07255363       4.56799984    
       33120   5.11623096       4.07778978       4.56799984    
       33180   5.12118530       4.07778978       4.56799984    
       33240   5.12907696       4.08218384       4.56799984    
       33300   5.12948132       4.08218384       4.56799984    
       33360   5.12948132       4.08582687       4.56799984    
       33420   5.14688444       4.08582687       4.56799984    
       33480   5.13959265       4.08969069       4.56799984    
       33540   5.15333319       4.08969069       4.56799984    
       33600   5.15333319       4.09385300       4.56799984    
       33660   5.17481470       4.09385300       4.56799984    
       33720   5.19461536       4.09786510       4.56799984    
       33780   5.19461536       4.09786510       4.56799984    
       33840   5.19422245       4.10186243       4.56799984    
       33900   5.21465397       4.10186243       4.56799984    
       33960   5.21465397       4.10535765       4.56799984    
       34020   5.24107409       4.10535765       4.56799984    
       34080   5.24565363       4.10802174       4.56799984    
       34140   5.24565363       4.10802174       4.56799984    
       34200   5.25251865       4.11010456       4.56799984    
       34260   5.26544428       4.11010456       4.56799984    
       34320   5.28076935       4.11228275       4.56799984    
       34380   5.28076935       4.11228275       4.56799984    
       34440   5.30142307       4.11421251       4.56799984    
       34500   5.30770350       4.11421251       4.56799984    
       34560   5.30770350       4.11626959       4.56799984    
       34620   5.31415367       4.11626959       4.56799984    
       34680   5.32803869       4.11788797       4.56799984    
       34740   5.33907413       4.11788797       4.56799984    
       34800   5.34626913       4.11849976       4.56799984    
       34860   5.34626913       4.11849976       4.56799984    
       34920   5.34626913       4.11876488       4.56799984    
       34980   5.36485195       4.11876488       4.56799984    
       35040   5.36496162       4.12007523       4.56799984    
       35100   5.36496162       4.12007523       4.56799984    
       35160   5.37985182       4.12261820       4.56799984    
       35220   5.39548159       4.12261820       4.56799984    
       35280   5.39548159       4.12587166       4.56799984    
       35340   5.40892315       4.12587166       4.56799984    
       35400   5.43365383       4.13019466       4.56799984    
       35460   5.44992590       4.13019466       4.56799984    
       35520   5.44992590       4.13590431       4.56799984    
       35580   5.47503710       4.13590431       4.56799984    
       35640   5.47411537       4.14234543       4.56799984    
       35700   5.47411537       4.14234543       4.56799984    
       35760   5.47411537       4.14899063       4.56799984    
       35820   5.49640751       4.14899063       4.56799984    
       35880   5.49488449       4.15631533       5.10500002    
       35940   5.49488449       4.15631533       5.10500002    
       36000   5.50303698       4.16370153       5.10500002    
       36060   5.52337027       4.16370153       5.10500002    
       36120   5.52337027       4.17067909       5.10500002    
       36180   5.53346157       4.17067909       5.10500002    
       36240   5.55719233       4.17777348       5.10500002    
       36300   5.55719233       4.17777348       5.10500002    
       36360   5.57459259       4.18416834       5.10500002    
       36420   5.58933353       4.18416834       5.10500002    
       36480   5.59680748       4.19004107       5.10500002    
       36540   5.59680748       4.19004107       5.10500002    
       36600   5.60777760       4.19731283       5.10500002    
       36660   5.61753845       4.19731283       5.10500002    
       36720   5.61753845       4.20672226       5.10500002    
       36780   5.63540745       4.20672226       5.10500002    
       36840   5.65023088       4.21699047       5.10500002    
       36900   5.65023088       4.21699047       5.10500002    
       36960   5.67619228       4.22749376       5.10500002    
       37020   5.67619228       4.22749376       5.10500002    
       37080   5.68122244       4.23801041       5.10500002    
       37140   5.70934629       4.23801041       5.10500002    
       37200   5.73549986       4.24883509       5.10500002    
       37260   5.73677778       4.24883509       5.10500002    
       37320   5.75792313       4.26003885       5.10500002    
       37380   5.75792313       4.26003885       5.10500002    
       37440   5.76066685       4.27161837       5.10500002    
       37500   5.78284597       4.27161837       5.10500002    
       37560   5.78284597       4.28274059       5.10500002    
       37620   5.79548168       4.28274059       5.10500002    
       37680   5.79038477       4.29302883       5.10500002    
       37740   5.79038477       4.29302883       5.10500002    
       37800   5.79038477       4.30305862       5.10500002    
       37860   5.79946136       4.30305862       5.10500002    
       37920   5.81328011       4.31206226       5.10500002    
       37980   5.81328011       4.31206226       5.10500002    
       38040   5.80353832       4.32043028       5.10500002    
       38100   5.81879997       4.32043028       5.10500002    
       38160   5.83329153       4.32944870       5.10500002    
       38220   5.83329153       4.32944870       5.10500002    
       38280   5.83329153       4.33920956       5.10500002    
       38340   5.84643459       4.33920956       5.10500002    
       38400   5.85645437       4.34895897       5.10500002    
       38460   5.85645437       4.34895897       5.10500002    
       38520   5.85645437       4.35911512       5.10500002    
       38580   5.85645437       4.35911512       5.10500002    
       38640   5.85685730       4.36998129       5.10500002    
       38700   5.85685730       4.36998129       5.10500002    
       38760   5.84986353       4.38002396       5.10500002    
       38820   5.85454559       4.38002396       5.10500002    
       38880   5.85757160       4.38887501       5.10500002    
       38940   5.85757160       4.38887501       5.10500002    
       39000   5.85959101       4.39794922       5.10500002    
       39060   5.85990906       4.39794922       5.10500002    
       39120   5.85928583       4.40733147       5.10500002    
       39180   5.85928583       4.40733147       5.10500002    
       39240   5.84804773       4.41667318       5.10500002    
       39300   5.84804773       4.41667318       5.10500002    
       39360   5.84804773       4.42571115       5.10500002    
       39420   5.85368204       4.42571115       5.10500002    
       39480   5.84309530       4.43495464       5.43100023    
       39540   5.84309530       4.43495464       5.43100023    
       39600   5.83804560       4.44423962       5.43100023    
       39660   5.83918190       4.44423962       5.43100023    
       39720   5.83861923       4.45289898       5.43100023    
       39780   5.83861923       4.45289898       5.43100023    
       39840   5.83813620       4.46083879       5.43100023    
       39900   5.82731819       4.46083879       5.43100023    
       39960   5.82731819       4.46755695       5.43100023    
       40020   5.81780958       4.46755695       5.43100023    
       40080   5.80952358       4.47417736       5.43100023    
       40140   5.80495453       4.47417736       5.43100023    
       40200   5.80495453       4.48047161       5.43100023    
       40260   5.80076170       4.48047161       5.43100023    
       40320   5.80076170       4.48490953       5.43100023    
       40380   5.81300020       4.48490953       5.43100023    
       40440   5.79933310       4.48714161       5.43100023    
       40500   5.79813623       4.48714161       5.43100023    
       40560   5.79813623       4.48837233       5.43100023    
       40620   5.79733324       4.48837233       5.43100023    
       40680   5.79736376       4.48955250       5.43100023    
       40740   5.79586363       4.48955250       5.43100023    
       40800   5.79586363       4.49136925       5.43100023    
       40860   5.79468203       4.49136925       5.43100023    
       40920   5.79585695       4.49342442       5.43100023    
       40980   5.79585695       4.49342442       5.43100023    
       41040   5.79054546       4.49543476       5.43100023    
       41100   5.78857136       4.49543476       5.43100023    
       41160   5.78857136       4.49813986       5.43100023    
       41220   5.80636358       4.49813986       5.43100023    
       41280   5.79123831       4.50153446       5.43100023    
       41340   5.79123831       4.50153446       5.43100023    
       41400   5.78763628       4.50549936       5.43100023    
       41460   5.78295660       4.50549936       5.43100023    
       41520   5.78822708       4.50992393       5.43100023    
       41580   5.78395653       4.50992393       5.43100023    
       41640   5.78395653       4.51500607       5.43100023    
       41700   5.79413652       4.51500607       5.43100023    
       41760   5.79047823       4.51996469       5.43100023    
       41820   5.78741646       4.51996469       5.43100023    
       41880   5.78741646       4.52388906       5.43100023    
       41940   5.78741646       4.52388906       5.43100023    
       42000   5.78423977       4.52707815       5.43100023    
       42060   5.78423977       4.52707815       5.43100023    
       42120   5.78423977       4.53072262       5.43100023    
       42180   5.78984594       4.53072262       5.43100023    
       42240   5.78984594       4.53527212       5.43100023    
       42300   5.78984594       4.53527212       5.43100023    
       42360   5.78366661       4.53953362       5.43100023    
       42420   5.78000021       4.53953362       5.43100023    
       42480   5.77653837       4.54402542       5.43100023    
       42540   5.77148151       4.54402542       5.43100023    
       42600   5.77148151       4.54998016       5.43100023    
       42660   5.76081467       4.54998016       5.43100023    
       42720   5.75969219       4.55619383       5.43100023    
       42780   5.75969219       4.55619383       5.43100023    
       42840   5.75270367       4.56204128       5.43100023    
       42900   5.75553846       4.56204128       5.43100023    
       42960   5.75553846       4.56807613       5.43100023    
       43020   5.76259279       4.56807613       5.43100023    
       43080   5.75453854       4.57451487       5.78125000    
       43140   5.75453854       4.57451487       5.78125000    
       43200   5.75125933       4.58053589       5.78125000    
       43260   5.75199986       4.58053589       5.78125000    
       43320   5.75046158       4.58568716       5.78125000    
       43380   5.74822235       4.58568716       5.78125000    
       43440   5.74822235       4.59149408       5.78125000    
       43500   5.74515390       4.59149408       5.78125000    
       43560   5.74126911       4.59841681       5.78125000    
       43620   5.73566675       4.59841681       5.78125000    
       43680   5.73566675       4.60568142       5.78125000    
       43740   5.72914791       4.60568142       5.78125000    
       43800   5.72992325       4.61307096       5.78125000    
       43860   5.73751831       4.61307096       5.78125000    
       43920   5.73751831       4.62129688       5.78125000    
       43980   5.74578571       4.62129688       5.78125000    
       44040   5.73377800       4.63089323       5.78125000    
       44100   5.72796440       4.63089323       5.78125000    
       44160   5.72629642       4.64233541       5.78125000    
       44220   5.72182131       4.64233541       5.78125000    
       44280   5.72182131       4.65471792       5.78125000    
       44340   5.71899986       4.65471792       5.78125000    
       44400   5.71166658       4.66746330       5.78125000    
       44460   5.70653582       4.66746330       5.78125000    
       44520   5.70659256       4.68081760       5.78125000    
       44580   5.70659256       4.68081760       5.78125000    
       44640   5.70392847       4.69469452       5.78125000    
       44700   5.70485163       4.69469452       5.78125000    
       44760   5.70485163       4.70829535       5.78125000    
       44820   5.71000004       4.70829535       5.78125000    
       44880   5.69259262       4.72123003       5.78125000    
       44940   5.69259262       4.72123003       5.78125000    
       45000   5.68467855       4.73393393       5.78125000    
       45060   5.67567873       4.73393393       5.78125000    
       45120   5.67551851       4.74677706       5.78125000    
       45180   5.66717863       4.74677706       5.78125000    
       45240   5.66633320       4.75931549       5.78125000    
       45300   5.66633320       4.75931549       5.78125000    
       45360   5.65989304       4.77293921       5.78125000    
       45420   5.65167856       4.77293921       5.78125000    
       45480   5.64925909       4.78775215       5.78125000    
       45540   5.64925909       4.78775215       5.78125000    
       45600   5.64099979       4.80331469       5.78125000    
       45660   5.63851833       4.80331469       5.78125000    
       45720   5.63851833       4.81829262       5.78125000    
       45780   5.64267874       4.81829262       5.78125000    
       45840   5.63203716       4.83159447       5.78125000    
       45900   5.62510729       4.83159447       5.78125000    
       45960   5.62510729       4.84424639       5.78125000    
       46020   5.62518501       4.84424639       5.78125000    
       46080   5.61692572       4.85783386       5.78125000    
       46140   5.60978556       4.85783386       5.78125000    
       46200   5.60866690       4.87162352       5.78125000    
       46260   5.60866690       4.87162352       5.78125000    
       46320   5.60188866       4.88389492       5.78125000    
       46380   5.59442854       4.88389492       5.78125000    
       46440   5.59442854       4.89543962       5.78125000    
       46500   5.59529638       4.89543962       5.78125000    
       46560   5.59529638       4.90820599       5.78125000    
       46620   5.60110712       4.90820599       5.78125000    
       46680   5.58833313       4.92098379       5.71199989    
       46740   5.58833313       4.92098379       5.71199989    
       46800   5.58453560       4.93220043       5.71199989    
       46860   5.57803583       4.93220043       5.71199989    
       46920   5.57803583       4.94274378       5.71199989    
       46980   5.57214308       4.94274378       5.71199989    
       47040   5.56777763       4.95457172       5.71199989    
       47100   5.56777763       4.95457172       5.71199989    
       47160   5.56682158       4.96830130       5.71199989    
       47220   5.56549978       4.96830130       5.71199989    
       47280   5.56459236       4.98224258       5.71199989    
       47340   5.56459236       4.98224258       5.71199989    
       47400   5.56911135       4.99590969       5.71199989    
       47460   5.56911135       4.99590969       5.71199989    
       47520   5.55503845       5.00876236       5.71199989    
       47580   5.57196283       5.00876236       5.71199989    
       47640   5.55669212       5.02187586       5.71199989    
       47700   5.56525946       5.02187586       5.71199989    
       47760   5.56503868       5.03514051       5.71199989    
       47820   5.57625914       5.03514051       5.71199989    
       47880   5.57530785       5.04611397       5.71199989    
       47940   5.58748150       5.04611397       5.71199989    
       48000   5.58748150       5.05607319       5.71199989    
       48060   5.58773088       5.05607319       5.71199989    
       48120   5.60126925       5.06657362       5.71199989    
       48180   5.61218500       5.06657362       5.71199989    
       48240   5.61218500       5.07557917       5.71199989    
       48300   5.61142302       5.07557917       5.71199989    
       48360   5.61142302       5.08246231       5.71199989    
       48420   5.63666677       5.08246231       5.71199989    
       48480   5.62849998       5.09011650       5.71199989    
       48540   5.62849998       5.09011650       5.71199989    
       48600   5.64140749       5.09846592       5.71199989    
       48660   5.65829611       5.09846592       5.71199989    
       48720   5.66592312       5.10658550       5.71199989    
       48780   5.67233324       5.10658550       5.71199989    
       48840   5.68119240       5.11452627       5.71199989    
       48900   5.68119240       5.11452627       5.71199989    
       48960   5.68685198       5.12203598       5.71199989    
       49020   5.70029640       5.12203598       5.71199989    
       49080   5.70876932       5.12801409       5.71199989    
       49140   5.71507406       5.12801409       5.71199989    
       49200   5.71507406       5.13411903       5.71199989    
       49260   5.72650003       5.13411903       5.71199989    
       49320   5.72650003       5.14003658       5.71199989    
       49380   5.74200010       5.14003658       5.71199989    
       49440   5.74149990       5.14659834       5.71199989    
       49500   5.74149990       5.14659834       5.71199989    
       49560   5.75792313       5.15552378       5.71199989    
       49620   5.76070356       5.15552378       5.71199989    
       49680   5.76070356       5.16495514       5.71199989    
       49740   5.77530766       5.16495514       5.71199989    
       49800   5.78800011       5.17333841       5.71199989    
       49860   5.78800011       5.17333841       5.71199989    
       49920   5.78603697       5.18146420       5.71199989    
       49980   5.79969215       5.18146420       5.71199989    
       50040   5.81338453       5.18931723       5.71199989    
       50100   5.81338453       5.18931723       5.71199989    
       50160   5.81338453       5.19687128       5.71199989    
       50220   5.84088898       5.19687128       5.71199989    
       50280   5.84407711       5.20303869       5.47100019    
       50340   5.84407711       5.20303869       5.47100019    
       50400   5.84729624       5.20855618       5.47100019    
       50460   5.86522245       5.20855618       5.47100019    
       50520   5.87988472       5.21541643       5.47100019    
       50580   5.88381481       5.21541643       5.47100019    
       50640   5.89723063       5.22291851       5.47100019    
       50700   5.90177774       5.22291851       5.47100019    
       50760   5.90177774       5.22976542       5.47100019    
       50820   5.91814804       5.22976542       5.47100019    
       50880   5.92938471       5.23497248       5.47100019    
       50940   5.92938471       5.23497248       5.47100019    
       51000   5.93255568       5.23985386       5.47100019    
       51060   5.94296169       5.23985386       5.47100019    
       51120   5.94296169       5.24569654       5.47100019    
       51180   5.94785166       5.24569654       5.47100019    
       51240   5.94538450       5.25280237       5.47100019    
       51300   5.94538450       5.25280237       5.47100019    
       51360   5.95388460       5.25916100       5.47100019    
       51420   5.95388460       5.25916100       5.47100019    
       51480   5.96250010       5.26446962       5.47100019    
       51540   5.96855545       5.26446962       5.47100019    
       51600   5.97103834       5.27081537       5.47100019    
       51660   5.97103834       5.27081537       5.47100019    
       51720   5.97851849       5.27910042       5.47100019    
       51780   5.98937035       5.27910042       5.47100019    
       51840   5.99296141       5.28721714       5.47100019    
       51900   5.99296141       5.28721714       5.47100019    
       51960   5.99296141       5.29551363       5.47100019    
       52020   6.01711130       5.29551363       5.47100019    
       52080   6.00649977       5.30469179       5.47100019    
       52140   6.00649977       5.30469179       5.47100019    
       52200   6.01885176       5.31292057       5.47100019    
       52260   6.03114796       5.31292057       5.47100019    
       52320   6.03515387       5.31983089       5.47100019    
       52380   6.03515387       5.31983089       5.47100019    
       52440   6.05103827       5.32733154       5.47100019    
       52500   6.05744457       5.32733154       5.47100019    
       52560   6.05744457       5.33490801       5.47100019    
       52620   6.06603861       5.33490801       5.47100019    
       52680   6.07857704       5.34233046       5.47100019    
       52740   6.08192587       5.34233046       5.47100019    
       52800   6.08973074       5.35133266       5.47100019    
       52860   6.08973074       5.35133266       5.47100019    
       52920   6.08973074       5.35926962       5.47100019    
       52980   6.09537029       5.35926962       5.47100019    
       53040   6.09346151       5.36605120       5.47100019    
       53100   6.09346151       5.36605120       5.47100019    
       53160   6.09659243       5.37183332       5.47100019    
       53220   6.10885191       5.37183332       5.47100019    
       53280   6.11946154       5.37528419       5.47100019    
       53340   6.11946154       5.37528419       5.47100019    
       53400   6.12218523       5.37901402       5.47100019    
       53460   6.13859272       5.37901402       5.47100019    
       53520   6.13859272       5.38390303       5.47100019    
       53580   6.15411520       5.38390303       5.47100019    
       53640   6.15474081       5.38980579       5.47100019    
       53700   6.17034626       5.38980579       5.47100019    
       53760   6.17034626       5.39657021       5.47100019    
       53820   6.18711090       5.39657021       5.47100019    
       53880   6.17292309       5.40322781       5.97700024    
       53940   6.17292309       5.40322781       5.97700024    
       54000   6.16962957       5.40922213       5.97700024    
       54060   6.17481470       5.40922213       5.97700024    
       54120   6.18284607       5.41444969       5.97700024    
       54180   6.18284607       5.41444969       5.97700024    
       54240   6.18696165       5.41966820       5.97700024    
       54300   6.18559265       5.41966820       5.97700024    
       54360   6.19196177       5.42579222       5.97700024    
       54420   6.19196177       5.42579222       5.97700024    
       54480   6.20057678       5.43190813       5.97700024    
       54540   6.19896317       5.43190813       5.97700024    
       54600   6.19896317       5.43873215       5.97700024    
       54660   6.20603848       5.43873215       5.97700024    
       54720   6.20603848       5.44622707       5.97700024    
       54780   6.20966673       5.44622707       5.97700024    
       54840   6.21484613       5.45339632       5.97700024    
       54900   6.21484613       5.45339632       5.97700024    
       54960   6.21651840       5.46036673       5.97700024    
       55020   6.22522211       5.46036673       5.97700024    
       55080   6.22522211       5.46777201       5.97700024    
       55140   6.23077774       5.46777201       5.97700024    
       55200   6.23480749       5.47643089       5.97700024    
       55260   6.23485184       5.47643089       5.97700024    
       55320   6.23485184       5.48512125       5.97700024    
       55380   6.23851871       5.48512125       5.97700024    
       55440   6.23950005       5.49308777       5.97700024    
       55500   6.23950005       5.49308777       5.97700024    
       55560   6.23950005       5.50227165       5.97700024    
       55620   6.25711107       5.50227165       5.97700024    
       55680   6.24219227       5.51335621       5.97700024    
       55740   6.24219227       5.51335621       5.97700024    
       55800   6.24511099       5.52438641       5.97700024    
       55860   6.24274063       5.52438641       5.97700024    
       55920   6.24019241       5.53573370       5.97700024    
       55980   6.24019241       5.53573370       5.97700024    
       56040   6.23981476       5.54799414       5.97700024    
       56100   6.23934603       5.54799414       5.97700024    
       56160   6.23653841       5.55809450       5.97700024    
       56220   6.23314810       5.55809450       5.97700024    
       56280   6.23314810       5.56775761       5.97700024    
       56340   6.23538446       5.56775761       5.97700024    
       56400   6.23384619       5.57815456       5.97700024    
       56460   6.23384619       5.57815456       5.97700024    
       56520   6.23384619       5.58708429       5.97700024    
       56580   6.23384619       5.58708429       5.97700024    
       56640   6.23352003       5.59672928       5.97700024    
       56700   6.23352003       5.59672928       5.97700024    
       56760   6.23352003       5.60666227       5.97700024    
       56820   6.23583317       5.60666227       5.97700024    
       56880   6.23756504       5.61692286       5.97700024    
       56940   6.23756504       5.61692286       5.97700024    
       57000   6.23756504       5.62863779       5.97700024    
       57060   6.23959112       5.62863779       5.97700024    
       57120   6.24195242       5.63822365       5.97700024    
       57180   6.24195242       5.63822365       5.97700024    
       57240   6.24195242       5.64677715       5.97700024    
       57300   6.24550009       5.64677715       5.97700024    
       57360   6.24550009       5.65274858       5.97700024    
       57420   6.27809525       5.65274858       5.97700024    
       57480   6.26084995       5.65754032       6.34000015    
       57540   6.26084995       5.65754032       6.34000015    
       57600   6.26685715       5.66303301       6.34000015    
       57660   6.27966690       5.66303301       6.34000015    
       57720   6.29010010       5.66996861       6.34000015    
       57780   6.29057121       5.66996861       6.34000015    
       57840   6.29057121       5.67761278       6.34000015    
       57900   6.30044985       5.67761278       6.34000015    
       57960   6.30709982       5.68395615       6.34000015    
       58020   6.30666685       5.68395615       6.34000015    
       58080   6.30666685       5.68819237       6.34000015    
       58140   6.31164980       5.68819237       6.34000015    
       58200   6.31839991       5.69228554       6.34000015    
       58260   6.31839991       5.69228554       6.34000015    
       58320   6.31839991       5.69523764       6.34000015    
       58380   6.33385706       5.69523764       6.34000015    
       58440   6.33535004       5.69507980       6.34000015    
       58500   6.33535004       5.69507980       6.34000015    
       58560   6.34299994       5.69402075       6.34000015    
       58620   6.35409546       5.69402075       6.34000015    
       58680   6.35960007       5.69266796       6.34000015    
       58740   6.35960007       5.69266796       6.34000015    
       58800   6.37225008       5.69124317       6.34000015    
       58860   6.37861919       5.69124317       6.34000015    
       58920   6.38574982       5.68865824       6.34000015    
       58980   6.38574982       5.68865824       6.34000015    
       59040   6.39790010       5.68554544       6.34000015    
       59100   6.39790010       5.68554544       6.34000015    
       59160   6.39790010       5.68138742       6.34000015    
       59220   6.42852402       5.68138742       6.34000015    
       59280   6.41419983       5.67614460       6.34000015    
       59340   6.41419983       5.67614460       6.34000015    
       59400   6.41419983       5.67006922       6.34000015    
       59460   6.42554998       5.67006922       6.34000015    
       59520   6.43342113       5.66458130       6.34000015    
       59580   6.43342113       5.66458130       6.34000015    
       59640   6.43814993       5.65941334       6.34000015    
       59700   6.44910526       5.65941334       6.34000015    
       59760   6.44910526       5.65314293       6.34000015    
       59820   6.46566677       5.65314293       6.34000015    
       59880   6.48452950       5.64709759       6.34000015    
       59940   6.48452950       5.64709759       6.34000015    
       60000   6.48452950       5.64166355       6.34000015    
       60060   6.50675011       5.64166355       6.34000015    
       60120   6.50675011       5.63580942       6.34000015    
       60180   6.50675011       5.63580942       6.34000015    
       60240   6.50675011       5.63050175       6.34000015    
       60300   6.50675011       5.63050175       6.34000015    
       60360   6.50141191       5.62423468       6.34000015    
       60420   6.49494457       5.62423468       6.34000015    
       60480   6.49494457       5.61743069       6.34000015    
       60540   6.49042082       5.61743069       6.34000015    
       60600   6.49042082       5.61033344       6.34000015    
       60660   6.48589993       5.61033344       6.34000015    
       60720   6.48589993       5.60301352       6.34000015    
       60780   6.48589993       5.60301352       6.34000015    
       60840   6.47957134       5.59720898       6.34000015    
       60900   6.47957134       5.59720898       6.34000015    
       60960   6.47957134       5.59031439       6.34000015    
       61020   6.49168205       5.59031439       6.34000015    
       61080   6.47080946       5.58533859       6.32100010    
       61140   6.47080946       5.58533859       6.32100010    
       61200   6.46336365       5.58215094       6.32100010    
       61260   6.45904541       5.58215094       6.32100010    
       61320   6.46409512       5.57756424       6.32100010    
       61380   6.45490932       5.57756424       6.32100010    
       61440   6.46228552       5.57233906       6.32100010    
       61500   6.46228552       5.57233906       6.32100010    
       61560   6.45459080       5.56893778       6.32100010    
       61620   6.45636368       5.56893778       6.32100010    
       61680   6.46390486       5.56756544       6.32100010    
       61740   6.45809078       5.56756544       6.32100010    
       61800   6.45809078       5.56721592       6.32100010    
       61860   6.46600008       5.56721592       6.32100010    
       61920   6.46600008       5.56599188       6.32100010    
       61980   6.46777296       5.56599188       6.32100010    
       62040   6.45942879       5.56370020       6.32100010    
       62100   6.45942879       5.56370020       6.32100010    
       62160   6.45159101       5.56254673       6.32100010    
       62220   6.44354534       5.56254673       6.32100010    
       62280   6.44119024       5.56230736       6.32100010    
       62340   6.44119024       5.56230736       6.32100010    
       62400   6.43790913       5.56286907       6.32100010    
       62460   6.42931795       5.56286907       6.32100010    
       62520   6.42566681       5.56332016       6.32100010    
       62580   6.42566681       5.56332016       6.32100010    
       62640   6.41745472       5.56305408       6.32100010    
       62700   6.41280937       5.56305408       6.32100010    
       62760   6.41280937       5.56052637       6.32100010    
       62820   6.42136383       5.56052637       6.32100010    
       62880   6.39185715       5.55637217       6.32100010    
       62940   6.39185715       5.55637217       6.32100010    
       63000   6.38490915       5.55279160       6.32100010    
       63060   6.37669563       5.55279160       6.32100010    
       63120   6.36890888       5.55068254       6.32100010    
       63180   6.36890888       5.55068254       6.32100010    
       63240   6.36039114       5.54840374       6.32100010    
       63300   6.34652185       5.54840374       6.32100010    
       63360   6.34652185       5.54604149       6.32100010    
       63420   6.34652185       5.54604149       6.32100010    
       63480   6.34083319       5.54421997       6.32100010    
       63540   6.34083319       5.54421997       6.32100010    
       63600   6.33512020       5.54362726       6.32100010    
       63660   6.33512020       5.54362726       6.32100010    
       63720   6.33512020       5.54260254       6.32100010    
       63780   6.34034634       5.54260254       6.32100010    
       63840   6.34034634       5.54190826       6.32100010    
       63900   6.34466648       5.54190826       6.32100010    
       63960   6.34466648       5.54117489       6.32100010    
       64020   6.34192324       5.54117489       6.32100010    
       64080   6.34600019       5.54055595       6.32100010    
       64140   6.35214806       5.54055595       6.32100010    
       64200   6.34996176       5.54093647       6.32100010    
       64260   6.34996176       5.54093647       6.32100010    
       64320   6.35361528       5.54197454       6.32100010    
       64380   6.35361528       5.54197454       6.32100010    
       64440   6.35781479       5.54301834       6.32100010    
       64500   6.35799980       5.54301834       6.32100010    
       61080   9999.00000       9999.00000       6.67124987    
       61140   9999.00000       9999.00000       6.67124987    
