 20181101
 Seconds  Measures(TEMP-C°)  Meso-NH(TEMP-C°)  FORECAST_AR(TEMP-C°)
        3660   16.6514759       17.3277168       16.7199993    
        3720   16.6559010       17.3375130       16.7199993    
        3780   16.6578693       17.3460464       16.7199993    
        3840   16.6555729       17.3514061       16.7199993    
        3900   16.6536064       17.3534412       16.7199993    
        3960   16.6581974       17.3534641       16.7199993    
        4020   16.6618042       17.3533764       16.7199993    
        4080   16.6691799       17.3540077       16.7199993    
        4140   16.6785240       17.3550091       16.7199993    
        4200   16.6863937       17.3558903       16.7199993    
        4260   16.6985245       17.3559895       16.7199993    
        4320   16.7131157       17.3546486       16.7199993    
        4380   16.7237701       17.3515739       16.7199993    
        4440   16.7332783       17.3467197       16.7199993    
        4500   16.7390156       17.3412685       16.7199993    
        4560   16.7408199       17.3366528       16.7199993    
        4620   16.7372131       17.3335648       16.7199993    
        4680   16.7319679       17.3309574       16.7199993    
        4740   16.7280331       17.3277874       16.7199993    
        4800   16.7237701       17.3242226       16.7199993    
        4860   16.7198353       17.3207321       16.7199993    
        4920   16.7204914       17.3171482       16.7199993    
        4980   16.7137699       17.3140526       16.7199993    
        5040   16.7090168       17.3117561       16.7199993    
        5100   16.7032795       17.3109245       16.7199993    
        5160   16.6985245       17.3118553       16.7199993    
        5220   16.6986885       17.3144989       16.7199993    
        5280   16.6995087       17.3186207       16.7199993    
        5340   16.6991806       17.3236713       16.7199993    
        5400   16.6980324       17.3293629       16.7199993    
        5460   16.6972122       17.3353767       16.7199993    
        5520   16.6949177       17.3411293       16.7199993    
        5580   16.6898365       17.3460903       16.7199993    
        5640   16.6873779       17.3498116       16.7199993    
        5700   16.6914749       17.3514938       16.7199993    
        5760   16.6977043       17.3507671       16.7199993    
        5820   16.7004910       17.3484898       16.7199993    
        5880   16.6986885       17.3462963       16.7199993    
        5940   16.6959019       17.3460751       16.7199993    
        6000   16.6931152       17.3489132       16.7199993    
        6060   16.6881962       17.3546104       16.7199993    
        6120   16.6796722       17.3623295       16.7199993    
        6180   16.6704922       17.3710365       16.7199993    
        6240   16.6619663       17.3798046       16.7199993    
        6300   16.6540985       17.3879776       16.7199993    
        6360   16.6447544       17.3953743       16.7199993    
        6420   16.6331139       17.4018917       16.7199993    
        6480   16.6193447       17.4071407       16.7199993    
        6540   16.6049175       17.4108200       16.7199993    
        6600   16.5906563       17.4127731       16.7199993    
        6660   16.5736065       17.4131813       16.7199993    
        6720   16.5542622       17.4124413       16.7199993    
        6780   16.5332794       17.4110680       16.7199993    
        6840   16.5118027       17.4092922       16.7199993    
        6900   16.4942627       17.4069271       16.7199993    
        6960   16.4808197       17.4036884       16.7199993    
        7020   16.4678688       17.3998299       16.7199993    
        7080   16.4537697       17.3958321       16.7199993    
        7140   16.4373779       17.3919888       16.7199993    
        7200   16.4224586       17.3882523       16.7199993    
        7260   16.4083614       17.3844776       16.4099998    
        7320   16.3924599       17.3809700       16.4099998    
        7380   16.3747540       17.3786774       16.4099998    
        7440   16.3600006       17.3784351       16.4099998    
        7500   16.3501644       17.3800926       16.4099998    
        7560   16.3383598       17.3828220       16.4099998    
        7620   16.3186893       17.3854065       16.4099998    
        7680   16.2981968       17.3867626       16.4099998    
        7740   16.2772141       17.3861313       16.4099998    
        7800   16.2527866       17.3837891       16.4099998    
        7860   16.2296715       17.3807106       16.4099998    
        7920   16.2037697       17.3778362       16.4099998    
        7980   16.1760654       17.3755722       16.4099998    
        8040   16.1519680       17.3737984       16.4099998    
        8100   16.1285248       17.3721085       16.4099998    
        8160   16.1072140       17.3700237       16.4099998    
        8220   16.0921307       17.3671513       16.4099998    
        8280   16.0814762       17.3635197       16.4099998    
        8340   16.0722942       17.3589478       16.4099998    
        8400   16.0637703       17.3531971       16.4099998    
        8460   16.0560665       17.3467293       16.4099998    
        8520   16.0477047       17.3403416       16.4099998    
        8580   16.0359020       17.3347740       16.4099998    
        8640   16.0263939       17.3300438       16.4099998    
        8700   16.0124588       17.3261433       16.4099998    
        8760   15.9970493       17.3230896       16.4099998    
        8820   15.9832783       17.3206711       16.4099998    
        8880   15.9698362       17.3184795       16.4099998    
        8940   15.9534426       17.3155727       16.4099998    
        9000   15.9363937       17.3108501       16.4099998    
        9060   15.9191799       17.3038807       16.4099998    
        9120   15.9065571       17.2952404       16.4099998    
        9180   15.8950815       17.2858200       16.4099998    
        9240   15.8831148       17.2766075       16.4099998    
        9300   15.8690166       17.2683907       16.4099998    
        9360   15.8491802       17.2612648       16.4099998    
        9420   15.8288527       17.2544537       16.4099998    
        9480   15.8118029       17.2467175       16.4099998    
        9540   15.7990160       17.2373791       16.4099998    
        9600   15.7890167       17.2263927       16.4099998    
        9660   15.7790165       17.2140636       16.4099998    
        9720   15.7686882       17.2007961       16.4099998    
        9780   15.7618036       17.1873131       16.4099998    
        9840   15.7555742       17.1745720       16.4099998    
        9900   15.7480326       17.1630707       16.4099998    
        9960   15.7404919       17.1525822       16.4099998    
       10020   15.7337704       17.1424198       16.4099998    
       10080   15.7291803       17.1321068       16.4099998    
       10140   15.7255735       17.1217804       16.4099998    
       10200   15.7240982       17.1118755       16.4099998    
       10260   15.7239342       17.1029072       16.4099998    
       10320   15.7234430       17.0954609       16.4099998    
       10380   15.7239342       17.0898056       16.4099998    
       10440   15.7265577       17.0856361       16.4099998    
       10500   15.7313118       17.0825367       16.4099998    
       10560   15.7344265       17.0803967       16.4099998    
       10620   15.7337704       17.0788822       16.4099998    
       10680   15.7322950       17.0773983       16.4099998    
       10740   15.7331152       17.0751820       16.4099998    
       10800   15.7359018       17.0715008       16.4099998    
       10860   15.7360659       17.0658264       15.7700005    
       10920   15.7331152       17.0580406       15.7700005    
       10980   15.7286882       17.0483932       15.7700005    
       11040   15.7249184       17.0375462       15.7700005    
       11100   15.7227869       17.0260963       15.7700005    
       11160   15.7236061       17.0145626       15.7700005    
       11220   15.7259016       17.0036926       15.7700005    
       11280   15.7268848       16.9941883       15.7700005    
       11340   15.7283611       16.9863968       15.7700005    
       11400   15.7298365       16.9798145       15.7700005    
       11460   15.7321310       16.9735584       15.7700005    
       11520   15.7342625       16.9670448       15.7700005    
       11580   15.7340984       16.9600163       15.7700005    
       11640   15.7327871       16.9525509       15.7700005    
       11700   15.7321310       16.9449368       15.7700005    
       11760   15.7326231       16.9375324       15.7700005    
       11820   15.7322950       16.9307022       15.7700005    
       11880   15.7295084       16.9247227       15.7700005    
       11940   15.7272129       16.9195232       15.7700005    
       12000   15.7232790       16.9149837       15.7700005    
       12060   15.7175407       16.9108658       15.7700005    
       12120   15.7104921       16.9067440       15.7700005    
       12180   15.7037706       16.9020233       15.7700005    
       12240   15.6963930       16.8965034       15.7700005    
       12300   15.6899996       16.8900490       15.7700005    
       12360   15.6854095       16.8831444       15.7700005    
       12420   15.6824589       16.8764839       15.7700005    
       12480   15.6786880       16.8706856       15.7700005    
       12540   15.6726227       16.8663177       15.7700005    
       12600   15.6672134       16.8637524       15.7700005    
       12660   15.6631145       16.8628559       15.7700005    
       12720   15.6608200       16.8629513       15.7700005    
       12780   15.6580324       16.8633842       15.7700005    
       12840   15.6557379       16.8635998       15.7700005    
       12900   15.6552458       16.8630753       15.7700005    
       12960   15.6542625       16.8613071       15.7700005    
       13020   15.6549177       16.8581333       15.7700005    
       13080   15.6565571       16.8541241       15.7700005    
       13140   15.6585245       16.8494873       15.7700005    
       13200   15.6608200       16.8441925       15.7700005    
       13260   15.6632786       16.8379612       15.7700005    
       13320   15.6654100       16.8307133       15.7700005    
       13380   15.6662292       16.8226414       15.7700005    
       13440   15.6665573       16.8140278       15.7700005    
       13500   15.6677046       16.8054600       15.7700005    
       13560   15.6686888       16.7971401       15.7700005    
       13620   15.6691799       16.7878437       15.7700005    
       13680   15.6691799       16.7779236       15.7700005    
       13740   15.6685247       16.7685871       15.7700005    
       13800   15.6678686       16.7600517       15.7700005    
       13860   15.6667213       16.7521648       15.7700005    
       13920   15.6626234       16.7444687       15.7700005    
       13980   15.6577053       16.7364578       15.7700005    
       14040   15.6544266       16.7283440       15.7700005    
       14100   15.6503277       16.7204971       15.7700005    
       14160   15.6431150       16.7127934       15.7700005    
       14220   15.6344261       16.7048855       15.7700005    
       14280   15.6260653       16.6965752       15.7700005    
       14340   15.6198359       16.6882172       15.7700005    
       14400   15.6124592       16.6805439       15.7700005    
       14460   15.6059017       16.6744385       15.6400003    
       14520   15.6011477       16.6703854       15.6400003    
       14580   15.5973768       16.6683350       15.6400003    
       14640   15.5929508       16.6675282       15.6400003    
       14700   15.5881968       16.6667480       15.6400003    
       14760   15.5832787       16.6645622       15.6400003    
       14820   15.5757380       16.6597824       15.6400003    
       14880   15.5683603       16.6521797       15.6400003    
       14940   15.5627871       16.6423969       15.6400003    
       15000   15.5563936       16.6315346       15.6400003    
       15060   15.5498362       16.6204052       15.6400003    
       15120   15.5431147       16.6092148       15.6400003    
       15180   15.5370493       16.5979233       15.6400003    
       15240   15.5314751       16.5864697       15.6400003    
       15300   15.5270491       16.5747795       15.6400003    
       15360   15.5234423       16.5629292       15.6400003    
       15420   15.5191803       16.5512199       15.6400003    
       15480   15.5152454       16.5397453       15.6400003    
       15540   15.5109835       16.5283241       15.6400003    
       15600   15.5072126       16.5164909       15.6400003    
       15660   15.5036068       16.5037537       15.6400003    
       15720   15.5004921       16.4901924       15.6400003    
       15780   15.4986887       16.4760342       15.6400003    
       15840   15.4968853       16.4614124       15.6400003    
       15900   15.4945898       16.4465904       15.6400003    
       15960   15.4926233       16.4313278       15.6400003    
       16020   15.4913111       16.4151516       15.6400003    
       16080   15.4895086       16.3974514       15.6400003    
       16140   15.4870491       16.3780537       15.6400003    
       16200   15.4839344       16.3572712       15.6400003    
       16260   15.4813118       16.3354244       15.6400003    
       16320   15.4793444       16.3125935       15.6400003    
       16380   15.4768848       16.2889538       15.6400003    
       16440   15.4750824       16.2648315       15.6400003    
       16500   15.4734430       16.2405834       15.6400003    
       16560   15.4711475       16.2167435       15.6400003    
       16620   15.4690161       16.1937981       15.6400003    
       16680   15.4670496       16.1716423       15.6400003    
       16740   15.4655733       16.1502399       15.6400003    
       16800   15.4639349       16.1295757       15.6400003    
       16860   15.4613113       16.1097641       15.6400003    
       16920   15.4577045       16.0907497       15.6400003    
       16980   15.4549179       16.0723820       15.6400003    
       17040   15.4532785       16.0546169       15.6400003    
       17100   15.4519672       16.0368786       15.6400003    
       17160   15.4501638       16.0181561       15.6400003    
       17220   15.4504919       15.9987698       15.6400003    
       17280   15.4513111       15.9782276       15.6400003    
       17340   15.4519672       15.9555836       15.6400003    
       17400   15.4531145       15.9311934       15.6400003    
       17460   15.4552460       15.9055433       15.6400003    
       17520   15.4583607       15.8789043       15.6400003    
       17580   15.4634428       15.8515749       15.6400003    
       17640   15.4706554       15.8239021       15.6400003    
       17700   15.4760656       15.7959776       15.6400003    
       17760   15.4803276       15.7678652       15.6400003    
       17820   15.4854097       15.7393093       15.6400003    
       17880   15.4914751       15.7102232       15.6400003    
       17940   15.4986887       15.6808672       15.6400003    
       18000   15.5049181       15.6516390       15.6400003    
       18060   15.5121307       15.6227608       15.5100002    
       18120   15.5183611       15.5941095       15.5100002    
       18180   15.5234423       15.5653591       15.5100002    
       18240   15.5273771       15.5363855       15.5100002    
       18300   15.5322952       15.5076542       15.5100002    
       18360   15.5404921       15.4803057       15.5100002    
       18420   15.5491800       15.4553967       15.5100002    
       18480   15.5575409       15.4329491       15.5100002    
       18540   15.5647545       15.4121637       15.5100002    
       18600   15.5716391       15.3922691       15.5100002    
       18660   15.5783606       15.3731117       15.5100002    
       18720   15.5850821       15.3548098       15.5100002    
       18780   15.5922947       15.3373203       15.5100002    
       18840   15.5995083       15.3205490       15.5100002    
       18900   15.6065578       15.3043556       15.5100002    
       18960   15.6136065       15.2886124       15.5100002    
       19020   15.6226225       15.2731876       15.5100002    
       19080   15.6327868       15.2579803       15.5100002    
       19140   15.6452456       15.2430353       15.5100002    
       19200   15.6621313       15.2288485       15.5100002    
       19260   15.6806555       15.2161226       15.5100002    
       19320   15.6988525       15.2045755       15.5100002    
       19380   15.7165575       15.1934519       15.5100002    
       19440   15.7345905       15.1819792       15.5100002    
       19500   15.7516394       15.1695871       15.5100002    
       19560   15.7693443       15.1566944       15.5100002    
       19620   15.7865572       15.1440392       15.5100002    
       19680   15.8040981       15.1317463       15.5100002    
       19740   15.8236065       15.1196442       15.5100002    
       19800   15.8431149       15.1081610       15.5100002    
       19860   15.8624592       15.0981531       15.5100002    
       19920   15.8811474       15.0901680       15.5100002    
       19980   15.8999996       15.0839586       15.5100002    
       20040   15.9201641       15.0788860       15.5100002    
       20100   15.9383602       15.0747042       15.5100002    
       20160   15.9518032       15.0716858       15.5100002    
       20220   15.9621315       15.0702486       15.5100002    
       20280   15.9716396       15.0705166       15.5100002    
       20340   15.9803276       15.0716629       15.5100002    
       20400   15.9877052       15.0724335       15.5100002    
       20460   15.9927874       15.0723591       15.5100002    
       20520   15.9972134       15.0717707       15.5100002    
       20580   16.0026226       15.0711489       15.5100002    
       20640   16.0101643       15.0705233       15.5100002    
       20700   16.0175419       15.0698767       15.5100002    
       20760   16.0234432       15.0701361       15.5100002    
       20820   16.0316391       15.0726728       15.5100002    
       20880   16.0413113       15.0781574       15.5100002    
       20940   16.0522957       15.0861921       15.5100002    
       21000   16.0657368       15.0957594       15.5100002    
       21060   16.0790157       15.1060591       15.5100002    
       21120   16.0919666       15.1166735       15.5100002    
       21180   16.1050816       15.1273851       15.5100002    
       21240   16.1203270       15.1378136       15.5100002    
       21300   16.1324596       15.1479435       15.5100002    
       21360   16.1422958       15.1580791       15.5100002    
       21420   16.1522942       15.1686573       15.5100002    
       21480   16.1604919       15.1797237       15.5100002    
       21540   16.1678696       15.1908531       15.5100002    
       21600   16.1752453       15.2015228       15.5100002    
       21660   16.1819668       15.2115135       16.6599998    
       21720   16.1898365       15.2210836       16.6599998    
       21780   16.2027874       15.2308407       16.6599998    
       21840   16.2188530       15.2413712       16.6599998    
       21900   16.2357368       15.2528639       16.6599998    
       21960   16.2514763       15.2648125       16.6599998    
       22020   16.2632790       15.2761478       16.6599998    
       22080   16.2731152       15.2858448       16.6599998    
       22140   16.2826233       15.2933617       16.6599998    
       22200   16.2909832       15.2987604       16.6599998    
       22260   16.2991810       15.3025465       16.6599998    
       22320   16.3045902       15.3051910       16.6599998    
       22380   16.3111477       15.3074093       16.6599998    
       22440   16.3216400       15.3096256       16.6599998    
       22500   16.3342628       15.3117132       16.6599998    
       22560   16.3477058       15.3135376       16.6599998    
       22620   16.3637714       15.3153334       16.6599998    
       22680   16.3793449       15.3176632       16.6599998    
       22740   16.3934422       15.3206196       16.6599998    
       22800   16.4044266       15.3235369       16.6599998    
       22860   16.4122944       15.3259640       16.6599998    
       22920   16.4167213       15.3284235       16.6599998    
       22980   16.4193439       15.3316174       16.6599998    
       23040   16.4244270       15.3359423       16.6599998    
       23100   16.4316387       15.3414145       16.6599998    
       23160   16.4409828       15.3472805       16.6599998    
       23220   16.4493446       15.3526649       16.6599998    
       23280   16.4581966       15.3576031       16.6599998    
       23340   16.4675407       15.3628111       16.6599998    
       23400   16.4744263       15.3688211       16.6599998    
       23460   16.4796715       15.3757877       16.6599998    
       23520   16.4831142       15.3836603       16.6599998    
       23580   16.4859009       15.3924685       16.6599998    
       23640   16.4893436       15.4023075       16.6599998    
       23700   16.4913120       15.4129457       16.6599998    
       23760   16.4936066       15.4237585       16.6599998    
       23820   16.5004921       15.4339771       16.6599998    
       23880   16.5104923       15.4430637       16.6599998    
       23940   16.5203285       15.4514980       16.6599998    
       24000   16.5303288       15.4603729       16.6599998    
       24060   16.5411472       15.4701147       16.6599998    
       24120   16.5539341       15.4806023       16.6599998    
       24180   16.5675411       15.4915857       16.6599998    
       24240   16.5796719       15.5026789       16.6599998    
       24300   16.5888519       15.5129623       16.6599998    
       24360   16.5981960       15.5210648       16.6599998    
       24420   16.6085243       15.5255585       16.6599998    
       24480   16.6165581       15.5260935       16.6599998    
       24540   16.6221313       15.5246668       16.6599998    
       24600   16.6259022       15.5245657       16.6599998    
       24660   16.6272125       15.5268469       16.6599998    
       24720   16.6288528       15.5298586       16.6599998    
       24780   16.6309834       15.5319710       16.6599998    
       24840   16.6344261       15.5324135       16.6599998    
       24900   16.6360664       15.5316162       16.6599998    
       24960   16.6395073       15.5304327       16.6599998    
       25020   16.6450825       15.5291042       16.6599998    
       25080   16.6501637       15.5274153       16.6599998    
       25140   16.6560650       15.5252943       16.6599998    
       25200   16.6632786       15.5228872       16.6599998    
       25260   16.6709843       15.5202341       16.8199997    
       25320   16.6790161       15.5170336       16.8199997    
       25380   16.6852455       15.5128994       16.8199997    
       25440   16.6862297       15.5079861       16.8199997    
       25500   16.6839352       15.5032606       16.8199997    
       25560   16.6819668       15.4994421       16.8199997    
       25620   16.6814747       15.4967194       16.8199997    
       25680   16.6831150       15.4950638       16.8199997    
       25740   16.6859016       15.4943762       16.8199997    
       25800   16.6901646       15.4942446       16.8199997    
       25860   16.6968861       15.4937878       16.8199997    
       25920   16.7042618       15.4924812       16.8199997    
       25980   16.7145901       15.4903603       16.8199997    
       26040   16.7239342       15.4878607       16.8199997    
       26100   16.7296715       15.4858007       16.8199997    
       26160   16.7327862       15.4848633       16.8199997    
       26220   16.7350826       15.4851360       16.8199997    
       26280   16.7349186       15.4861526       16.8199997    
       26340   16.7332783       15.4875679       16.8199997    
       26400   16.7314758       15.4890995       16.8199997    
       26460   16.7299995       15.4898367       16.8199997    
       26520   16.7273769       15.4883852       16.8199997    
       26580   16.7267208       15.4842806       16.8199997    
       26640   16.7288532       15.4784641       16.8199997    
       26700   16.7295074       15.4722233       16.8199997    
       26760   16.7278690       15.4666433       16.8199997    
       26820   16.7249184       15.4627590       16.8199997    
       26880   16.7222958       15.4614840       16.8199997    
       26940   16.7190170       15.4629135       16.8199997    
       27000   16.7142620       15.4658823       16.8199997    
       27060   16.7101631       15.4686079       16.8199997    
       27120   16.7078686       15.4698038       16.8199997    
       27180   16.7075405       15.4689779       16.8199997    
       27240   16.7083607       15.4662304       16.8199997    
       27300   16.7085247       15.4621010       16.8199997    
       27360   16.7090168       15.4574251       16.8199997    
       27420   16.7108192       15.4531136       16.8199997    
       27480   16.7132778       15.4499273       16.8199997    
       27540   16.7160664       15.4481821       16.8199997    
       27600   16.7193451       15.4477015       16.8199997    
       27660   16.7227859       15.4480610       16.8199997    
       27720   16.7262287       15.4486475       16.8199997    
       27780   16.7296715       15.4487934       16.8199997    
       27840   16.7332783       15.4481821       16.8199997    
       27900   16.7375412       15.4471340       16.8199997    
       27960   16.7419682       15.4462852       16.8199997    
       28020   16.7459011       15.4466352       16.8199997    
       28080   16.7498360       15.4488134       16.8199997    
       28140   16.7539349       15.4516850       16.8199997    
       28200   16.7577057       15.4526730       16.8199997    
       28260   16.7614746       15.4509516       16.8199997    
       28320   16.7660656       15.4480295       16.8199997    
       28380   16.7696724       15.4450808       16.8199997    
       28440   16.7695084       15.4425583       16.8199997    
       28500   16.7634430       15.4401913       16.8199997    
       28560   16.7573776       15.4378309       16.8199997    
       28620   16.7496719       15.4363441       16.8199997    
       28680   16.7411480       15.4366751       16.8199997    
       28740   16.7329502       15.4387350       16.8199997    
       28800   16.7260647       15.4418335       16.8199997    
       28860   16.7190170       15.4453011       16.8799992    
       28920   16.7108192       15.4489079       16.8799992    
       28980   16.7027874       15.4525681       16.8799992    
       29040   16.6954098       15.4556723       16.8799992    
       29100   16.6881962       15.4571991       16.8799992    
       29160   16.6809845       15.4569569       16.8799992    
       29220   16.6729507       15.4559889       16.8799992    
       29280   16.6647549       15.4557104       16.8799992    
       29340   16.6572132       15.4570389       16.8799992    
       29400   16.6516399       15.4604559       16.8799992    
       29460   16.6477051       15.4661503       16.8799992    
       29520   16.6440983       15.4736948       16.8799992    
       29580   16.6409836       15.4820595       16.8799992    
       29640   16.6383610       15.4902191       16.8799992    
       29700   16.6349182       15.4973564       16.8799992    
       29760   16.6296730       15.5029659       16.8799992    
       29820   16.6234417       15.5072193       16.8799992    
       29880   16.6168861       15.5106659       16.8799992    
       29940   16.6106548       15.5138426       16.8799992    
       30000   16.6055737       15.5172367       16.8799992    
       30060   16.6018028       15.5210533       16.8799992    
       30120   16.5986881       15.5254068       16.8799992    
       30180   16.5962296       15.5302324       16.8799992    
       30240   16.5934429       15.5352411       16.8799992    
       30300   16.5903282       15.5402355       16.8799992    
       30360   16.5868855       15.5450907       16.8799992    
       30420   16.5831146       15.5494528       16.8799992    
       30480   16.5793438       15.5525885       16.8799992    
       30540   16.5755730       15.5538960       16.8799992    
       30600   16.5726223       15.5533304       16.8799992    
       30660   16.5704918       15.5513182       16.8799992    
       30720   16.5690155       15.5484352       16.8799992    
       30780   16.5675411       15.5451899       16.8799992    
       30840   16.5662289       15.5419970       16.8799992    
       30900   16.5647545       15.5390587       16.8799992    
       30960   16.5627861       15.5364084       16.8799992    
       31020   16.5604916       15.5340567       16.8799992    
       31080   16.5580330       15.5319748       16.8799992    
       31140   16.5550823       15.5299797       16.8799992    
       31200   16.5522957       15.5277987       16.8799992    
       31260   16.5498352       15.5251369       16.8799992    
       31320   16.5475407       15.5218792       16.8799992    
       31380   16.5455742       15.5180817       16.8799992    
       31440   16.5434418       15.5139685       16.8799992    
       31500   16.5409832       15.5100222       16.8799992    
       31560   16.5381966       15.5069504       16.8799992    
       31620   16.5352459       15.5052576       16.8799992    
       31680   16.5327873       15.5048838       16.8799992    
       31740   16.5303288       15.5052900       16.8799992    
       31800   16.5277042       15.5059547       16.8799992    
       31860   16.5252457       15.5067530       16.8799992    
       31920   16.5229511       15.5081387       16.8799992    
       31980   16.5203285       15.5110703       16.8799992    
       32040   16.5186882       15.5163059       16.8799992    
       32100   16.5203285       15.5237999       16.8799992    
       32160   16.5263939       15.5325794       16.8799992    
       32220   16.5316391       15.5413094       16.8799992    
       32280   16.5375404       15.5493221       16.8799992    
       32340   16.5442619       15.5568876       16.8799992    
       32400   16.5509834       15.5646038       16.8799992    
       32460   16.5568848       15.5730000       16.7900009    
       32520   16.5621319       15.5823307       16.7900009    
       32580   16.5680332       15.5926619       16.7900009    
       32640   16.5731144       15.6039753       16.7900009    
       32700   16.5763931       15.6159449       16.7900009    
       32760   16.5786877       15.6279974       16.7900009    
       32820   16.5793438       15.6393776       16.7900009    
       32880   16.5791798       15.6494732       16.7900009    
       32940   16.5773773       15.6581068       16.7900009    
       33000   16.5732784       15.6651945       16.7900009    
       33060   16.5663929       15.6706161       16.7900009    
       33120   16.5581970       15.6744461       16.7900009    
       33180   16.5485249       15.6770391       16.7900009    
       33240   16.5380325       15.6789904       16.7900009    
       33300   16.5273762       15.6810484       16.7900009    
       33360   16.5172138       15.6837549       16.7900009    
       33420   16.5085239       15.6870689       16.7900009    
       33480   16.5009842       15.6907330       16.7900009    
       33540   16.4940987       15.6946726       16.7900009    
       33600   16.4865570       15.6990137       16.7900009    
       33660   16.4780331       15.7043314       16.7900009    
       33720   16.4685249       15.7112894       16.7900009    
       33780   16.4583607       15.7200079       16.7900009    
       33840   16.4467220       15.7300606       16.7900009    
       33900   16.4347534       15.7408295       16.7900009    
       33960   16.4227867       15.7516947       16.7900009    
       34020   16.4109840       15.7623453       16.7900009    
       34080   16.3998356       15.7728996       16.7900009    
       34140   16.3895073       15.7835255       16.7900009    
       34200   16.3795090       15.7942724       16.7900009    
       34260   16.3691807       15.8052130       16.7900009    
       34320   16.3585243       15.8163853       16.7900009    
       34380   16.3473778       15.8277130       16.7900009    
       34440   16.3359013       15.8389502       16.7900009    
       34500   16.3242626       15.8497810       16.7900009    
       34560   16.3131142       15.8598194       16.7900009    
       34620   16.3024597       15.8686056       16.7900009    
       34680   16.2924595       15.8758039       16.7900009    
       34740   16.2826233       15.8814325       16.7900009    
       34800   16.2729511       15.8857594       16.7900009    
       34860   16.2634430       15.8892221       16.7900009    
       34920   16.2549171       15.8921938       16.7900009    
       34980   16.2473774       15.8949480       16.7900009    
       35040   16.2404919       15.8976393       16.7900009    
       35100   16.2342625       15.9002991       16.7900009    
       35160   16.2290173       15.9028749       16.7900009    
       35220   16.2245903       15.9052992       16.7900009    
       35280   16.2208195       15.9075336       16.7900009    
       35340   16.2173767       15.9095230       16.7900009    
       35400   16.2144260       15.9111662       16.7900009    
       35460   16.2113113       15.9122801       16.7900009    
       35520   16.2077045       15.9126091       16.7900009    
       35580   16.2036057       15.9118290       16.7900009    
       35640   16.1996727       15.9096556       16.7900009    
       35700   16.1955738       15.9059114       16.7900009    
       35760   16.1913109       15.9005527       16.7900009    
       35820   16.1870499       15.8935690       16.7900009    
       35880   16.1829510       15.8849363       16.7900009    
       35940   16.1788521       15.8747282       16.7900009    
       36000   16.1745911       15.8630981       16.7900009    
       36060   16.1701641       15.8502722       16.0900002    
       36120   16.1659012       15.8364944       16.0900002    
       36180   16.1621304       15.8220072       16.0900002    
       36240   16.1586876       15.8069811       16.0900002    
       36300   16.1552467       15.7915688       16.0900002    
       36360   16.1529503       15.7759008       16.0900002    
       36420   16.1518040       15.7600546       16.0900002    
       36480   16.1531143       15.7441349       16.0900002    
       36540   16.1557369       15.7283812       16.0900002    
       36600   16.1596718       15.7133713       16.0900002    
       36660   16.1647549       15.7001114       16.0900002    
       36720   16.1709843       15.6897535       16.0900002    
       36780   16.1763935       15.6827822       16.0900002    
       36840   16.1822948       15.6784248       16.0900002    
       36900   16.1880322       15.6751518       16.0900002    
       36960   16.1936073       15.6715012       16.0900002    
       37020   16.1993446       15.6663542       16.0900002    
       37080   16.2049179       15.6588144       16.0900002    
       37140   16.2104912       15.6484509       16.0900002    
       37200   16.2154102       15.6354227       16.0900002    
       37260   16.2191811       15.6201658       16.0900002    
       37320   16.2218037       15.6032162       16.0900002    
       37380   16.2237701       15.5851917       16.0900002    
       37440   16.2252464       15.5665865       16.0900002    
       37500   16.2263927       15.5476923       16.0900002    
       37560   16.2260647       15.5286903       16.0900002    
       37620   16.2244263       15.5097237       16.0900002    
       37680   16.2206554       15.4908772       16.0900002    
       37740   16.2159023       15.4721842       16.0900002    
       37800   16.2109833       15.4536295       16.0900002    
       37860   16.2057381       15.4351606       16.0900002    
       37920   16.1996727       15.4167147       16.0900002    
       37980   16.1937714       15.3982573       16.0900002    
       38040   16.1870499       15.3797779       16.0900002    
       38100   16.1798363       15.3612843       16.0900002    
       38160   16.1724586       15.3427868       16.0900002    
       38220   16.1657372       15.3242922       16.0900002    
       38280   16.1593437       15.3057985       16.0900002    
       38340   16.1524582       15.2872887       16.0900002    
       38400   16.1457386       15.2687626       16.0900002    
       38460   16.1381969       15.2503090       16.0900002    
       38520   16.1286888       15.2321396       16.0900002    
       38580   16.1175404       15.2145443       16.0900002    
       38640   16.1054096       15.1977892       16.0900002    
       38700   16.0916386       15.1820450       16.0900002    
       38760   16.0760651       15.1673307       16.0900002    
       38820   16.0585251       15.1535378       16.0900002    
       38880   16.0395088       15.1406279       16.0900002    
       38940   16.0201645       15.1287079       16.0900002    
       39000   16.0006561       15.1177931       16.0900002    
       39060   15.9813118       15.1076632       16.0900002    
       39120   15.9632788       15.0981989       16.0900002    
       39180   15.9468851       15.0896635       16.0900002    
       39240   15.9318037       15.0824137       16.0900002    
       39300   15.9183607       15.0765276       16.0900002    
       39360   15.9057379       15.0717220       16.0900002    
       39420   15.8940983       15.0675316       16.0900002    
       39480   15.8837709       15.0635576       16.0900002    
       39540   15.8744259       15.0596170       16.0900002    
       39600   15.8660660       15.0556774       16.0900002    
       39660   15.8588524       15.0517569       15.7200003    
       39720   15.8526230       15.0478868       15.7200003    
       39780   15.8467216       15.0440893       15.7200003    
       39840   15.8413115       15.0404320       15.7200003    
       39900   15.8355742       15.0370588       15.7200003    
       39960   15.8306561       15.0341873       15.7200003    
       40020   15.8263931       15.0320835       15.7200003    
       40080   15.8221312       15.0309677       15.7200003    
       40140   15.8170490       15.0309162       15.7200003    
       40200   15.8111477       15.0316896       15.7200003    
       40260   15.8044262       15.0326004       15.7200003    
       40320   15.7977047       15.0327253       15.7200003    
       40380   15.7906561       15.0315657       15.7200003    
       40440   15.7840986       15.0294743       15.7200003    
       40500   15.7780333       15.0272465       15.7200003    
       40560   15.7729511       15.0255547       15.7200003    
       40620   15.7680330       15.0248079       15.7200003    
       40680   15.7627869       15.0252914       15.7200003    
       40740   15.7573767       15.0269327       15.7200003    
       40800   15.7521315       15.0292101       15.7200003    
       40860   15.7470493       15.0314770       15.7200003    
       40920   15.7424593       15.0332880       15.7200003    
       40980   15.7390165       15.0345783       15.7200003    
       41040   15.7360659       15.0356455       15.7200003    
       41100   15.7336063       15.0369787       15.7200003    
       41160   15.7324591       15.0389118       15.7200003    
       41220   15.7326231       15.0414553       15.7200003    
       41280   15.7337704       15.0443048       15.7200003    
       41340   15.7368851       15.0469542       15.7200003    
       41400   15.7404919       15.0488710       15.7200003    
       41460   15.7434425       15.0498657       15.7200003    
       41520   15.7465572       15.0499716       15.7200003    
       41580   15.7501640       15.0493183       15.7200003    
       41640   15.7531147       15.0480995       15.7200003    
       41700   15.7562294       15.0465326       15.7200003    
       41760   15.7586889       15.0448017       15.7200003    
       41820   15.7600002       15.0430212       15.7200003    
       41880   15.7596722       15.0412598       15.7200003    
       41940   15.7581968       15.0395870       15.7200003    
       42000   15.7560654       15.0380993       15.7200003    
       42060   15.7527866       15.0368776       15.7200003    
       42120   15.7496719       15.0359383       15.7200003    
       42180   15.7475414       15.0352087       15.7200003    
       42240   15.7454100       15.0345592       15.7200003    
       42300   15.7424593       15.0338326       15.7200003    
       42360   15.7391806       15.0329084       15.7200003    
       42420   15.7365570       15.0317297       15.7200003    
       42480   15.7340984       15.0302219       15.7200003    
       42540   15.7308197       15.0282249       15.7200003    
       42600   15.7268848       15.0257692       15.7200003    
       42660   15.7224588       15.0231943       15.7200003    
       42720   15.7172127       15.0207615       15.7200003    
       42780   15.7103281       15.0183353       15.7200003    
       42840   15.7016392       15.0156593       15.7200003    
       42900   15.6914759       15.0127010       15.7200003    
       42960   15.6793442       15.0096397       15.7200003    
       43020   15.6654100       15.0067053       15.7200003    
       43080   15.6486883       15.0040703       15.7200003    
       43140   15.6296721       15.0017586       15.7200003    
       43200   15.6088524       14.9997358       15.7200003    
       43260   15.5872135       14.9980030       15.9200001    
       43320   15.5654097       14.9966068       15.9200001    
       43380   15.5439348       14.9956198       15.9200001    
       43440   15.5242624       14.9951372       15.9200001    
       43500   15.5062294       14.9952497       15.9200001    
       43560   15.4908199       14.9959946       15.9200001    
       43620   15.4772129       14.9972801       15.9200001    
       43680   15.4649181       14.9988165       15.9200001    
       43740   15.4539347       15.0000706       15.9200001    
       43800   15.4440985       15.0002422       15.9200001    
       43860   15.4355736       14.9982100       15.9200001    
       43920   15.4278688       14.9928932       15.9200001    
       43980   15.4204922       14.9836874       15.9200001    
       44040   15.4132786       14.9708357       15.9200001    
       44100   15.4062300       14.9553518       15.9200001    
       44160   15.3990164       14.9387541       15.9200001    
       44220   15.3911476       14.9225779       15.9200001    
       44280   15.3831148       14.9079914       15.9200001    
       44340   15.3745899       14.8955240       15.9200001    
       44400   15.3657379       14.8849030       15.9200001    
       44460   15.3567209       14.8755970       15.9200001    
       44520   15.3477049       14.8672628       15.9200001    
       44580   15.3378687       14.8594971       15.9200001    
       44640   15.3275414       14.8516817       15.9200001    
       44700   15.3170490       14.8430920       15.9200001    
       44760   15.3070488       14.8331785       15.9200001    
       44820   15.2977047       14.8217287       15.9200001    
       44880   15.2891808       14.8089638       15.9200001    
       44940   15.2808199       14.7955751       15.9200001    
       45000   15.2722950       14.7824450       15.9200001    
       45060   15.2636070       14.7699728       15.9200001    
       45120   15.2545900       14.7581892       15.9200001    
       45180   15.2444258       14.7472200       15.9200001    
       45240   15.2337704       14.7375174       15.9200001    
       45300   15.2234430       14.7296867       15.9200001    
       45360   15.2136068       14.7237997       15.9200001    
       45420   15.2049179       14.7189102       15.9200001    
       45480   15.1978693       14.7138481       15.9200001    
       45540   15.1924591       14.7083397       15.9200001    
       45600   15.1883602       14.7026396       15.9200001    
       45660   15.1855736       14.6967258       15.9200001    
       45720   15.1845903       14.6903019       15.9200001    
       45780   15.1847544       14.6831465       15.9200001    
       45840   15.1859016       14.6752567       15.9200001    
       45900   15.1880331       14.6667881       15.9200001    
       45960   15.1916389       14.6578598       15.9200001    
       46020   15.1967211       14.6484241       15.9200001    
       46080   15.2024593       14.6382914       15.9200001    
       46140   15.2088528       14.6274500       15.9200001    
       46200   15.2163935       14.6161776       15.9200001    
       46260   15.2247543       14.6048861       15.9200001    
       46320   15.2329512       14.5939178       15.9200001    
       46380   15.2414751       14.5834675       15.9200001    
       46440   15.2500000       14.5734797       15.9200001    
       46500   15.2585249       14.5636930       15.9200001    
       46560   15.2675409       14.5538521       15.9200001    
       46620   15.2773771       14.5438395       15.9200001    
       46680   15.2883606       14.5335922       15.9200001    
       46740   15.3016396       14.5229902       15.9200001    
       46800   15.3163939       14.5117702       15.9200001    
       46860   15.3321314       14.4995346       15.3100004    
       46920   15.3481970       14.4858770       15.3100004    
       46980   15.3636065       14.4704599       15.3100004    
       47040   15.3785248       14.4534311       15.3100004    
       47100   15.3916397       14.4353657       15.3100004    
       47160   15.4026232       14.4167290       15.3100004    
       47220   15.4111471       14.3977728       15.3100004    
       47280   15.4178686       14.3789167       15.3100004    
       47340   15.4227867       14.3607025       15.3100004    
       47400   15.4260654       14.3436346       15.3100004    
       47460   15.4281969       14.3284359       15.3100004    
       47520   15.4288521       14.3158674       15.3100004    
       47580   15.4285250       14.3064365       15.3100004    
       47640   15.4267216       14.2999411       15.3100004    
       47700   15.4237709       14.2954597       15.3100004    
       47760   15.4198360       14.2917719       15.3100004    
       47820   15.4152460       14.2878113       15.3100004    
       47880   15.4101639       14.2829075       15.3100004    
       47940   15.4042625       14.2770681       15.3100004    
       48000   15.3981972       14.2711544       15.3100004    
       48060   15.3911476       14.2660675       15.3100004    
       48120   15.3836069       14.2619705       15.3100004    
       48180   15.3755741       14.2584658       15.3100004    
       48240   15.3686886       14.2550955       15.3100004    
       48300   15.3632784       14.2520237       15.3100004    
       48360   15.3590164       14.2496214       15.3100004    
       48420   15.3549185       14.2478495       15.3100004    
       48480   15.3501635       14.2465134       15.3100004    
       48540   15.3450823       14.2453079       15.3100004    
       48600   15.3398361       14.2438126       15.3100004    
       48660   15.3337708       14.2417879       15.3100004    
       48720   15.3270493       14.2393341       15.3100004    
       48780   15.3195086       14.2366047       15.3100004    
       48840   15.3121309       14.2334614       15.3100004    
       48900   15.3047543       14.2294750       15.3100004    
       48960   15.2967215       14.2245169       15.3100004    
       49020   15.2883606       14.2193918       15.3100004    
       49080   15.2796717       14.2152977       15.3100004    
       49140   15.2700005       14.2126560       15.3100004    
       49200   15.2586889       14.2109737       15.3100004    
       49260   15.2459021       14.2096071       15.3100004    
       49320   15.2316389       14.2081022       15.3100004    
       49380   15.2159014       14.2062263       15.3100004    
       49440   15.1985245       14.2039042       15.3100004    
       49500   15.1801643       14.2011127       15.3100004    
       49560   15.1613111       14.1979408       15.3100004    
       49620   15.1421309       14.1946878       15.3100004    
       49680   15.1229506       14.1917171       15.3100004    
       49740   15.1042624       14.1890860       15.3100004    
       49800   15.0862293       14.1864109       15.3100004    
       49860   15.0686884       14.1832705       15.3100004    
       49920   15.0511475       14.1793995       15.3100004    
       49980   15.0342627       14.1746750       15.3100004    
       50040   15.0173769       14.1692743       15.3100004    
       50100   15.0004921       14.1636982       15.3100004    
       50160   14.9839344       14.1584549       15.3100004    
       50220   14.9673767       14.1537838       15.3100004    
       50280   14.9508200       14.1497450       15.3100004    
       50340   14.9349184       14.1464281       15.3100004    
       50400   14.9195080       14.1440687       15.3100004    
       50460   14.9045906       14.1430902       14.9099998    
       50520   14.8901644       14.1439896       14.9099998    
       50580   14.8763933       14.1471977       14.9099998    
       50640   14.8640985       14.1525745       14.9099998    
       50700   14.8524590       14.1593275       14.9099998    
       50760   14.8413115       14.1666346       14.9099998    
       50820   14.8301640       14.1741848       14.9099998    
       50880   14.8188524       14.1821365       14.9099998    
       50940   14.8067217       14.1908741       14.9099998    
       51000   14.7937708       14.2005959       14.9099998    
       51060   14.7803278       14.2109709       14.9099998    
       51120   14.7672129       14.2214613       14.9099998    
       51180   14.7549181       14.2317905       14.9099998    
       51240   14.7436066       14.2418442       14.9099998    
       51300   14.7331152       14.2515545       14.9099998    
       51360   14.7222948       14.2606583       14.9099998    
       51420   14.7109833       14.2687597       14.9099998    
       51480   14.7003279       14.2755537       14.9099998    
       51540   14.6904917       14.2808352       14.9099998    
       51600   14.6814756       14.2844734       14.9099998    
       51660   14.6721315       14.2865305       14.9099998    
       51720   14.6627865       14.2873611       14.9099998    
       51780   14.6526232       14.2875328       14.9099998    
       51840   14.6419668       14.2875586       14.9099998    
       51900   14.6308193       14.2872791       14.9099998    
       51960   14.6183605       14.2862997       14.9099998    
       52020   14.6050816       14.2846231       14.9099998    
       52080   14.5914755       14.2823439       14.9099998    
       52140   14.5783606       14.2794743       14.9099998    
       52200   14.5652456       14.2760420       14.9099998    
       52260   14.5522947       14.2719975       14.9099998    
       52320   14.5403280       14.2670040       14.9099998    
       52380   14.5295086       14.2606220       14.9099998    
       52440   14.5198364       14.2525883       14.9099998    
       52500   14.5109835       14.2430458       14.9099998    
       52560   14.5032787       14.2326174       14.9099998    
       52620   14.4965572       14.2220745       14.9099998    
       52680   14.4901638       14.2117672       14.9099998    
       52740   14.4837704       14.2014599       14.9099998    
       52800   14.4780331       14.1908588       14.9099998    
       52860   14.4732790       14.1799231       14.9099998    
       52920   14.4693441       14.1688414       14.9099998    
       52980   14.4662294       14.1578264       14.9099998    
       53040   14.4629507       14.1470909       14.9099998    
       53100   14.4593439       14.1368494       14.9099998    
       53160   14.4549179       14.1271286       14.9099998    
       53220   14.4491806       14.1176100       14.9099998    
       53280   14.4419670       14.1078196       14.9099998    
       53340   14.4332790       14.0974045       14.9099998    
       53400   14.4231148       14.0862293       14.9099998    
       53460   14.4114752       14.0741692       14.9099998    
       53520   14.3978691       14.0611076       14.9099998    
       53580   14.3824587       14.0470448       14.9099998    
       53640   14.3654099       14.0319910       14.9099998    
       53700   14.3468857       14.0159540       14.9099998    
       53760   14.3273773       13.9992685       14.9099998    
       53820   14.3065577       13.9827452       14.9099998    
       53880   14.2844267       13.9671926       14.9099998    
       53940   14.2609835       13.9530945       14.9099998    
       54000   14.2363930       13.9406624       14.9099998    
       54060   14.2101641       13.9299097       14.3299999    
       54120   14.1831150       13.9205780       14.3299999    
       54180   14.1555738       13.9121418       14.3299999    
       54240   14.1272135       13.9040966       14.3299999    
       54300   14.0980330       13.8962593       14.3299999    
       54360   14.0683603       13.8884478       14.3299999    
       54420   14.0385246       13.8803730       14.3299999    
       54480   14.0091801       13.8713083       14.3299999    
       54540   13.9811478       13.8604441       14.3299999    
       54600   13.9550819       13.8476763       14.3299999    
       54660   13.9306555       13.8333426       14.3299999    
       54720   13.9065571       13.8178072       14.3299999    
       54780   13.8818035       13.8013735       14.3299999    
       54840   13.8590164       13.7844524       14.3299999    
       54900   13.8375406       13.7675219       14.3299999    
       54960   13.8157377       13.7510166       14.3299999    
       55020   13.7932787       13.7351913       14.3299999    
       55080   13.7701635       13.7201252       14.3299999    
       55140   13.7457380       13.7057734       14.3299999    
       55200   13.7201643       13.6920071       14.3299999    
       55260   13.6939344       13.6786346       14.3299999    
       55320   13.6678686       13.6654358       14.3299999    
       55380   13.6426229       13.6521235       14.3299999    
       55440   13.6181965       13.6383419       14.3299999    
       55500   13.5940981       13.6237946       14.3299999    
       55560   13.5701637       13.6083698       14.3299999    
       55620   13.5459013       13.5921984       14.3299999    
       55680   13.5214758       13.5755825       14.3299999    
       55740   13.4970493       13.5589943       14.3299999    
       55800   13.4721308       13.5431128       14.3299999    
       55860   13.4472132       13.5288839       14.3299999    
       55920   13.4224586       13.5173092       14.3299999    
       55980   13.3980331       13.5089750       14.3299999    
       56040   13.3734426       13.5039997       14.3299999    
       56100   13.3493443       13.5020752       14.3299999    
       56160   13.3252459       13.5025253       14.3299999    
       56220   13.3011475       13.5046177       14.3299999    
       56280   13.2767210       13.5076094       14.3299999    
       56340   13.2524586       13.5108213       14.3299999    
       56400   13.2285242       13.5138617       14.3299999    
       56460   13.2049179       13.5169029       14.3299999    
       56520   13.1813116       13.5201073       14.3299999    
       56580   13.1578684       13.5232754       14.3299999    
       56640   13.1344261       13.5257778       14.3299999    
       56700   13.1118031       13.5269098       14.3299999    
       56760   13.0909834       13.5263367       14.3299999    
       56820   13.0721312       13.5242977       14.3299999    
       56880   13.0552464       13.5215206       14.3299999    
       56940   13.0403280       13.5188160       14.3299999    
       57000   13.0267210       13.5167046       14.3299999    
       57060   13.0144262       13.5152807       14.3299999    
       57120   13.0037708       13.5144234       14.3299999    
       57180   12.9952459       13.5140324       14.3299999    
       57240   12.9883604       13.5141115       14.3299999    
       57300   12.9829512       13.5147266       14.3299999    
       57360   12.9791803       13.5155783       14.3299999    
       57420   12.9768848       13.5158119       14.3299999    
       57480   12.9763937       13.5145426       14.3299999    
       57540   12.9775410       13.5113029       14.3299999    
       57600   12.9799995       13.5059843       14.3299999    
       57660   12.9831152       13.4985800       12.8299999    
       57720   12.9873772       13.4891968       12.8299999    
       57780   12.9921312       13.4781294       12.8299999    
       57840   12.9975414       13.4656382       12.8299999    
       57900   13.0031147       13.4517689       12.8299999    
       57960   13.0085249       13.4368258       12.8299999    
       58020   13.0134430       13.4213791       12.8299999    
       58080   13.0178690       13.4062700       12.8299999    
       58140   13.0218029       13.3922596       12.8299999    
       58200   13.0244265       13.3796082       12.8299999    
       58260   13.0254097       13.3684111       12.8299999    
       58320   13.0259018       13.3586731       12.8299999    
       58380   13.0268850       13.3499479       12.8299999    
       58440   13.0283604       13.3415756       12.8299999    
       58500   13.0270491       13.3330183       12.8299999    
       58560   13.0237703       13.3239384       12.8299999    
       58620   13.0208197       13.3141279       12.8299999    
       58680   13.0193443       13.3034735       12.8299999    
       58740   13.0195084       13.2919340       12.8299999    
       58800   13.0206556       13.2795410       12.8299999    
       58860   13.0227871       13.2664824       12.8299999    
       58920   13.0260658       13.2532463       12.8299999    
       58980   13.0303278       13.2407942       12.8299999    
       59040   13.0347538       13.2303009       12.8299999    
       59100   13.0395079       13.2225552       12.8299999    
       59160   13.0449181       13.2176247       12.8299999    
       59220   13.0504913       13.2149553       12.8299999    
       59280   13.0565577       13.2138186       12.8299999    
       59340   13.0624590       13.2136955       12.8299999    
       59400   13.0683603       13.2140198       12.8299999    
       59460   13.0744267       13.2140818       12.8299999    
       59520   13.0804920       13.2132645       12.8299999    
       59580   13.0865574       13.2112484       12.8299999    
       59640   13.0922947       13.2078495       12.8299999    
       59700   13.0983610       13.2029066       12.8299999    
       59760   13.1040983       13.1963215       12.8299999    
       59820   13.1099997       13.1880703       12.8299999    
       59880   13.1157379       13.1784678       12.8299999    
       59940   13.1216393       13.1682224       12.8299999    
       60000   13.1273775       13.1581001       12.8299999    
       60060   13.1332788       13.1484041       12.8299999    
       60120   13.1390162       13.1393690       12.8299999    
       60180   13.1444263       13.1314669       12.8299999    
       60240   13.1496725       13.1254854       12.8299999    
       60300   13.1550817       13.1220894       12.8299999    
       60360   13.1601639       13.1211834       12.8299999    
       60420   13.1647539       13.1218843       12.8299999    
       60480   13.1688528       13.1235342       12.8299999    
       60540   13.1722946       13.1263685       12.8299999    
       60600   13.1752462       13.1313143       12.8299999    
       60660   13.1780329       13.1388283       12.8299999    
       60720   13.1806555       13.1480532       12.8299999    
       60780   13.1829510       13.1578979       12.8299999    
       60840   13.1854095       13.1679077       12.8299999    
       60900   13.1881971       13.1778059       12.8299999    
       60960   13.1911478       13.1874638       12.8299999    
       61020   13.1944265       13.1970224       12.8299999    
       61080   13.1978693       13.2066946       12.8299999    
       61140   13.2011471       13.2165537       12.8299999    
       61200   13.2044258       13.2265167       12.8299999    
