 20190626
 Seconds  Measures(TEMP-C°)  Meso-NH(TEMP-C°)  FORECAST_AR(TEMP-C°)
        3660   12.3080330       13.1802711       12.6400003    
        3720   12.3027868       13.1796036       12.6400003    
        3780   12.2940979       13.1784496       12.6400003    
        3840   12.2888527       13.1770258       12.6400003    
        3900   12.2850819       13.1756306       12.6400003    
        3960   12.2801638       13.1740875       12.6400003    
        4020   12.2722950       13.1720028       12.6400003    
        4080   12.2622948       13.1694880       12.6400003    
        4140   12.2539349       13.1668386       12.6400003    
        4200   12.2406559       13.1640062       12.6400003    
        4260   12.2257376       13.1599216       12.6400003    
        4320   12.2140980       13.1535759       12.6400003    
        4380   12.1939344       13.1450434       12.6400003    
        4440   12.1749182       13.1352062       12.6400003    
        4500   12.1626234       13.1252260       12.6400003    
        4560   12.1499996       13.1161652       12.6400003    
        4620   12.1362295       13.1082621       12.6400003    
        4680   12.1239347       13.1020470       12.6400003    
        4740   12.1139345       13.0980959       12.6400003    
        4800   12.1049185       13.0965509       12.6400003    
        4860   12.1019669       13.0967884       12.6400003    
        4920   12.0985250       13.0978155       12.6400003    
        4980   12.0962296       13.0990677       12.6400003    
        5040   12.0860653       13.1006241       12.6400003    
        5100   12.0801640       13.1033707       12.6400003    
        5160   12.0778685       13.1080017       12.6400003    
        5220   12.0736065       13.1139088       12.6400003    
        5280   12.0704918       13.1199741       12.6400003    
        5340   12.0695086       13.1251249       12.6400003    
        5400   12.0706558       13.1289902       12.6400003    
        5460   12.0665569       13.1320257       12.6400003    
        5520   12.0565577       13.1365929       12.6400003    
        5580   12.0444260       13.1441784       12.6400003    
        5640   12.0326233       13.1533833       12.6400003    
        5700   12.0281963       13.1625652       12.6400003    
        5760   12.0229511       13.1710539       12.6400003    
        5820   12.0116396       13.1775904       12.6400003    
        5880   11.9993439       13.1801481       12.6400003    
        5940   11.9899998       13.1796637       12.6400003    
        6000   11.9814758       13.1779556       12.6400003    
        6060   11.9734430       13.1754332       12.6400003    
        6120   11.9672127       13.1721754       12.6400003    
        6180   11.9604921       13.1697865       12.6400003    
        6240   11.9544258       13.1692801       12.6400003    
        6300   11.9518032       13.1698837       12.6400003    
        6360   11.9504919       13.1708660       12.6400003    
        6420   11.9509840       13.1724434       12.6400003    
        6480   11.9527864       13.1747665       12.6400003    
        6540   11.9501638       13.1777887       12.6400003    
        6600   11.9445906       13.1813869       12.6400003    
        6660   11.9383602       13.1855812       12.6400003    
        6720   11.9339342       13.1916428       12.6400003    
        6780   11.9291801       13.2003260       12.6400003    
        6840   11.9242620       13.2109585       12.6400003    
        6900   11.9178686       13.2214451       12.6400003    
        6960   11.9124594       13.2292814       12.6400003    
        7020   11.9027872       13.2332554       12.6400003    
        7080   11.8934422       13.2342539       12.6400003    
        7140   11.8873768       13.2334280       12.6400003    
        7200   11.8806553       13.2323551       12.6400003    
        7260   11.8762293       13.2320051       11.9399996    
        7320   11.8708200       13.2327614       11.9399996    
        7380   11.8616390       13.2346830       11.9399996    
        7440   11.8539343       13.2371302       11.9399996    
        7500   11.8439341       13.2393017       11.9399996    
        7560   11.8354101       13.2411442       11.9399996    
        7620   11.8308201       13.2430859       11.9399996    
        7680   11.8262291       13.2450113       11.9399996    
        7740   11.8191805       13.2462311       11.9399996    
        7800   11.8109837       13.2461023       11.9399996    
        7860   11.8032789       13.2453938       11.9399996    
        7920   11.7954102       13.2454338       11.9399996    
        7980   11.7870493       13.2465448       11.9399996    
        8040   11.7795086       13.2479038       11.9399996    
        8100   11.7727871       13.2479610       11.9399996    
        8160   11.7673769       13.2452106       11.9399996    
        8220   11.7606554       13.2394075       11.9399996    
        8280   11.7531147       13.2305756       11.9399996    
        8340   11.7455740       13.2186995       11.9399996    
        8400   11.7375412       13.2039471       11.9399996    
        8460   11.7281971       13.1873026       11.9399996    
        8520   11.7185249       13.1704245       11.9399996    
        8580   11.7086887       13.1547365       11.9399996    
        8640   11.6965570       13.1404009       11.9399996    
        8700   11.6870489       13.1262350       11.9399996    
        8760   11.6790161       13.1112747       11.9399996    
        8820   11.6736069       13.0954666       11.9399996    
        8880   11.6677046       13.0788946       11.9399996    
        8940   11.6590166       13.0614653       11.9399996    
        9000   11.6496725       13.0435753       11.9399996    
        9060   11.6372128       13.0257225       11.9399996    
        9120   11.6260653       13.0080910       11.9399996    
        9180   11.6162291       12.9904757       11.9399996    
        9240   11.6057377       12.9722319       11.9399996    
        9300   11.5968857       12.9530087       11.9399996    
        9360   11.5886889       12.9328938       11.9399996    
        9420   11.5826225       12.9132776       11.9399996    
        9480   11.5773773       12.8963928       11.9399996    
        9540   11.5695086       12.8812742       11.9399996    
        9600   11.5586882       12.8661642       11.9399996    
        9660   11.5454102       12.8507700       11.9399996    
        9720   11.5332785       12.8358984       11.9399996    
        9780   11.5226231       12.8222818       11.9399996    
        9840   11.5122948       12.8095245       11.9399996    
        9900   11.5027866       12.7968721       11.9399996    
        9960   11.4940987       12.7841749       11.9399996    
       10020   11.4857378       12.7712059       11.9399996    
       10080   11.4762297       12.7579298       11.9399996    
       10140   11.4649181       12.7445765       11.9399996    
       10200   11.4552460       12.7317104       11.9399996    
       10260   11.4473772       12.7200212       11.9399996    
       10320   11.4396725       12.7085714       11.9399996    
       10380   11.4327869       12.6962004       11.9399996    
       10440   11.4250822       12.6823902       11.9399996    
       10500   11.4160652       12.6671419       11.9399996    
       10560   11.4063931       12.6510563       11.9399996    
       10620   11.3960657       12.6348839       11.9399996    
       10680   11.3863935       12.6189747       11.9399996    
       10740   11.3772135       12.6033993       11.9399996    
       10800   11.3675413       12.5881805       11.9399996    
       10860   11.3580332       12.5732956       11.3199997    
       10920   11.3493443       12.5585794       11.3199997    
       10980   11.3400002       12.5437984       11.3199997    
       11040   11.3309832       12.5289192       11.3199997    
       11100   11.3231144       12.5139256       11.3199997    
       11160   11.3152456       12.4985561       11.3199997    
       11220   11.3060656       12.4824877       11.3199997    
       11280   11.2944260       12.4657326       11.3199997    
       11340   11.2837706       12.4487963       11.3199997    
       11400   11.2749176       12.4324188       11.3199997    
       11460   11.2662296       12.4167891       11.3199997    
       11520   11.2570496       12.4014053       11.3199997    
       11580   11.2486887       12.3859024       11.3199997    
       11640   11.2411480       12.3704777       11.3199997    
       11700   11.2319670       12.3557110       11.3199997    
       11760   11.2219667       12.3421783       11.3199997    
       11820   11.2108192       12.3301907       11.3199997    
       11880   11.2004919       12.3197937       11.3199997    
       11940   11.1901636       12.3110180       11.3199997    
       12000   11.1804914       12.3036499       11.3199997    
       12060   11.1718035       12.2967653       11.3199997    
       12120   11.1636066       12.2894011       11.3199997    
       12180   11.1545906       12.2811089       11.3199997    
       12240   11.1459017       12.2717962       11.3199997    
       12300   11.1380329       12.2615509       11.3199997    
       12360   11.1296721       12.2505503       11.3199997    
       12420   11.1208200       12.2390642       11.3199997    
       12480   11.1111479       12.2273941       11.3199997    
       12540   11.1022949       12.2157907       11.3199997    
       12600   11.0947542       12.2043028       11.3199997    
       12660   11.0857372       12.1928539       11.3199997    
       12720   11.0773773       12.1814766       11.3199997    
       12780   11.0698357       12.1704121       11.3199997    
       12840   11.0606556       12.1598186       11.3199997    
       12900   11.0518036       12.1495199       11.3199997    
       12960   11.0413113       12.1392403       11.3199997    
       13020   11.0303278       12.1288519       11.3199997    
       13080   11.0190163       12.1184111       11.3199997    
       13140   11.0077047       12.1080284       11.3199997    
       13200   10.9986887       12.0977974       11.3199997    
       13260   10.9898357       12.0877991       11.3199997    
       13320   10.9806557       12.0781231       11.3199997    
       13380   10.9716396       12.0687885       11.3199997    
       13440   10.9626226       12.0596495       11.3199997    
       13500   10.9542627       12.0504217       11.3199997    
       13560   10.9450817       12.0406713       11.3199997    
       13620   10.9354095       12.0299244       11.3199997    
       13680   10.9245901       12.0179071       11.3199997    
       13740   10.9129505       12.0047255       11.3199997    
       13800   10.9013119       11.9907379       11.3199997    
       13860   10.8898363       11.9764395       11.3199997    
       13920   10.8813114       11.9623966       11.3199997    
       13980   10.8742619       11.9491158       11.3199997    
       14040   10.8663931       11.9369898       11.3199997    
       14100   10.8583603       11.9262314       11.3199997    
       14160   10.8506556       11.9165754       11.3199997    
       14220   10.8427868       11.9075060       11.3199997    
       14280   10.8339348       11.8985376       11.3199997    
       14340   10.8255739       11.8892431       11.3199997    
       14400   10.8177052       11.8792467       11.3199997    
       14460   10.8095083       11.8683290       10.7900000    
       14520   10.8013115       11.8565416       10.7900000    
       14580   10.7924595       11.8441153       10.7900000    
       14640   10.7845898       11.8312798       10.7900000    
       14700   10.7768850       11.8184385       10.7900000    
       14760   10.7688522       11.8061695       10.7900000    
       14820   10.7609835       11.7947588       10.7900000    
       14880   10.7531147       11.7840986       10.7900000    
       14940   10.7467213       11.7740774       10.7900000    
       15000   10.7413111       11.7647305       10.7900000    
       15060   10.7367210       11.7560711       10.7900000    
       15120   10.7314758       11.7479343       10.7900000    
       15180   10.7273769       11.7400131       10.7900000    
       15240   10.7236061       11.7318411       10.7900000    
       15300   10.7191801       11.7230644       10.7900000    
       15360   10.7139349       11.7139788       10.7900000    
       15420   10.7080326       11.7050896       10.7900000    
       15480   10.7026234       11.6967068       10.7900000    
       15540   10.6972132       11.6889210       10.7900000    
       15600   10.6922951       11.6816292       10.7900000    
       15660   10.6875410       11.6745958       10.7900000    
       15720   10.6822948       11.6678801       10.7900000    
       15780   10.6765575       11.6618223       10.7900000    
       15840   10.6704922       11.6564426       10.7900000    
       15900   10.6652460       11.6515360       10.7900000    
       15960   10.6588526       11.6469564       10.7900000    
       16020   10.6527872       11.6426516       10.7900000    
       16080   10.6467209       11.6386118       10.7900000    
       16140   10.6404915       11.6347189       10.7900000    
       16200   10.6344261       11.6308813       10.7900000    
       16260   10.6293440       11.6271544       10.7900000    
       16320   10.6247540       11.6234789       10.7900000    
       16380   10.6190166       11.6194334       10.7900000    
       16440   10.6136065       11.6145697       10.7900000    
       16500   10.6106558       11.6089697       10.7900000    
       16560   10.6083603       11.6031122       10.7900000    
       16620   10.6062298       11.5974131       10.7900000    
       16680   10.6036062       11.5920715       10.7900000    
       16740   10.6011477       11.5869598       10.7900000    
       16800   10.5985250       11.5816965       10.7900000    
       16860   10.5949183       11.5761518       10.7900000    
       16920   10.5916395       11.5704851       10.7900000    
       16980   10.5883608       11.5647640       10.7900000    
       17040   10.5849180       11.5589848       10.7900000    
       17100   10.5809832       11.5532589       10.7900000    
       17160   10.5778685       11.5478411       10.7900000    
       17220   10.5744267       11.5429773       10.7900000    
       17280   10.5709839       11.5387087       10.7900000    
       17340   10.5709839       11.5347090       10.7900000    
       17400   10.5719671       11.5305872       10.7900000    
       17460   10.5724592       11.5262241       10.7900000    
       17520   10.5716391       11.5216608       10.7900000    
       17580   10.5673771       11.5168009       10.7900000    
       17640   10.5626230       11.5114622       10.7900000    
       17700   10.5573769       11.5054951       10.7900000    
       17760   10.5526228       11.4989662       10.7900000    
       17820   10.5486889       11.4921083       10.7900000    
       17880   10.5452461       11.4851284       10.7900000    
       17940   10.5436068       11.4781771       10.7900000    
       18000   10.5424595       11.4713297       10.7900000    
       18060   10.5404921       11.4646320       10.4399996    
       18120   10.5375414       11.4581804       10.4399996    
       18180   10.5345898       11.4521465       10.4399996    
       18240   10.5373774       11.4466181       10.4399996    
       18300   10.5400000       11.4413700       10.4399996    
       18360   10.5404921       11.4359341       10.4399996    
       18420   10.5404921       11.4300146       10.4399996    
       18480   10.5395079       11.4235048       10.4399996    
       18540   10.5378685       11.4162989       10.4399996    
       18600   10.5342627       11.4082832       10.4399996    
       18660   10.5298357       11.3994865       10.4399996    
       18720   10.5240984       11.3902092       10.4399996    
       18780   10.5204916       11.3809147       10.4399996    
       18840   10.5190163       11.3721256       10.4399996    
       18900   10.5190163       11.3641605       10.4399996    
       18960   10.5206556       11.3565493       10.4399996    
       19020   10.5214758       11.3486195       10.4399996    
       19080   10.5206556       11.3401613       10.4399996    
       19140   10.5177050       11.3313179       10.4399996    
       19200   10.5137701       11.3223495       10.4399996    
       19260   10.5095081       11.3137140       10.4399996    
       19320   10.5047541       11.3055983       10.4399996    
       19380   10.5013113       11.2976780       10.4399996    
       19440   10.4993439       11.2897272       10.4399996    
       19500   10.5000000       11.2817497       10.4399996    
       19560   10.5004921       11.2738323       10.4399996    
       19620   10.5021315       11.2660799       10.4399996    
       19680   10.5014753       11.2584915       10.4399996    
       19740   10.5000000       11.2509375       10.4399996    
       19800   10.5011473       11.2432461       10.4399996    
       19860   10.5057373       11.2353210       10.4399996    
       19920   10.5075407       11.2272224       10.4399996    
       19980   10.5081968       11.2192755       10.4399996    
       20040   10.5088520       11.2117901       10.4399996    
       20100   10.5100002       11.2047014       10.4399996    
       20160   10.5103283       11.1977310       10.4399996    
       20220   10.5106554       11.1906576       10.4399996    
       20280   10.5098362       11.1833286       10.4399996    
       20340   10.5085249       11.1757174       10.4399996    
       20400   10.5073767       11.1679640       10.4399996    
       20460   10.5068855       11.1600637       10.4399996    
       20520   10.5060654       11.1518259       10.4399996    
       20580   10.5063934       11.1431713       10.4399996    
       20640   10.5078688       11.1341820       10.4399996    
       20700   10.5113115       11.1250229       10.4399996    
       20760   10.5157375       11.1159000       10.4399996    
       20820   10.5177050       11.1069727       10.4399996    
       20880   10.5188522       11.0981703       10.4399996    
       20940   10.5201635       11.0893679       10.4399996    
       21000   10.5203276       11.0807285       10.4399996    
       21060   10.5209837       11.0724277       10.4399996    
       21120   10.5214758       11.0644283       10.4399996    
       21180   10.5204916       11.0565844       10.4399996    
       21240   10.5200005       11.0487404       10.4399996    
       21300   10.5208197       11.0407944       10.4399996    
       21360   10.5237703       11.0327930       10.4399996    
       21420   10.5249176       11.0248775       10.4399996    
       21480   10.5257378       11.0171661       10.4399996    
       21540   10.5273771       11.0096741       10.4399996    
       21600   10.5273771       11.0023432       10.4399996    
       21660   10.5267210       10.9951067       10.5400000    
       21720   10.5260658       10.9879398       10.5400000    
       21780   10.5262299       10.9808283       10.5400000    
       21840   10.5260658       10.9737797       10.5400000    
       21900   10.5203276       10.9669533       10.5400000    
       21960   10.5149183       10.9605789       10.5400000    
       22020   10.5126228       10.9548702       10.5400000    
       22080   10.5113115       10.9500675       10.5400000    
       22140   10.5126228       10.9461746       10.5400000    
       22200   10.5162296       10.9425735       10.5400000    
       22260   10.5211477       10.9385557       10.5400000    
       22320   10.5255737       10.9337683       10.5400000    
       22380   10.5295086       10.9280930       10.5400000    
       22440   10.5337706       10.9216499       10.5400000    
       22500   10.5357380       10.9148207       10.5400000    
       22560   10.5360651       10.9081230       10.5400000    
       22620   10.5332785       10.9017668       10.5400000    
       22680   10.5309839       10.8957071       10.5400000    
       22740   10.5303278       10.8898802       10.5400000    
       22800   10.5329504       10.8839550       10.5400000    
       22860   10.5386887       10.8773565       10.5400000    
       22920   10.5454102       10.8699493       10.5400000    
       22980   10.5527868       10.8620701       10.5400000    
       23040   10.5572128       10.8541193       10.5400000    
       23100   10.5595083       10.8463326       10.5400000    
       23160   10.5590162       10.8386145       10.5400000    
       23220   10.5581970       10.8306704       10.5400000    
       23280   10.5570488       10.8224373       10.5400000    
       23340   10.5581970       10.8141823       10.5400000    
       23400   10.5598364       10.8062229       10.5400000    
       23460   10.5603275       10.7985058       10.5400000    
       23520   10.5603275       10.7905922       10.5400000    
       23580   10.5629511       10.7820225       10.5400000    
       23640   10.5652456       10.7726097       10.5400000    
       23700   10.5670490       10.7625160       10.5400000    
       23760   10.5668850       10.7520685       10.5400000    
       23820   10.5659018       10.7415915       10.5400000    
       23880   10.5645905       10.7312899       10.5400000    
       23940   10.5652456       10.7212257       10.5400000    
       24000   10.5659018       10.7115698       10.5400000    
       24060   10.5659018       10.7026548       10.5400000    
       24120   10.5654097       10.6946163       10.5400000    
       24180   10.5675411       10.6872063       10.5400000    
       24240   10.5680332       10.6799545       10.5400000    
       24300   10.5675411       10.6724882       10.5400000    
       24360   10.5677052       10.6646433       10.5400000    
       24420   10.5663939       10.6563377       10.5400000    
       24480   10.5652456       10.6476336       10.5400000    
       24540   10.5632792       10.6387177       10.5400000    
       24600   10.5604916       10.6295376       10.5400000    
       24660   10.5560656       10.6198797       10.5400000    
       24720   10.5511475       10.6096449       10.5400000    
       24780   10.5462294       10.5991068       10.5400000    
       24840   10.5449181       10.5887213       10.5400000    
       24900   10.5442619       10.5788965       10.5400000    
       24960   10.5422955       10.5698576       10.5400000    
       25020   10.5398359       10.5615673       10.5400000    
       25080   10.5398359       10.5537586       10.5400000    
       25140   10.5411472       10.5459709       10.5400000    
       25200   10.5411472       10.5377760       10.5400000    
       25260   10.5404921       10.5290194       10.7900000    
       25320   10.5398359       10.5200596       10.7900000    
       25380   10.5398359       10.5118790       10.7900000    
       25440   10.5404921       10.5052862       10.7900000    
       25500   10.5422955       10.4998484       10.7900000    
       25560   10.5427866       10.4945717       10.7900000    
       25620   10.5427866       10.4883995       10.7900000    
       25680   10.5436068       10.4806404       10.7900000    
       25740   10.5445900       10.4711952       10.7900000    
       25800   10.5439348       10.4610996       10.7900000    
       25860   10.5406561       10.4516010       10.7900000    
       25920   10.5362291       10.4433289       10.7900000    
       25980   10.5337706       10.4366732       10.7900000    
       26040   10.5326233       10.4316540       10.7900000    
       26100   10.5296717       10.4276209       10.7900000    
       26160   10.5262299       10.4237003       10.7900000    
       26220   10.5221310       10.4193087       10.7900000    
       26280   10.5193443       10.4140949       10.7900000    
       26340   10.5181971       10.4082336       10.7900000    
       26400   10.5183611       10.4026079       10.7900000    
       26460   10.5167217       10.3979988       10.7900000    
       26520   10.5122948       10.3944817       10.7900000    
       26580   10.5075407       10.3917198       10.7900000    
       26640   10.5024586       10.3892746       10.7900000    
       26700   10.4996719       10.3867655       10.7900000    
       26760   10.4978685       10.3839216       10.7900000    
       26820   10.4960651       10.3804693       10.7900000    
       26880   10.4949179       10.3763514       10.7900000    
       26940   10.4924593       10.3717976       10.7900000    
       27000   10.4891806       10.3672066       10.7900000    
       27060   10.4873772       10.3629913       10.7900000    
       27120   10.4840984       10.3593798       10.7900000    
       27180   10.4772129       10.3562870       10.7900000    
       27240   10.4701643       10.3534393       10.7900000    
       27300   10.4642620       10.3505058       10.7900000    
       27360   10.4596720       10.3473568       10.7900000    
       27420   10.4562292       10.3442059       10.7900000    
       27480   10.4529505       10.3415508       10.7900000    
       27540   10.4486885       10.3399353       10.7900000    
       27600   10.4432783       10.3395233       10.7900000    
       27660   10.4395084       10.3399115       10.7900000    
       27720   10.4365578       10.3406734       10.7900000    
       27780   10.4326229       10.3414793       10.7900000    
       27840   10.4268856       10.3421078       10.7900000    
       27900   10.4208193       10.3423004       10.7900000    
       27960   10.4157381       10.3418283       10.7900000    
       28020   10.4077053       10.3410006       10.7900000    
       28080   10.4003277       10.3404808       10.7900000    
       28140   10.3936062       10.3406448       10.7900000    
       28200   10.3890162       10.3415651       10.7900000    
       28260   10.3854103       10.3431921       10.7900000    
       28320   10.3829508       10.3455286       10.7900000    
       28380   10.3806553       10.3485451       10.7900000    
       28440   10.3795080       10.3519993       10.7900000    
       28500   10.3760653       10.3553572       10.7900000    
       28560   10.3718033       10.3581676       10.7900000    
       28620   10.3672132       10.3603735       10.7900000    
       28680   10.3616390       10.3623161       10.7900000    
       28740   10.3555737       10.3645172       10.7900000    
       28800   10.3467216       10.3673544       10.7900000    
       28860   10.3378687       10.3708611       10.3500004    
       28920   10.3298359       10.3746033       10.3500004    
       28980   10.3208199       10.3775578       10.3500004    
       29040   10.3106556       10.3787212       10.3500004    
       29100   10.3009834       10.3780661       10.3500004    
       29160   10.2926226       10.3760338       10.3500004    
       29220   10.2865572       10.3732958       10.3500004    
       29280   10.2799997       10.3705826       10.3500004    
       29340   10.2711477       10.3685131       10.3500004    
       29400   10.2616396       10.3669891       10.3500004    
       29460   10.2531147       10.3654547       10.3500004    
       29520   10.2467213       10.3633699       10.3500004    
       29580   10.2398357       10.3601437       10.3500004    
       29640   10.2316389       10.3555622       10.3500004    
       29700   10.2226229       10.3501129       10.3500004    
       29760   10.2132788       10.3445625       10.3500004    
       29820   10.2047539       10.3395796       10.3500004    
       29880   10.1972132       10.3355455       10.3500004    
       29940   10.1901636       10.3322859       10.3500004    
       30000   10.1827869       10.3292694       10.3500004    
       30060   10.1745901       10.3261671       10.3500004    
       30120   10.1662292       10.3227749       10.3500004    
       30180   10.1581964       10.3188858       10.3500004    
       30240   10.1509838       10.3144445       10.3500004    
       30300   10.1444263       10.3096533       10.3500004    
       30360   10.1378689       10.3051453       10.3500004    
       30420   10.1309834       10.3018408       10.3500004    
       30480   10.1249180       10.3002310       10.3500004    
       30540   10.1178684       10.3001900       10.3500004    
       30600   10.1113119       10.3009663       10.3500004    
       30660   10.1044264       10.3017540       10.3500004    
       30720   10.0962296       10.3023891       10.3500004    
       30780   10.0896721       10.3032160       10.3500004    
       30840   10.0836067       10.3045654       10.3500004    
       30900   10.0773773       10.3065166       10.3500004    
       30960   10.0711479       10.3087044       10.3500004    
       31020   10.0654097       10.3104019       10.3500004    
       31080   10.0590162       10.3109713       10.3500004    
       31140   10.0516396       10.3102140       10.3500004    
       31200   10.0449181       10.3084688       10.3500004    
       31260   10.0380325       10.3063431       10.3500004    
       31320   10.0313110       10.3041420       10.3500004    
       31380   10.0252457       10.3020678       10.3500004    
       31440   10.0201635       10.3003139       10.3500004    
       31500   10.0152454       10.2990789       10.3500004    
       31560   10.0113115       10.2986155       10.3500004    
       31620   10.0068855       10.2987423       10.3500004    
       31680   10.0032787       10.2989254       10.3500004    
       31740   9.99983597       10.2988253       10.3500004    
       31800   9.99704933       10.2984514       10.3500004    
       31860   9.99377060       10.2979069       10.3500004    
       31920   9.98934460       10.2971764       10.3500004    
       31980   9.98475456       10.2961388       10.3500004    
       32040   9.97967243       10.2949905       10.3500004    
       32100   9.97344303       10.2941523       10.3500004    
       32160   9.96819687       10.2937021       10.3500004    
       32220   9.96295071       10.2933636       10.3500004    
       32280   9.95786858       10.2927523       10.3500004    
       32340   9.95278645       10.2915840       10.3500004    
       32400   9.94737720       10.2895870       10.3500004    
       32460   9.94278717       10.2867794       10.0000000    
       32520   9.93819714       10.2833881       10.0000000    
       32580   9.93327904       10.2794590       10.0000000    
       32640   9.92950821       10.2748461       10.0000000    
       32700   9.92639351       10.2696695       10.0000000    
       32760   9.92327881       10.2647371       10.0000000    
       32820   9.91950798       10.2611418       10.0000000    
       32880   9.91524601       10.2592449       10.0000000    
       32940   9.91114712       10.2584114       10.0000000    
       33000   9.90672112       10.2578011       10.0000000    
       33060   9.90114784       10.2571287       10.0000000    
       33120   9.89409828       10.2567434       10.0000000    
       33180   9.88541031       10.2571106       10.0000000    
       33240   9.87672138       10.2582664       10.0000000    
       33300   9.86754131       10.2597961       10.0000000    
       33360   9.85836029       10.2612505       10.0000000    
       33420   9.84918022       10.2623158       10.0000000    
       33480   9.83917999       10.2629051       10.0000000    
       33540   9.82918072       10.2629490       10.0000000    
       33600   9.81999969       10.2625370       10.0000000    
       33660   9.81081963       10.2619696       10.0000000    
       33720   9.80180359       10.2614927       10.0000000    
       33780   9.79278660       10.2612600       10.0000000    
       33840   9.78377056       10.2612143       10.0000000    
       33900   9.77344227       10.2610855       10.0000000    
       33960   9.76393414       10.2604599       10.0000000    
       34020   9.75541019       10.2589169       10.0000000    
       34080   9.74622917       10.2561111       10.0000000    
       34140   9.73622990       10.2518501       10.0000000    
       34200   9.72590160       10.2466612       10.0000000    
       34260   9.71688557       10.2415648       10.0000000    
       34320   9.70836067       10.2370453       10.0000000    
       34380   9.69983578       10.2328987       10.0000000    
       34440   9.68918037       10.2287884       10.0000000    
       34500   9.67885208       10.2245531       10.0000000    
       34560   9.66934395       10.2201910       10.0000000    
       34620   9.66131115       10.2158432       10.0000000    
       34680   9.65344238       10.2116175       10.0000000    
       34740   9.64655781       10.2075424       10.0000000    
       34800   9.64016438       10.2033806       10.0000000    
       34860   9.63377094       10.1986389       10.0000000    
       34920   9.62721348       10.1929750       10.0000000    
       34980   9.62049198       10.1863585       10.0000000    
       35040   9.61377048       10.1791153       10.0000000    
       35100   9.60704899       10.1716709       10.0000000    
       35160   9.60098362       10.1640778       10.0000000    
       35220   9.59459019       10.1564293       10.0000000    
       35280   9.58819675       10.1492815       10.0000000    
       35340   9.58180332       10.1432991       10.0000000    
       35400   9.57458973       10.1386557       10.0000000    
       35460   9.56737709       10.1351738       10.0000000    
       35520   9.56000042       10.1323462       10.0000000    
       35580   9.55213070       10.1294031       10.0000000    
       35640   9.54426193       10.1255550       10.0000000    
       35700   9.53639317       10.1204052       10.0000000    
       35760   9.53098392       10.1142664       10.0000000    
       35820   9.52590179       10.1077557       10.0000000    
       35880   9.52163887       10.1012325       10.0000000    
       35940   9.51704884       10.0947800       10.0000000    
       36000   9.51163960       10.0886106       10.0000000    
       36060   9.50409794       10.0829134       9.40999985    
       36120   9.49606514       10.0777664       9.40999985    
       36180   9.48803234       10.0732555       9.40999985    
       36240   9.48114777       10.0694084       9.40999985    
       36300   9.47459030       10.0659885       9.40999985    
       36360   9.46901608       10.0623255       9.40999985    
       36420   9.46327877       10.0576591       9.40999985    
       36480   9.45622921       10.0517778       9.40999985    
       36540   9.44885254       10.0452251       9.40999985    
       36600   9.44245911       10.0387764       9.40999985    
       36660   9.43639374       10.0327768       9.40999985    
       36720   9.43114758       10.0270033       9.40999985    
       36780   9.42573738       10.0210333       9.40999985    
       36840   9.42098331       10.0146418       9.40999985    
       36900   9.41688538       10.0079861       9.40999985    
       36960   9.41295052       10.0012531       9.40999985    
       37020   9.40852451       9.99448204       9.40999985    
       37080   9.40655708       9.98773956       9.40999985    
       37140   9.40524578       9.98128796       9.40999985    
       37200   9.40262318       9.97516918       9.40999985    
       37260   9.39852428       9.96895409       9.40999985    
       37320   9.39426231       9.96214676       9.40999985    
       37380   9.38950825       9.95493507       9.40999985    
       37440   9.38524628       9.94808960       9.40999985    
       37500   9.38278675       9.94231987       9.40999985    
       37560   9.38114738       9.93764210       9.40999985    
       37620   9.37737751       9.93338680       9.40999985    
       37680   9.37229538       9.92934036       9.40999985    
       37740   9.37016392       9.92579556       9.40999985    
       37800   9.37016392       9.92248344       9.40999985    
       37860   9.37098408       9.91880703       9.40999985    
       37920   9.37131119       9.91455936       9.40999985    
       37980   9.37196732       9.91005516       9.40999985    
       38040   9.37393475       9.90576363       9.40999985    
       38100   9.37704945       9.90225124       9.40999985    
       38160   9.38000011       9.90004730       9.40999985    
       38220   9.38213158       9.89937687       9.40999985    
       38280   9.38311481       9.89999008       9.40999985    
       38340   9.38311481       9.90109921       9.40999985    
       38400   9.38409805       9.90186501       9.40999985    
       38460   9.38524628       9.90205860       9.40999985    
       38520   9.38557339       9.90198040       9.40999985    
       38580   9.38639355       9.90207672       9.40999985    
       38640   9.38721275       9.90261745       9.40999985    
       38700   9.38721275       9.90362167       9.40999985    
       38760   9.38639355       9.90497303       9.40999985    
       38820   9.38442612       9.90637016       9.40999985    
       38880   9.38344288       9.90760231       9.40999985    
       38940   9.38393402       9.90865993       9.40999985    
       39000   9.38459015       9.90964317       9.40999985    
       39060   9.38622952       9.91087723       9.40999985    
       39120   9.38721275       9.91291142       9.40999985    
       39180   9.38836098       9.91608810       9.40999985    
       39240   9.39049149       9.92019463       9.40999985    
       39300   9.39229488       9.92480850       9.40999985    
       39360   9.39426231       9.92942905       9.40999985    
       39420   9.39475441       9.93362999       9.40999985    
       39480   9.39524555       9.93722248       9.40999985    
       39540   9.39622974       9.94016075       9.40999985    
       39600   9.39770508       9.94242191       9.40999985    
       39660   9.40081978       9.94397068       9.46000004    
       39720   9.40590191       9.94478035       9.46000004    
       39780   9.41163921       9.94508839       9.46000004    
       39840   9.41836071       9.94552135       9.46000004    
       39900   9.42426205       9.94667435       9.46000004    
       39960   9.42918015       9.94886971       9.46000004    
       40020   9.43360615       9.95205593       9.46000004    
       40080   9.43737698       9.95593071       9.46000004    
       40140   9.44114780       9.96008301       9.46000004    
       40200   9.44557381       9.96399307       9.46000004    
       40260   9.44918060       9.96712875       9.46000004    
       40320   9.45262337       9.96932697       9.46000004    
       40380   9.45524597       9.97110939       9.46000004    
       40440   9.45885277       9.97333908       9.46000004    
       40500   9.46278667       9.97681904       9.46000004    
       40560   9.46672153       9.98170567       9.46000004    
       40620   9.47114754       9.98740005       9.46000004    
       40680   9.47557354       9.99351788       9.46000004    
       40740   9.47770500       9.99954224       9.46000004    
       40800   9.47918034       10.0051079       9.46000004    
       40860   9.48245907       10.0106335       9.46000004    
       40920   9.48639297       10.0168781       9.46000004    
       40980   9.48999977       10.0237408       9.46000004    
       41040   9.49409866       10.0304365       9.46000004    
       41100   9.49901676       10.0364294       9.46000004    
       41160   9.50213146       10.0417871       9.46000004    
       41220   9.50409794       10.0470419       9.46000004    
       41280   9.50639343       10.0524769       9.46000004    
       41340   9.50852489       10.0584478       9.46000004    
       41400   9.50852489       10.0655336       9.46000004    
       41460   9.50770473       10.0734835       9.46000004    
       41520   9.50737667       10.0815840       9.46000004    
       41580   9.50721264       10.0891066       9.46000004    
       41640   9.50639343       10.0955439       9.46000004    
       41700   9.50426197       10.1006775       9.46000004    
       41760   9.50147533       10.1046362       9.46000004    
       41820   9.49852467       10.1075020       9.46000004    
       41880   9.49573803       10.1093311       9.46000004    
       41940   9.49344254       10.1105261       9.46000004    
       42000   9.49131107       10.1115589       9.46000004    
       42060   9.48754120       10.1124239       9.46000004    
       42120   9.48377037       10.1129599       9.46000004    
       42180   9.48081970       10.1129894       9.46000004    
       42240   9.47786903       10.1123571       9.46000004    
       42300   9.47508240       10.1109705       9.46000004    
       42360   9.47311497       10.1087618       9.46000004    
       42420   9.47245884       10.1059341       9.46000004    
       42480   9.47163963       10.1026402       9.46000004    
       42540   9.46967220       10.0986938       9.46000004    
       42600   9.46688557       10.0941324       9.46000004    
       42660   9.46377087       10.0889482       9.46000004    
       42720   9.46032810       10.0829096       9.46000004    
       42780   9.45786858       10.0760489       9.46000004    
       42840   9.45590210       10.0692062       9.46000004    
       42900   9.45491791       10.0632610       9.46000004    
       42960   9.45426273       10.0581703       9.46000004    
       43020   9.45393467       10.0536633       9.46000004    
       43080   9.45508194       10.0497952       9.46000004    
       43140   9.45688534       10.0469437       9.46000004    
       43200   9.45770454       10.0451841       9.46000004    
       43260   9.45803261       10.0442448       9.39999962    
       43320   9.45770454       10.0438576       9.39999962    
       43380   9.45737743       10.0438223       9.39999962    
       43440   9.45754051       10.0439711       9.39999962    
       43500   9.45721340       10.0442619       9.39999962    
       43560   9.45672131       10.0448380       9.39999962    
       43620   9.45754051       10.0458403       9.39999962    
       43680   9.45836067       10.0471697       9.39999962    
       43740   9.45868874       10.0488300       9.39999962    
       43800   9.45934391       10.0510941       9.39999962    
       43860   9.46016407       10.0542250       9.39999962    
       43920   9.46245861       10.0580187       9.39999962    
       43980   9.46508217       10.0617647       9.39999962    
       44040   9.46786880       10.0644855       9.39999962    
       44100   9.47065544       10.0655746       9.39999962    
       44160   9.47311497       10.0653801       9.39999962    
       44220   9.47540951       10.0648947       9.39999962    
       44280   9.47754097       10.0643349       9.39999962    
       44340   9.48147583       10.0636015       9.39999962    
       44400   9.48672104       10.0623474       9.39999962    
       44460   9.49311447       10.0599289       9.39999962    
       44520   9.49950790       10.0559130       9.39999962    
       44580   9.50541019       10.0505247       9.39999962    
       44640   9.51098347       10.0445337       9.39999962    
       44700   9.51950836       10.0387182       9.39999962    
       44760   9.52934456       10.0337019       9.39999962    
       44820   9.54098320       10.0299263       9.39999962    
       44880   9.55344296       10.0272865       9.39999962    
       44940   9.56622982       10.0247774       9.39999962    
       45000   9.57918072       10.0213823       9.39999962    
       45060   9.59262276       10.0169992       9.39999962    
       45120   9.60622978       10.0120926       9.39999962    
       45180   9.61967182       10.0075064       9.39999962    
       45240   9.63262272       10.0041676       9.39999962    
       45300   9.64573765       10.0027447       9.39999962    
       45360   9.65868855       10.0032568       9.39999962    
       45420   9.67196751       10.0053558       9.39999962    
       45480   9.68524551       10.0086575       9.39999962    
       45540   9.69836044       10.0127993       9.39999962    
       45600   9.71114731       10.0174036       9.39999962    
       45660   9.72426224       10.0221510       9.39999962    
       45720   9.73819637       10.0268126       9.39999962    
       45780   9.75180340       10.0315466       9.39999962    
       45840   9.76524544       10.0366449       9.39999962    
       45900   9.77934456       10.0422430       9.39999962    
       45960   9.79360676       10.0488949       9.39999962    
       46020   9.80737686       10.0564013       9.39999962    
       46080   9.81999969       10.0636683       9.39999962    
       46140   9.83278656       10.0699482       9.39999962    
       46200   9.84622955       10.0749226       9.39999962    
       46260   9.85918045       10.0785017       9.39999962    
       46320   9.87229538       10.0810499       9.39999962    
       46380   9.88508224       10.0834055       9.39999962    
       46440   9.89754105       10.0858517       9.39999962    
       46500   9.90566635       10.0881443       9.39999962    
       46560   9.91683292       10.0905390       9.39999962    
       46620   9.92783356       10.0936756       9.39999962    
       46680   9.93816662       10.0978489       9.39999962    
       46740   9.94733334       10.1028948       9.39999962    
       46800   9.95600033       10.1087627       9.39999962    
       46860   9.96450043       10.1153450       10.1899996    
       46920   9.97233295       10.1221695       10.1899996    
       46980   9.97966671       10.1284380       10.1899996    
       47040   9.98799992       10.1337223       10.1899996    
       47100   9.99716663       10.1378050       10.1899996    
       47160   10.0063334       10.1403847       10.1899996    
       47220   10.0150003       10.1417885       10.1899996    
       47280   10.0226669       10.1433544       10.1899996    
       47340   10.0316668       10.1443901       10.1899996    
       47400   10.0415001       10.1433496       10.1899996    
       47460   10.0523329       10.1401701       10.1899996    
       47520   10.0623331       10.1363039       10.1899996    
       47580   10.0710001       10.1330433       10.1899996    
       47640   10.0790005       10.1304617       10.1899996    
       47700   10.0878334       10.1279955       10.1899996    
       47760   10.0963335       10.1257620       10.1899996    
       47820   10.1044998       10.1240606       10.1899996    
       47880   10.1125002       10.1230688       10.1899996    
       47940   10.1215000       10.1229153       10.1899996    
       48000   10.1286669       10.1237755       10.1899996    
       48060   10.1353331       10.1255989       10.1899996    
       48120   10.1408329       10.1282797       10.1899996    
       48180   10.1456671       10.1314850       10.1899996    
       48240   10.1510000       10.1344576       10.1899996    
       48300   10.1571665       10.1359510       10.1899996    
       48360   10.1606665       10.1352100       10.1899996    
       48420   10.1623335       10.1324091       10.1899996    
       48480   10.1625004       10.1286354       10.1899996    
       48540   10.1623335       10.1254654       10.1899996    
       48600   10.1618338       10.1238337       10.1899996    
       48660   10.1606665       10.1239586       10.1899996    
       48720   10.1593332       10.1256304       10.1899996    
       48780   10.1584997       10.1277847       10.1899996    
       48840   10.1576662       10.1290159       10.1899996    
       48900   10.1563330       10.1279259       10.1899996    
       48960   10.1546669       10.1234350       10.1899996    
       49020   10.1521664       10.1159830       10.1899996    
       49080   10.1505003       10.1073999       10.1899996    
       49140   10.1496668       10.1001339       10.1899996    
       49200   10.1481667       10.0963268       10.1899996    
       49260   10.1459999       10.0966282       10.1899996    
       49320   10.1441669       10.0996780       10.1899996    
       49380   10.1421671       10.1035576       10.1899996    
       49440   10.1408329       10.1070890       10.1899996    
       49500   10.1389999       10.1098032       10.1899996    
       49560   10.1368332       10.1109848       10.1899996    
       49620   10.1343336       10.1105976       10.1899996    
       49680   10.1318331       10.1094475       10.1899996    
       49740   10.1293335       10.1083517       10.1899996    
       49800   10.1268330       10.1079216       10.1899996    
       49860   10.1251669       10.1086674       10.1899996    
       49920   10.1238337       10.1103792       10.1899996    
       49980   10.1215000       10.1125174       10.1899996    
       50040   10.1190004       10.1146784       10.1899996    
       50100   10.1164999       10.1165276       10.1899996    
       50160   10.1144266       10.1178026       10.1899996    
       50220   10.1108198       10.1180544       10.1899996    
       50280   10.1072130       10.1168451       10.1899996    
       50340   10.1039343       10.1138744       10.1899996    
       50400   10.0998363       10.1092587       10.1899996    
       50460   10.0955734       10.1036472       10.1400003    
       50520   10.0916395       10.0978479       10.1400003    
       50580   10.0883608       10.0925932       10.1400003    
       50640   10.0860653       10.0880260       10.1400003    
       50700   10.0837708       10.0840149       10.1400003    
       50760   10.0809832       10.0805254       10.1400003    
       50820   10.0777054       10.0771713       10.1400003    
       50880   10.0742626       10.0728827       10.1400003    
       50940   10.0718031       10.0687599       10.1400003    
       51000   10.0680332       10.0665751       10.1400003    
       51060   10.0642624       10.0666685       10.1400003    
       51120   10.0596724       10.0679255       10.1400003    
       51180   10.0540981       10.0691509       10.1400003    
       51240   10.0483608       10.0699883       10.1400003    
       51300   10.0422955       10.0701885       10.1400003    
       51360   10.0365572       10.0691195       10.1400003    
       51420   10.0311480       10.0665932       10.1400003    
       51480   10.0255737       10.0628557       10.1400003    
       51540   10.0209837       10.0581875       10.1400003    
       51600   10.0155735       10.0531349       10.1400003    
       51660   10.0100002       10.0486441       10.1400003    
       51720   10.0037708       10.0453215       10.1400003    
       51780   9.99803257       10.0430918       10.1400003    
       51840   9.99213123       10.0419512       10.1400003    
       51900   9.98590183       10.0420704       10.1400003    
       51960   9.97918034       10.0429277       10.1400003    
       52020   9.97311497       10.0440664       10.1400003    
       52080   9.96721268       10.0452805       10.1400003    
       52140   9.96180344       10.0460644       10.1400003    
       52200   9.95541000       10.0460110       10.1400003    
       52260   9.94934464       10.0447788       10.1400003    
       52320   9.94245911       10.0419407       10.1400003    
       52380   9.93573761       10.0379124       10.1400003    
       52440   9.92868805       10.0338745       10.1400003    
       52500   9.92213154       10.0311127       10.1400003    
       52560   9.91655731       10.0311012       10.1400003    
       52620   9.91016388       10.0339985       10.1400003    
       52680   9.90557384       10.0383301       10.1400003    
       52740   9.90032768       10.0420284       10.1400003    
       52800   9.89409828       10.0429869       10.1400003    
       52860   9.88918018       10.0400743       10.1400003    
       52920   9.88508224       10.0339870       10.1400003    
       52980   9.88065529       10.0259171       10.1400003    
       53040   9.87557411       10.0169439       10.1400003    
       53100   9.86901665       10.0081387       10.1400003    
       53160   9.86245918       10.0002155       10.1400003    
       53220   9.85672092       9.99346924       10.1400003    
       53280   9.85114765       9.98783875       10.1400003    
       53340   9.84622955       9.98305130       10.1400003    
       53400   9.84180355       9.97838116       10.1400003    
       53460   9.83721352       9.97261715       10.1400003    
       53520   9.83114719       9.96514797       10.1400003    
       53580   9.82377052       9.95613861       10.1400003    
       53640   9.81704903       9.94601059       10.1400003    
       53700   9.81049156       9.93525600       10.1400003    
       53760   9.80377007       9.92474747       10.1400003    
       53820   9.79754066       9.91567326       10.1400003    
       53880   9.79278660       9.90944958       10.1400003    
       53940   9.78836060       9.90655327       10.1400003    
       54000   9.78344250       9.90617561       10.1400003    
       54060   9.77950859       9.90739727       9.68000031    
       54120   9.77426243       9.90965462       9.68000031    
       54180   9.76786900       9.91236305       9.68000031    
       54240   9.76000023       9.91480064       9.68000031    
       54300   9.75229549       9.91687584       9.68000031    
       54360   9.74442577       9.91929722       9.68000031    
       54420   9.73639297       9.92214966       9.68000031    
       54480   9.73032761       9.92497349       9.68000031    
       54540   9.72540951       9.92701244       9.68000031    
       54600   9.71901608       9.92784405       9.68000031    
       54660   9.71213150       9.92753983       9.68000031    
       54720   9.70655727       9.92669773       9.68000031    
       54780   9.70098400       9.92629910       9.68000031    
       54840   9.69672108       9.92760468       9.68000031    
       54900   9.69311428       9.93156719       9.68000031    
       54960   9.69065571       9.93795490       9.68000031    
       55020   9.68885231       9.94599819       9.68000031    
       55080   9.68721294       9.95516777       9.68000031    
       55140   9.68491840       9.96497059       9.68000031    
       55200   9.68245888       9.97427750       9.68000031    
       55260   9.68000031       9.98104000       9.68000031    
       55320   9.67901611       9.98324585       9.68000031    
       55380   9.67852497       9.98121643       9.68000031    
       55440   9.67737675       9.97649193       9.68000031    
       55500   9.67688560       9.97132778       9.68000031    
       55560   9.67672157       9.96828651       9.68000031    
       55620   9.67655754       9.96814919       9.68000031    
       55680   9.67606544       9.97007179       9.68000031    
       55740   9.67508221       9.97316265       9.68000031    
       55800   9.67409801       9.97703552       9.68000031    
       55860   9.67459011       9.98200321       9.68000031    
       55920   9.67541027       9.98823643       9.68000031    
       55980   9.67836094       9.99504471       9.68000031    
       56040   9.68131161       10.0008478       9.68000031    
       56100   9.68295097       10.0048351       9.68000031    
       56160   9.68540955       10.0067225       9.68000031    
       56220   9.68868828       10.0055542       9.68000031    
       56280   9.69081974       10.0005074       9.68000031    
       56340   9.69229507       9.99207497       9.68000031    
       56400   9.69459057       9.98293495       9.68000031    
       56460   9.69721317       9.97531414       9.68000031    
       56520   9.69885254       9.96990204       9.68000031    
       56580   9.70016384       9.96748829       9.68000031    
       56640   9.70278645       9.96842861       9.68000031    
       56700   9.70590210       9.97173691       9.68000031    
       56760   9.70885277       9.97609234       9.68000031    
       56820   9.71278667       9.98097801       9.68000031    
       56880   9.71606541       9.98626423       9.68000031    
       56940   9.71967220       9.99153137       9.68000031    
       57000   9.72196674       9.99698162       9.68000031    
       57060   9.72491837       10.0036831       9.68000031    
       57120   9.72918034       10.0130348       9.68000031    
       57180   9.73442650       10.0257940       9.68000031    
       57240   9.73967171       10.0411091       9.68000031    
       57300   9.74311447       10.0576591       9.68000031    
       57360   9.74836063       10.0740690       9.68000031    
       57420   9.75508213       10.0894403       9.68000031    
       57480   9.76065540       10.1029997       9.68000031    
       57540   9.76508236       10.1146736       9.68000031    
       57600   9.76786900       10.1252413       9.68000031    
       57660   9.77213097       10.1351805       9.85000038    
       57720   9.77590179       10.1443462       9.85000038    
       57780   9.78180313       10.1526928       9.85000038    
       57840   9.78754139       10.1602831       9.85000038    
       57900   9.79393482       10.1668854       9.85000038    
       57960   9.79967213       10.1720171       9.85000038    
       58020   9.80475426       10.1754789       9.85000038    
       58080   9.80950832       10.1774778       9.85000038    
       58140   9.81327915       10.1799107       9.85000038    
       58200   9.81672096       10.1851892       9.85000038    
       58260   9.82114792       10.1938038       9.85000038    
       58320   9.82639313       10.2040367       9.85000038    
       58380   9.83049202       10.2135773       9.85000038    
       58440   9.83262253       10.2198019       9.85000038    
       58500   9.83524609       10.2205000       9.85000038    
       58560   9.83836079       10.2164402       9.85000038    
       58620   9.84163952       10.2102289       9.85000038    
       58680   9.84245872       10.2041922       9.85000038    
       58740   9.84311485       10.1996489       9.85000038    
       58800   9.84475422       10.1969147       9.85000038    
       58860   9.84540939       10.1963749       9.85000038    
       58920   9.84655762       10.1990032       9.85000038    
       58980   9.84737682       10.2046547       9.85000038    
       59040   9.84901619       10.2123737       9.85000038    
       59100   9.84983635       10.2209549       9.85000038    
       59160   9.84934425       10.2289534       9.85000038    
       59220   9.84918022       10.2356691       9.85000038    
       59280   9.85032749       10.2407227       9.85000038    
       59340   9.84983635       10.2436619       9.85000038    
       59400   9.84704876       10.2444334       9.85000038    
       59460   9.84475422       10.2433596       9.85000038    
       59520   9.84262276       10.2417593       9.85000038    
       59580   9.84229469       10.2416105       9.85000038    
       59640   9.84000015       10.2438412       9.85000038    
       59700   9.83885288       10.2470551       9.85000038    
       59760   9.83934402       10.2493591       9.85000038    
       59820   9.83950806       10.2517557       9.85000038    
       59880   9.83786869       10.2570295       9.85000038    
       59940   9.83770466       10.2662802       9.85000038    
       60000   9.83704948       10.2770052       9.85000038    
       60060   9.83360672       10.2866993       9.85000038    
       60120   9.82918072       10.2944374       9.85000038    
       60180   9.82295036       10.3014517       9.85000038    
       60240   9.81590176       10.3090906       9.85000038    
       60300   9.80770493       10.3163280       9.85000038    
       60360   9.80032825       10.3224268       9.85000038    
       60420   9.79393482       10.3273249       9.85000038    
       60480   9.78819656       10.3311768       9.85000038    
       60540   9.78311443       10.3332481       9.85000038    
       60600   9.77885246       10.3315639       9.85000038    
       60660   9.77639389       10.3245535       9.85000038    
       60720   9.77213097       10.3128815       9.85000038    
       60780   9.76786900       10.2984962       9.85000038    
       60840   9.76327896       10.2839766       9.85000038    
       60900   9.76000023       10.2700367       9.85000038    
       60960   9.75950813       10.2560949       9.85000038    
       61020   9.75983620       10.2415323       9.85000038    
       61080   9.75786877       10.2260971       9.85000038    
       61140   9.75541019       10.2100210       9.85000038    
       61200   9.75360680       10.1939268       9.85000038    
