 20181119
 Seconds  Measures(SEE-arcsec)  Meso-NH(SEE-arcsec)  FORECAST_AR(SEE-arcsec)
       28680  0.518078923      0.720125139      0.486086339    
       28740  0.516891897      0.720125139      0.484806865    
       28800  0.516891897      0.720495999      0.483571887    
       28860  0.517166674      0.720495999      0.482210875    
       28920  0.517714262      0.720126688      0.480703712    
       28980  0.518705904      0.720126688      0.478925854    
       29040  0.518705904      0.719835401      0.476825058    
       29100  0.519794106      0.719835401      0.474940449    
       29160  0.521000028      0.718893886      0.473224342    
       29220  0.518575728      0.718893886      0.471646577    
       29280  0.521235287      0.716588497      0.470519692    
       29340  0.525382340      0.716588497      0.469552338    
       29400  0.524393916      0.714851379      0.468720526    
       29460  0.525848508      0.714851379      0.467777252    
       29520  0.529058814      0.714836597      0.466446549    
       29580  0.527558804      0.714836597      0.465126276    
       29640  0.527558804      0.715260029      0.463744164    
       29700  0.525970578      0.715260029      0.462035060    
       29760  0.524205863      0.714061499      0.460223496    
       29820  0.522411764      0.714061499      0.457998991    
       29880  0.521542847      0.712544739      0.455164641    
       29940  0.523205876      0.712544739      0.452140450    
       30000  0.524657130      0.710557938      0.449060351    
       30060  0.524828553      0.710557938      0.446492165    
       30120  0.525399983      0.706049860      0.444519311    
       30180  0.525088251      0.706049860      0.442986667    
       30240  0.525542855      0.701246619      0.441800863    
       30300  0.526428580      0.701246619      0.440337151    
       30360  0.526617646      0.698726177      0.438582659    
       30420  0.526771426      0.698726177      0.436231494    
       30480  0.525171399      0.697464406      0.433286816    
       30540  0.523800015      0.697464406      0.429906607    
       30600  0.522970617      0.694965661      0.426209480    
       30660  0.520771444      0.694965661      0.422610939    
       30720  0.522000015      0.690066993      0.419023663    
       30780  0.525171399      0.690066993      0.415597707    
       30840  0.526117623      0.683841825      0.412338346    
       30900  0.527114272      0.683841825      0.409083158    
       30960  0.529342830      0.677581906      0.406000614    
       31020  0.532314301      0.677581906      0.403333932    
       31080  0.532314301      0.671911240      0.401197910    
       31140  0.535029411      0.671911240      0.399762720    
       31200  0.536735296      0.666840672      0.398898780    
       31260  0.536771417      0.666840672      0.398575932    
       31320  0.539333344      0.663792372      0.398659050    
       31380  0.540771425      0.663792372      0.398786932    
       31440  0.543200016      0.662926495      0.398803353    
       31500  0.545194447      0.662926495      0.398543864    
       31560  0.546777785      0.663583398      0.397982329    
       31620  0.546942830      0.663583398      0.397169977    
       31680  0.548685730      0.663736820      0.396311492    
       31740  0.548742831      0.663736820      0.395324796    
       31800  0.548361123      0.662641346      0.394294024    
       31860  0.545371413      0.662641346      0.393372118    
       31920  0.543685734      0.661297023      0.392415494    
       31980  0.543555558      0.661297023      0.391556054    
       32040  0.545756757      0.659716010      0.390519768    
       32100  0.545756757      0.659716010      0.389313936    
       32160  0.545499980      0.657940269      0.388324827    
       32220  0.546025634      0.657940269      0.387614518    
       32280  0.546000004      0.655407965      0.504107058    
       32340  0.545439005      0.655407965      0.505041063    
       32400  0.545439005      0.653665185      0.506294787    
       32460  0.550023794      0.653665185      0.507875979    
       32520  0.551069796      0.653661728      0.509823382    
       32580  0.554409087      0.653661728      0.512149096    
       32640  0.554409087      0.654914200      0.515006304    
       32700  0.556511104      0.654914200      0.518432081    
       32760  0.557244420      0.657629907      0.521826386    
       32820  0.557760894      0.657629907      0.525248051    
       32880  0.560244441      0.662461519      0.528431892    
       32940  0.559955537      0.662461519      0.531073749    
       33000  0.557355583      0.667160392      0.533031344    
       33060  0.558173895      0.667160392      0.534331977    
       33120  0.557066679      0.670953512      0.534810901    
       33180  0.556444466      0.670953512      0.534728587    
       33240  0.557711124      0.672073305      0.534437716    
       33300  0.559304357      0.672073305      0.534017801    
       33360  0.561488867      0.669959962      0.533729076    
       33420  0.564400017      0.669959962      0.533345878    
       33480  0.567911088      0.667064607      0.533008099    
       33540  0.569755554      0.667064607      0.532915175    
       33600  0.569755554      0.664705873      0.533075571    
       33660  0.568488896      0.664705873      0.533360660    
       33720  0.569199979      0.662518561      0.533623815    
       33780  0.567555547      0.662518561      0.533774912    
       33840  0.567555547      0.661340535      0.533750594    
       33900  0.565844417      0.661340535      0.533649623    
       33960  0.565533340      0.660077870      0.533567131    
       34020  0.565533340      0.660077870      0.533518016    
       34080  0.563600004      0.658110380      0.533556819    
       34140  0.562533319      0.658110380      0.533671141    
       34200  0.562622249      0.656219006      0.533766031    
       34260  0.562622249      0.656219006      0.533725560    
       34320  0.563355565      0.654680550      0.533420205    
       34380  0.560822248      0.654680550      0.532941461    
       34440  0.559954524      0.653070748      0.532392144    
       34500  0.555911124      0.653070748      0.531760335    
       34560  0.552333355      0.650431991      0.531118214    
       34620  0.551066637      0.650431991      0.530296922    
       34680  0.551727295      0.647523463      0.529322386    
       34740  0.553711116      0.647523463      0.528082788    
       34800  0.553521752      0.644582450      0.526569366    
       34860  0.552021742      0.644582450      0.524909914    
       34920  0.552333355      0.641050220      0.523112416    
       34980  0.548422217      0.641050220      0.521311402    
       35040  0.545260847      0.636448503      0.519520283    
       35100  0.540239155      0.636448503      0.517896354    
       35160  0.536086977      0.631313562      0.516333222    
       35220  0.533422232      0.631313562      0.514855742    
       35280  0.531565189      0.626231313      0.513384342    
       35340  0.528239131      0.626231313      0.511714697    
       35400  0.527739108      0.621399820      0.509985566    
       35460  0.527577758      0.621399820      0.508113265    
       35520  0.529217362      0.616603911      0.506232858    
       35580  0.528282583      0.616603911      0.504486918    
       35640  0.528044462      0.611584604      0.503015101    
       35700  0.523711085      0.611584604      0.502091527    
       35760  0.525173903      0.606544435      0.501785815    
       35820  0.524978280      0.606544435      0.501712084    
       35880  0.524066687      0.602594554      0.584950745    
       35940  0.522444427      0.602594554      0.585207343    
       36000  0.521222234      0.601085722      0.585151613    
       36060  0.521260858      0.601085722      0.584738612    
       36120  0.516444445      0.599816918      0.583869755    
       36180  0.512844443      0.599816918      0.582505524    
       36240  0.505688906      0.597343683      0.580675304    
       36300  0.505688906      0.597343683      0.578223526    
       36360  0.503466666      0.593169451      0.575165093    
       36420  0.504466653      0.593169451      0.572105587    
       36480  0.504044473      0.587208748      0.569099247    
       36540  0.504044473      0.587208748      0.566413820    
       36600  0.505599976      0.578900576      0.564078391    
       36660  0.510777771      0.578900576      0.562230945    
       36720  0.511355579      0.570845008      0.560859680    
       36780  0.511355579      0.570845008      0.560130000    
       36840  0.510800004      0.564192891      0.560045481    
       36900  0.510644436      0.564192891      0.560251355    
       36960  0.508222222      0.559462368      0.560836196    
       37020  0.508222222      0.559462368      0.561541557    
       37080  0.506422222      0.557290852      0.562307596    
       37140  0.504222214      0.557290852      0.562992454    
       37200  0.501688898      0.556641400      0.563506842    
       37260  0.501688898      0.556641400      0.563846946    
       37320  0.499955565      0.556273282      0.564056337    
       37380  0.499444455      0.556273282      0.564280689    
       37440  0.503911138      0.555272877      0.564560294    
       37500  0.505065203      0.555272877      0.564954937    
       37560  0.505977750      0.553792655      0.565436602    
       37620  0.504955530      0.553792655      0.565913022    
       37680  0.504173934      0.552562296      0.566505611    
       37740  0.505488873      0.552562296      0.567158043    
       37800  0.506600022      0.551725209      0.567538619    
       37860  0.507333338      0.551725209      0.567740262    
       37920  0.509347796      0.551386297      0.567856848    
       37980  0.510022223      0.551386297      0.568019867    
       38040  0.513333321      0.550012112      0.568434596    
       38100  0.514521718      0.550012112      0.568997622    
       38160  0.518391311      0.548348665      0.569691837    
       38220  0.521543503      0.548348665      0.570444584    
       38280  0.523088872      0.547719061      0.571224213    
       38340  0.523000002      0.547719061      0.572006404    
       38400  0.520913064      0.547642291      0.572718441    
       38460  0.521434784      0.547642291      0.573368013    
       38520  0.522577763      0.547705472      0.573901713    
       38580  0.525369585      0.547705472      0.574311435    
       38640  0.527239144      0.547529936      0.574651599    
       38700  0.529782593      0.547529936      0.574909389    
       38760  0.532444417      0.546936452      0.575101495    
       38820  0.533200026      0.546936452      0.575334013    
       38880  0.533200026      0.546103120      0.575693607    
       38940  0.532377779      0.546103120      0.576259792    
       39000  0.532355547      0.545047045      0.577051222    
       39060  0.530799985      0.545047045      0.577929735    
       39120  0.530799985      0.544525743      0.578912914    
       39180  0.527777791      0.544525743      0.579865515    
       39240  0.527866662      0.544924319      0.580878675    
       39300  0.527239144      0.544924319      0.581812680    
       39360  0.529399991      0.545768321      0.582695365    
       39420  0.527266681      0.545768321      0.583457351    
       39480  0.525911093      0.546881974      0.490314752    
       39540  0.523456514      0.546881974      0.490654826    
       39600  0.524600029      0.547826290      0.490994126    
       39660  0.523488879      0.547826290      0.491516948    
       39720  0.521600008      0.548103333      0.492208332    
       39780  0.519804358      0.548103333      0.493159831    
       39840  0.521733344      0.548377037      0.494137734    
       39900  0.525088906      0.548377037      0.495119780    
       39960  0.528152168      0.549294949      0.496104032    
       40020  0.529413044      0.549294949      0.497082412    
       40080  0.528599977      0.550342321      0.498005956    
       40140  0.530511141      0.550342321      0.498816282    
       40200  0.531434774      0.551410973      0.499616235    
       40260  0.528152168      0.551410973      0.500378847    
       40320  0.522466660      0.552257836      0.501180887    
       40380  0.520822227      0.552257836      0.502038956    
       40440  0.521043479      0.553105116      0.502924681    
       40500  0.519282579      0.553105116      0.503830671    
       40560  0.518800020      0.554103434      0.504658937    
       40620  0.517799973      0.554103434      0.505325198    
       40680  0.516847849      0.555199206      0.505768716    
       40740  0.516782582      0.555199206      0.506042361    
       40800  0.517266691      0.556012332      0.506242335    
       40860  0.516822219      0.556012332      0.506454229    
       40920  0.514847815      0.555933833      0.506751001    
       40980  0.514847815      0.555933833      0.507093489    
       41040  0.515600026      0.555570900      0.507906139    
       41100  0.511244416      0.555570900      0.509145260    
       41160  0.508800030      0.555568039      0.510538995    
       41220  0.509108722      0.555568039      0.512113929    
       41280  0.510177791      0.557403743      0.513221025    
       41340  0.510955572      0.557403743      0.513740063    
       41400  0.510955572      0.559846997      0.513885200    
       41460  0.510909081      0.559846997      0.513988376    
       41520  0.510023236      0.560449839      0.514307618    
       41580  0.507880926      0.560449839      0.514748633    
       41640  0.507880926      0.559580088      0.515290797    
       41700  0.506560981      0.559580088      0.515728474    
       41760  0.505025029      0.559560299      0.516039908    
       41820  0.503717959      0.559560299      0.516244709    
       41880  0.503051281      0.559943438      0.516321540    
       41940  0.503324986      0.559943438      0.516302288    
       42000  0.502524972      0.559836805      0.516237199    
       42060  0.501435876      0.559836805      0.516198516    
       42120  0.498333335      0.559229255      0.516263902    
       42180  0.497375011      0.559229255      0.516487241    
       42240  0.493000001      0.558448076      0.516916513    
       42300  0.491820514      0.558448076      0.517497182    
       42360  0.489307702      0.558078170      0.518243015    
       42420  0.486975014      0.558078170      0.519137204    
       42480  0.485100001      0.558520913      0.520174563    
       42540  0.485100001      0.558520913      0.521267831    
       42600  0.484625012      0.559617519      0.522330284    
       42660  0.482250005      0.559617519      0.523343563    
       42720  0.479575008      0.561280251      0.524196088    
       42780  0.479575008      0.561280251      0.524870276    
       42840  0.476799995      0.562827647      0.525452793    
       42900  0.472499996      0.562827647      0.525852501    
       42960  0.468800008      0.563745320      0.526137471    
       43020  0.466243893      0.563745320      0.526280224    
       43080  0.465525001      0.564307272      0.495830655    
       43140  0.463274986      0.564307272      0.495706975    
       43200  0.462374985      0.564422905      0.495473415    
       43260  0.461048782      0.564422905      0.495137632    
       43320  0.462125003      0.565625012      0.494514585    
       43380  0.461699992      0.565625012      0.493624508    
       43440  0.461475015      0.566390395      0.492336333    
       43500  0.461365849      0.566390395      0.490875304    
       43560  0.459724993      0.565981984      0.489482015    
       43620  0.454474986      0.565981984      0.488160759    
       43680  0.452475011      0.563999057      0.486981690    
       43740  0.453146338      0.563999057      0.486000299    
       43800  0.448275000      0.562261820      0.485133559    
       43860  0.445724994      0.562261820      0.484279335    
       43920  0.445475012      0.561069369      0.483448386    
       43980  0.446414620      0.561069369      0.482567340    
       44040  0.443899989      0.560293555      0.481581718    
       44100  0.443699986      0.560293555      0.480523109    
       44160  0.444025010      0.559578300      0.479406685    
       44220  0.446365863      0.559578300      0.478333056    
       44280  0.445600003      0.558453023      0.477318317    
       44340  0.446099997      0.558453023      0.476418972    
       44400  0.445374995      0.557050526      0.475717962    
       44460  0.445195109      0.557050526      0.475120634    
       44520  0.445300013      0.555840611      0.474767834    
       44580  0.445024997      0.555840611      0.474584162    
       44640  0.444824994      0.555387020      0.474677145    
       44700  0.443878055      0.555387020      0.474619061    
       44760  0.443625003      0.555833399      0.473945290    
       44820  0.444124997      0.555833399      0.472929269    
       44880  0.443825006      0.557333052      0.471741229    
       44940  0.445634156      0.557333052      0.471028894    
       45000  0.444175005      0.556380212      0.470737189    
       45060  0.445634156      0.556380212      0.470650494    
       45120  0.448119044      0.554710090      0.470790178    
       45180  0.451441854      0.554710090      0.470899284    
       45240  0.451441854      0.554665327      0.471102506    
       45300  0.450590909      0.554665327      0.471419603    
       45360  0.450177789      0.555479825      0.471807629    
       45420  0.450177789      0.555479825      0.472288638    
       45480  0.450413048      0.556638777      0.472788543    
       45540  0.449586958      0.556638777      0.473329931    
       45600  0.449739128      0.558053017      0.473885775    
       45660  0.448911101      0.558053017      0.474405617    
       45720  0.450434774      0.559514225      0.474930018    
       45780  0.450673908      0.559514225      0.475381821    
       45840  0.450934768      0.561002612      0.476049304    
       45900  0.450377792      0.561002612      0.476884753    
       45960  0.451391309      0.562483668      0.477641702    
       46020  0.452391297      0.562483668      0.478306711    
       46080  0.453108698      0.564787447      0.478836238    
       46140  0.454666674      0.564787447      0.479235202    
       46200  0.454543471      0.566753387      0.479565084    
       46260  0.455891311      0.566753387      0.479912430    
       46320  0.456934780      0.568159640      0.480162829    
       46380  0.458733320      0.568159640      0.480427891    
       46440  0.457760870      0.569265664      0.480743796    
       46500  0.459391296      0.569265664      0.481023461    
       46560  0.461934775      0.569962680      0.481684089    
       46620  0.464399993      0.569962680      0.482657254    
       46680  0.465177774      0.570833623      0.430558324    
       46740  0.464043468      0.570833623      0.430355519    
       46800  0.465999991      0.573175371      0.429524720    
       46860  0.466444433      0.573175371      0.428507864    
       46920  0.466155559      0.574554980      0.427368790    
       46980  0.464043468      0.574554980      0.426296473    
       47040  0.465000004      0.573404372      0.425253630    
       47100  0.463377774      0.573404372      0.424372435    
       47160  0.461066663      0.571730375      0.423761934    
       47220  0.459478259      0.571730375      0.423175752    
       47280  0.459555566      0.570152104      0.422594219    
       47340  0.458200008      0.570152104      0.421944141    
       47400  0.457066655      0.569579899      0.421375543    
       47460  0.456999987      0.569579899      0.420974582    
       47520  0.456688881      0.568987608      0.420723438    
       47580  0.455155551      0.568987608      0.420605004    
       47640  0.453577787      0.568670511      0.420632303    
       47700  0.451978266      0.568670511      0.420851976    
       47760  0.450399995      0.568891823      0.421281159    
       47820  0.447911114      0.568891823      0.421909690    
       47880  0.446888894      0.569640756      0.422715396    
       47940  0.449369580      0.569640756      0.423677772    
       48000  0.448377788      0.571173489      0.424680829    
       48060  0.451777786      0.571173489      0.425642520    
       48120  0.454111099      0.573368728      0.426709563    
       48180  0.455826074      0.573368728      0.427748263    
       48240  0.456733346      0.575675964      0.428635329    
       48300  0.460555553      0.575675964      0.429259747    
       48360  0.462533325      0.578351855      0.429446787    
       48420  0.462533325      0.578351855      0.429663479    
       48480  0.462155551      0.580389500      0.430150032    
       48540  0.461133331      0.580389500      0.430738986    
       48600  0.460355550      0.580664814      0.431696326    
       48660  0.460391313      0.580664814      0.433076620    
       48720  0.459422231      0.581965685      0.434855402    
       48780  0.458222210      0.581965685      0.437011749    
       48840  0.456333339      0.584686339      0.439411730    
       48900  0.456891298      0.584686339      0.441931158    
       48960  0.457844436      0.588944018      0.444383889    
       49020  0.457599998      0.588944018      0.446811676    
       49080  0.459652185      0.594126344      0.449448198    
       49140  0.461391300      0.594126344      0.452366084    
       49200  0.460955560      0.599009395      0.455649644    
       49260  0.461133331      0.599009395      0.459326297    
       49320  0.462934792      0.604680181      0.463080078    
       49380  0.462673903      0.604680181      0.466869116    
       49440  0.462755561      0.611758053      0.470451087    
       49500  0.465022236      0.611758053      0.473537356    
       49560  0.466673911      0.619107485      0.476071417    
       49620  0.466695666      0.619107485      0.478300095    
       49680  0.466666669      0.625609934      0.480416238    
       49740  0.468844444      0.625609934      0.482462913    
       49800  0.470434785      0.629907787      0.484483123    
       49860  0.472152174      0.629907787      0.486415774    
       49920  0.472555548      0.633733749      0.488224328    
       49980  0.476288885      0.633733749      0.490022838    
       50040  0.478260875      0.637424767      0.491885126    
       50100  0.481521726      0.637424767      0.493775189    
       50160  0.485108703      0.640596807      0.495772243    
       50220  0.485911101      0.640596807      0.497459352    
       50280  0.487282604      0.643991113      0.535258412    
       50340  0.492891312      0.643991113      0.537117362    
       50400  0.496413052      0.647777975      0.539266706    
       50460  0.496413052      0.647777975      0.541686654    
       50520  0.500152171      0.650920033      0.544144571    
       50580  0.505347848      0.650920033      0.546573699    
       50640  0.510913014      0.655181348      0.548782766    
       50700  0.510913014      0.655181348      0.550808907    
       50760  0.516369581      0.659557164      0.552641869    
       50820  0.522065222      0.659557164      0.554176629    
       50880  0.525044441      0.663058519      0.555574596    
       50940  0.527369559      0.663058519      0.556846201    
       51000  0.530891299      0.665771246      0.558210135    
       51060  0.534760892      0.665771246      0.559513390    
       51120  0.536555529      0.667911649      0.560914338    
       51180  0.536782622      0.667911649      0.562430799    
       51240  0.540391326      0.670409024      0.563844979    
       51300  0.543717384      0.670409024      0.565140903    
       51360  0.547826111      0.673280358      0.566199720    
       51420  0.547826111      0.673280358      0.567005634    
       51480  0.551066637      0.675738156      0.567671835    
       51540  0.550622225      0.675738156      0.568216503    
       51600  0.550288916      0.677240849      0.568525016    
       51660  0.548978269      0.677240849      0.568716586    
       51720  0.547444463      0.678172767      0.568820357    
       51780  0.546177804      0.678172767      0.568691611    
       51840  0.545199990      0.678170919      0.568402588    
       51900  0.543652177      0.678170919      0.568075657    
       51960  0.542333305      0.677807152      0.567804873    
       52020  0.541933358      0.677807152      0.567766964    
       52080  0.541065216      0.676794708      0.567774475    
       52140  0.543608725      0.676794708      0.567587495    
       52200  0.545355558      0.675993443      0.567206204    
       52260  0.545511127      0.675993443      0.566364467    
       52320  0.545088887      0.675354004      0.565452516    
       52380  0.543739140      0.675354004      0.564494610    
       52440  0.542739153      0.673933744      0.563132644    
       52500  0.543555558      0.673933744      0.561500549    
       52560  0.542511106      0.672219336      0.559370279    
       52620  0.541630447      0.672219336      0.556928277    
       52680  0.543456495      0.668900013      0.554606080    
       52740  0.543266654      0.668900013      0.552169085    
       52800  0.540311098      0.663610995      0.549940228    
       52860  0.538239121      0.663610995      0.547834635    
       52920  0.535586953      0.658778429      0.545708776    
       52980  0.535399973      0.658778429      0.543878138    
       53040  0.533066690      0.654751480      0.541635275    
       53100  0.530956507      0.654751480      0.539222598    
       53160  0.527543485      0.650633931      0.536934614    
       53220  0.527244449      0.650633931      0.534827769    
       53280  0.526555538      0.644882321      0.532913744    
       53340  0.525760889      0.644882321      0.530999005    
       53400  0.525733352      0.639608502      0.528942645    
       53460  0.525363624      0.639608502      0.526702404    
       53520  0.525302351      0.635082543      0.524688721    
       53580  0.525302351      0.635082543      0.522938073    
       53640  0.523690462      0.629989743      0.521685362    
       53700  0.522634149      0.629989743      0.520856500    
       53760  0.521600008      0.625777900      0.519577384    
       53820  0.519692302      0.625777900      0.517769158    
       53880  0.519692302      0.623515964      0.507634878    
       53940  0.518921077      0.623515964      0.506507516    
       54000  0.515189171      0.619473517      0.505635142    
       54060  0.513527751      0.619473517      0.505114079    
       54120  0.513527751      0.615996957      0.505100846    
       54180  0.511942863      0.615996957      0.505819619    
       54240  0.508352935      0.613508761      0.506700575    
       54300  0.504818201      0.613508761      0.507946372    
       54360  0.504818201      0.612993419      0.509211361    
       54420  0.501593769      0.612993419      0.510493755    
       54480  0.497935474      0.613139689      0.512011588    
       54540  0.497935474      0.613139689      0.513599992    
       54600  0.493466675      0.613330483      0.515321791    
       54660  0.488827586      0.613330483      0.516958773    
       54720  0.484607130      0.614457965      0.518497288    
       54780  0.484607130      0.614457965      0.519777536    
       54840  0.482296288      0.616107762      0.520337701    
       54900  0.477692306      0.616107762      0.520393848    
       54960  0.474159986      0.617364943      0.520146132    
       55020  0.470208347      0.617364943      0.519709587    
       55080  0.470208347      0.615806937      0.519369841    
       55140  0.470208347      0.615806937      0.519018531    
       55200   9999.00000      0.613038301      0.518860459    
       55260   9999.00000      0.613038301      0.519003272    
       55320   9999.00000      0.610686481      0.520181596    
       55380   9999.00000      0.610686481      0.522369623    
       55440   9999.00000      0.609101772      0.524832726    
       55500   9999.00000      0.609101772      0.527504802    
       55560   9999.00000      0.611603379      0.529915929    
       55620   9999.00000      0.611603379      0.531967580    
       55680   9999.00000      0.615230322      0.534031808    
       55740   9999.00000      0.615230322      0.536299646    
       55800   9999.00000      0.617831945      0.538681626    
       55860   9999.00000      0.617831945      0.541180372    
       55920   9999.00000      0.620497286      0.543708742    
       55980   9999.00000      0.620497286      0.545873225    
       56040   9999.00000      0.623634398      0.547587276    
       56100   9999.00000      0.623634398      0.549210012    
       56160   9999.00000      0.626895368      0.550786376    
       56220   9999.00000      0.626895368      0.552544355    
       56280   9999.00000      0.628393590      0.554578066    
       56340   9999.00000      0.628393590      0.556453943    
       56400   9999.00000      0.629724681      0.557942033    
       56460   9999.00000      0.629724681      0.558719754    
       56520   9999.00000      0.632151306      0.558829486    
       56580   9999.00000      0.632151306      0.558415234    
       56640   9999.00000      0.633061349      0.557568133    
       56700   9999.00000      0.633061349      0.556994498    
       56760   9999.00000      0.631358683      0.556958675    
       56820   9999.00000      0.631358683      0.557166100    
       56880   9999.00000      0.627961695      0.557573617    
       56940   9999.00000      0.627961695      0.558169901    
       57000   9999.00000      0.626692653      0.558858514    
       57060   9999.00000      0.626692653      0.559779465    
       57120   9999.00000      0.626229167      0.560807467    
       57180   9999.00000      0.626229167      0.561532021    
       57240   9999.00000      0.626139760      0.562005222    
       57300   9999.00000      0.626139760      0.561992705    
       57360   9999.00000      0.626486838      0.561508298    
       57420   9999.00000      0.626486838      0.561426044    
       57480   9999.00000      0.625861347      0.526516080    
       57540   9999.00000      0.625861347      0.525878012    
       57600   9999.00000      0.623392820      0.524858713    
       57660   9999.00000      0.623392820      0.523200452    
       57720   9999.00000      0.622151971      0.521151006    
       57780   9999.00000      0.622151971      0.518553376    
       57840   9999.00000      0.619412601      0.515363395    
       57900   9999.00000      0.619412601      0.512157798    
       57960   9999.00000      0.615117490      0.509009421    
       58020   9999.00000      0.615117490      0.506256342    
       58080   9999.00000      0.608470798      0.503789783    
       58140   9999.00000      0.608470798      0.501393616    
       58200   9999.00000      0.602060318      0.499078214    
       58260   9999.00000      0.602060318      0.496790797    
       58320   9999.00000      0.596774340      0.494664460    
       58380   9999.00000      0.596774340      0.492709726    
       58440   9999.00000      0.591790378      0.490936875    
       58500   9999.00000      0.591790378      0.489808351    
       58560   9999.00000      0.587440193      0.489292175    
       58620   9999.00000      0.587440193      0.489189088    
       58680   9999.00000      0.583802819      0.489737988    
       58740   9999.00000      0.583802819      0.490652144    
       58800   9999.00000      0.582546592      0.491701484    
       58860   9999.00000      0.582546592      0.492679417    
       58920   9999.00000      0.583862901      0.493355662    
       58980   9999.00000      0.583862901      0.492997169    
       59040   9999.00000      0.585701108      0.491597712    
       59100   9999.00000      0.585701108      0.489890456    
       59160   9999.00000      0.586336374      0.488019943    
       59220   9999.00000      0.586336374      0.486455202    
       59280   9999.00000      0.582876742      0.485361695    
       59340   9999.00000      0.582876742      0.484367788    
       59400   9999.00000      0.578753173      0.483204633    
       59460   9999.00000      0.578753173      0.481961280    
       59520   9999.00000      0.576471567      0.480274618    
       59580   9999.00000      0.576471567      0.478230685    
       59640   9999.00000      0.573520303      0.476070672    
       59700   9999.00000      0.573520303      0.473882854    
       59760   9999.00000      0.568812907      0.471981704    
       59820   9999.00000      0.568812907      0.470321476    
       59880   9999.00000      0.563637495      0.468838573    
       59940   9999.00000      0.563637495      0.467438251    
       60000   9999.00000      0.559589148      0.465989321    
       60060   9999.00000      0.559589148      0.464723408    
       60120   9999.00000      0.556231976      0.463631630    
       60180   9999.00000      0.556231976      0.462671191    
       60240   9999.00000      0.552672744      0.461894333    
       60300   9999.00000      0.552672744      0.461209774    
       60360   9999.00000      0.549794436      0.460611910    
       60420   9999.00000      0.549794436      0.459836215    
       60480   9999.00000      0.547630012      0.458896160    
       60540   9999.00000      0.547630012      0.457834989    
       60600   9999.00000      0.545799077      0.456739992    
       60660   9999.00000      0.545799077      0.455707550    
       60720   9999.00000      0.543317616      0.454722106    
       60780   9999.00000      0.543317616      0.453908592    
       60840   9999.00000      0.540695310      0.453215331    
       60900   9999.00000      0.540695310      0.452590585    
       60960   9999.00000      0.538253367      0.452121347    
       61020   9999.00000      0.538253367      0.451793313    
