 20190531
 Seconds  Measures(TEMP-C°)  Meso-NH(TEMP-C°)  FORECAST_AR(TEMP-C°)
        3600   8.83327866       10.2039480       8.83706474    
        3660   8.83770466       10.1988449       8.83955383    
        3720   8.84147549       10.1939516       8.84099960    
        3780   8.84147549       10.1892977       8.84199333    
        3840   8.83868885       10.1845026       8.84312248    
        3900   8.83491802       10.1792946       8.84405136    
        3960   8.83639336       10.1738586       8.84513283    
        4020   8.83950806       10.1684532       8.84688759    
        4080   8.84393406       10.1632795       8.84881306    
        4140   8.84819698       10.1584330       8.85082722    
        4200   8.85278702       10.1538868       8.85312843    
        4260   8.85655785       10.1496210       8.85516453    
        4320   8.85983562       10.1456661       8.85653591    
        4380   8.86262321       10.1420078       8.85731220    
        4440   8.86950779       10.1384840       8.85761642    
        4500   8.87377071       10.1347837       8.85735321    
        4560   8.87901592       10.1307440       8.85667896    
        4620   8.87967205       10.1262760       8.85602665    
        4680   8.88344288       10.1213751       8.85610104    
        4740   8.88672161       10.1162434       8.85711288    
        4800   8.88573742       10.1112738       8.85942173    
        4860   8.88770485       10.1069479       8.86304665    
        4920   8.89196682       10.1037931       8.86755085    
        4980   8.89409828       10.1021748       8.87266731    
        5040   8.89557362       10.1019211       8.87781334    
        5100   8.89934444       10.1026154       8.88257694    
        5160   8.90311432       10.1037931       8.88683701    
        5220   8.90836048       10.1049166       8.89056683    
        5280   8.91426277       10.1055460       8.89362144    
        5340   8.91901684       10.1055403       8.89623165    
        5400   8.91917992       10.1050787       8.89871407    
        5460   8.91967201       10.1043072       8.90072441    
        5520   8.92229462       10.1036272       8.90210056    
        5580   8.92639351       10.1030588       8.90304279    
        5640   8.93098354       10.1019392       8.90384388    
        5700   8.93459034       10.0997562       8.90499496    
        5760   8.93901634       10.0965796       8.90678120    
        5820   8.94229507       10.0927382       8.90918159    
        5880   8.94114780       10.0888805       8.91180706    
        5940   8.93754101       10.0856543       8.91401482    
        6000   8.93360615       10.0832348       8.91555882    
        6060   8.93278694       10.0814753       8.91704655    
        6120   8.93180370       10.0798235       8.91928291    
        6180   8.93081951       10.0778103       8.92273331    
        6240   8.93475437       10.0757122       8.92755032    
        6300   8.93754101       10.0743589       8.93343925    
        6360   8.93934441       10.0743599       8.93958282    
        6420   8.94295120       10.0758591       8.94552040    
        6480   8.94704914       10.0783405       8.95135880    
        6540   8.95360661       10.0808678       8.95724106    
        6600   8.95885277       10.0830698       8.96328449    
        6660   8.96163940       10.0851269       8.96935749    
        6720   8.96065617       10.0873032       8.97518158    
        6780   8.95786858       10.0896940       8.98043251    
        6840   8.95491791       10.0923004       8.98459148    
        6900   8.95377064       10.0950699       8.98711777    
        6960   8.95278645       10.0977459       8.98788738    
        7020   8.95114708       10.0997419       8.98811245    
        7080   8.94918060       10.1003933       8.98863125    
        7140   8.94803238       10.0991230       8.98940086    
        7200   8.94688511       10.0964146       8.93594074    
        7260   8.94295120       10.0935221       8.93111229    
        7320   8.93770504       10.0908508       8.92729855    
        7380   8.93311501       10.0885286       8.92497540    
        7440   8.93032742       10.0869312       8.92351341    
        7500   8.92918015       10.0864391       8.92233658    
        7560   8.92868805       10.0870123       8.92191029    
        7620   8.92426205       10.0885334       8.92213058    
        7680   8.91754055       10.0907736       8.92276001    
        7740   8.91114712       10.0934992       8.92360687    
        7800   8.90377045       10.0965595       8.92392445    
        7860   8.89819717       10.0997257       8.92337513    
        7920   8.89327908       10.1027050       8.92260647    
        7980   8.88590145       10.1052933       8.92196560    
        8040   8.87524605       10.1074791       8.92172146    
        8100   8.86262321       10.1095247       8.92182732    
        8160   8.85377026       10.1117096       8.92214012    
        8220   8.84491825       10.1141243       8.92309952    
        8280   8.83885288       10.1166945       8.92434216    
        8340   8.83213139       10.1193285       8.92584419    
        8400   8.82803249       10.1220226       8.92722225    
        8460   8.82458973       10.1247797       8.92834091    
        8520   8.81885242       10.1275225       8.92935753    
        8580   8.81426239       10.1302376       8.93008995    
        8640   8.81213093       10.1330252       8.93045521    
        8700   8.80901623       10.1357956       8.93053818    
        8760   8.80426216       10.1383514       8.93012142    
        8820   8.79885292       10.1406355       8.92913532    
        8880   8.79114723       10.1425524       8.92806053    
        8940   8.78426266       10.1440115       8.92699146    
        9000   8.77868843       10.1451416       8.92604446    
        9060   8.77508163       10.1461411       8.92578030    
        9120   8.77475452       10.1471300       8.92676830    
        9180   8.77377033       10.1483908       8.92896938    
        9240   8.77147579       10.1504583       8.93172073    
        9300   8.76573753       10.1535997       8.93425369    
        9360   8.76032829       10.1575098       8.93592644    
        9420   8.75622940       10.1616440       8.93654919    
        9480   8.75180340       10.1653242       8.93636322    
        9540   8.74688530       10.1680450       8.93572903    
        9600   8.74491787       10.1697903       8.93530083    
        9660   8.74393463       10.1707354       8.93517590    
        9720   8.74229527       10.1713457       8.93439102    
        9780   8.74114799       10.1721888       8.93244171    
        9840   8.73508167       10.1731997       8.92963886    
        9900   8.72344303       10.1735001       8.92619514    
        9960   8.71393490       10.1723843       8.92234802    
       10020   8.70524597       10.1699982       8.91841125    
       10080   8.69622993       10.1669273       8.91422081    
       10140   8.68622971       10.1635704       8.90952778    
       10200   8.67541027       10.1599407       8.90421486    
       10260   8.66524601       10.1557903       8.89828587    
       10320   8.65590191       10.1508865       8.89204311    
       10380   8.64590168       10.1451559       8.88596439    
       10440   8.63672161       10.1386900       8.88074780    
       10500   8.62868881       10.1318436       8.87715530    
       10560   8.62131119       10.1252708       8.87575531    
       10620   8.61524582       10.1198111       8.87651253    
       10680   8.60967255       10.1161642       8.87784576    
       10740   8.60491848       10.1147747       8.87838936    
       10800   8.60016346       10.1149445       8.58810902    
       10860   8.59459019       10.1150646       8.58150291    
       10920   8.58983612       10.1143274       8.57403851    
       10980   8.58442593       10.1124220       8.56547260    
       11040   8.57918072       10.1093311       8.55583763    
       11100   8.57475376       10.1051035       8.54585934    
       11160   8.57278728       10.0997524       8.53538227    
       11220   8.56983566       10.0931587       8.52422237    
       11280   8.56590176       10.0853128       8.51226139    
       11340   8.56213093       10.0762949       8.49905491    
       11400   8.55885220       10.0661516       8.48514175    
       11460   8.55737686       10.0550213       8.47134972    
       11520   8.55557346       10.0432014       8.45766544    
       11580   8.55278683       10.0310755       8.44404411    
       11640   8.55065536       10.0188646       8.43072224    
       11700   8.54901600       10.0064898       8.41752529    
       11760   8.54655743       9.99372387       8.40470409    
       11820   8.54262257       9.98055458       8.39187813    
       11880   8.53852463       9.96719742       8.37849903    
       11940   8.53491783       9.95381641       8.36447430    
       12000   8.52999973       9.94035053       8.34969425    
       12060   8.52426243       9.92659855       8.33469772    
       12120   8.51918030       9.91235161       8.31947041    
       12180   8.51459026       9.89744663       8.30348969    
       12240   8.50885201       9.88181591       8.28688335    
       12300   8.50196743       9.86549187       8.26983547    
       12360   8.49557400       9.84850407       8.25249767    
       12420   8.48983574       9.83083630       8.23538208    
       12480   8.48360634       9.81271648       8.21843719    
       12540   8.47803307       9.79438972       8.20137501    
       12600   8.47196674       9.77589035       8.18463898    
       12660   8.46524620       9.75725937       8.16848087    
       12720   8.45836067       9.73867416       8.15293884    
       12780   8.44967175       9.72030830       8.13807964    
       12840   8.44081974       9.70218372       8.12392807    
       12900   8.43229485       9.68430614       8.11042881    
       12960   8.42541027       9.66682720       8.09726238    
       13020   8.42049217       9.65005970       8.08410168    
       13080   8.41458988       9.63405514       8.07069874    
       13140   8.40999985       9.61842918       8.05689144    
       13200   8.40754128       9.60272789       8.04257488    
       13260   8.40344238       9.58668327       8.02745819    
       13320   8.39901638       9.57025433       8.01149178    
       13380   8.39393425       9.55338001       7.99533129    
       13440   8.38868809       9.53593254       7.97960615    
       13500   8.38573742       9.51798439       7.96464920    
       13560   8.38508224       9.49976444       7.95083570    
       13620   8.38360691       9.48144150       7.93816328    
       13680   8.38147545       9.46341228       7.92620182    
       13740   8.37672138       9.44624043       7.91443396    
       13800   8.37049198       9.43011951       7.90222549    
       13860   8.36377048       9.41475868       7.88944101    
       13920   8.35885239       9.39967728       7.87602139    
       13980   8.35327911       9.38432026       7.86177444    
       14040   8.34852505       9.36824036       7.84709978    
       14100   8.34213161       9.35134315       7.83239222    
       14160   8.33311462       9.33347702       7.81828785    
       14220   8.32114792       9.31480312       7.80592823    
       14280   8.30786896       9.29586697       7.79542303    
       14340   8.29295063       9.27719688       7.78534031    
       14400   8.27901649       9.25972271       8.24310398    
       14460   8.26786900       9.24425983       8.23149681    
       14520   8.25786877       9.23012447       8.21978474    
       14580   8.24950790       9.21590042       8.20859051    
       14640   8.24278736       9.20098400       8.19809723    
       14700   8.23524570       9.18570137       8.18823624    
       14760   8.22655773       9.17067432       8.17861652    
       14820   8.21459007       9.15623188       8.16932583    
       14880   8.20163918       9.14232731       8.16016197    
       14940   8.19098377       9.12893486       8.15071869    
       15000   8.18147564       9.11610317       8.14123249    
       15060   8.17000008       9.10380554       8.13175488    
       15120   8.15590191       9.09173393       8.12260056    
       15180   8.14081955       9.07951450       8.11400700    
       15240   8.12541008       9.06708527       8.10538578    
       15300   8.11081982       9.05471897       8.09614658    
       15360   8.09934425       9.04283714       8.08635426    
       15420   8.08983612       9.03132439       8.07607841    
       15480   8.07901669       9.01956272       8.06593895    
       15540   8.06737709       9.00732708       8.05587101    
       15600   8.05573750       8.99475384       8.04541302    
       15660   8.04491806       8.98216629       8.03400517    
       15720   8.03475380       8.96973991       8.02161217    
       15780   8.02590179       8.95707321       8.00828838    
       15840   8.01803303       8.94349957       7.99463844    
       15900   8.01016426       8.92903137       7.98111200    
       15960   8.00229549       8.91414165       7.96835995    
       16020   7.99442625       8.89927292       7.95675039    
       16080   7.98704910       8.88462734       7.94605684    
       16140   7.98114777       8.87046719       7.93602848    
       16200   7.97606564       8.85719490       7.92619085    
       16260   7.97147560       8.84487534       7.91578197    
       16320   7.96704912       8.83335400       7.90444613    
       16380   7.96229506       8.82235241       7.89253569    
       16440   7.95754099       8.81133461       7.88006258    
       16500   7.95311499       8.79973316       7.86677980    
       16560   7.94852448       8.78744698       7.85280752    
       16620   7.94344282       8.77459049       7.83852816    
       16680   7.93737698       8.76118755       7.82444191    
       16740   7.93131161       8.74737453       7.81107569    
       16800   7.92475414       8.73337269       7.79869938    
       16860   7.91803265       8.71956635       7.78759766    
       16920   7.91278696       8.70638180       7.77811193    
       16980   7.90803289       8.69426537       7.77048683    
       17040   7.90295076       8.68371010       7.76458216    
       17100   7.89737701       8.67506409       7.75969982    
       17160   7.89131165       8.66835308       7.75494671    
       17220   7.88426208       8.66324520       7.74958801    
       17280   7.87868834       8.65887165       7.74346399    
       17340   7.87360668       8.65427399       7.73684263    
       17400   7.87098360       8.64903164       7.73030424    
       17460   7.86999989       8.64318180       7.72444010    
       17520   7.86868858       8.63703728       7.71946001    
       17580   7.86573792       8.63116837       7.71551800    
       17640   7.86360645       8.62609673       7.71264601    
       17700   7.86278677       8.62184334       7.71015072    
       17760   7.86393452       8.61859512       7.70727682    
       17820   7.86754084       8.61621284       7.70357943    
       17880   7.87278700       8.61403370       7.69855213    
       17940   7.87950802       8.61123466       7.69223118    
       18000   7.88770485       8.60684490       7.89243555    
       18060   7.89459038       8.60060406       7.89650822    
       18120   7.89836073       8.59375191       7.90081882    
       18180   7.90000010       8.58792686       7.90486526    
       18240   7.90032768       8.58358479       7.90854120    
       18300   7.90081978       8.57977104       7.91207886    
       18360   7.90114737       8.57561111       7.91518974    
       18420   7.90163946       8.57111359       7.91793108    
       18480   7.90278673       8.56665611       7.92071056    
       18540   7.90540981       8.56222534       7.92396116    
       18600   7.90672112       8.55754757       7.92813158    
       18660   7.90754080       8.55266476       7.93287468    
       18720   7.91065598       8.54815483       7.93758392    
       18780   7.91475391       8.54461956       7.94164038    
       18840   7.91901636       8.54207420       7.94492531    
       18900   7.92377043       8.53994751       7.94786358    
       18960   7.92786884       8.53743744       7.95081520    
       19020   7.92934418       8.53439426       7.95348406    
       19080   7.92934418       8.53127384       7.95584965    
       19140   7.93114758       8.52813148       7.95791149    
       19200   7.93459034       8.52477837       7.95984316    
       19260   7.93852472       8.52106953       7.96211481    
       19320   7.94147539       8.51717091       7.96535969    
       19380   7.94377041       8.51372051       7.96979046    
       19440   7.94426250       8.51134014       7.97513485    
       19500   7.94360638       8.51010799       7.98087215    
       19560   7.94229507       8.50995350       7.98648834    
       19620   7.93967199       8.51059723       7.99136209    
       19680   7.93639326       8.51156807       7.99551344    
       19740   7.93278694       8.51233101       7.99935341    
       19800   7.92868853       8.51227188       8.00268078    
       19860   7.92360640       8.51148415       8.00516605    
       19920   7.91836071       8.51053524       8.00730801    
       19980   7.91327858       8.50961494       8.00963688    
       20040   7.90819693       8.50848770       8.01179123    
       20100   7.90295076       8.50711918       8.01342964    
       20160   7.89655733       8.50546074       8.01451111    
       20220   7.88950825       8.50329018       8.01526737    
       20280   7.88245916       8.50057983       8.01605225    
       20340   7.87475395       8.49750328       8.01689434    
       20400   7.86639357       8.49431515       8.01767921    
       20460   7.85737705       8.49112701       8.01872826    
       20520   7.84786892       8.48787022       8.02039909    
       20580   7.83737707       8.48439693       8.02279377    
       20640   7.82622957       8.48083878       8.02575779    
       20700   7.81475401       8.47777367       8.02799988    
       20760   7.80295086       8.47563171       8.02822685    
       20820   7.79081964       8.47434902       8.02658367    
       20880   7.77852440       8.47323227       8.02398872    
       20940   7.76655722       8.47096825       8.02099609    
       21000   7.75508213       8.46700573       8.01763153    
       21060   7.74442625       8.46202660       8.01381779    
       21120   7.73475409       8.45670986       8.00969887    
       21180   7.72704935       8.45114517       8.00542736    
       21240   7.71999979       8.44514561       8.00097466    
       21300   7.71344280       8.43878651       7.99644423    
       21360   7.70721292       8.43213367       7.99182749    
       21420   7.70213127       8.42528248       7.98675776    
       21480   7.69803286       8.41846752       7.98066282    
       21540   7.69491816       8.41195393       7.97344971    
       21600   7.69262314       8.40536880       7.67981863    
       21660   7.69065571       8.39766502       7.67706776    
       21720   7.68934441       8.38855553       7.67388725    
       21780   7.68672132       8.37858963       7.67105627    
       21840   7.68262291       8.36835480       7.66847467    
       21900   7.67688513       8.35874081       7.66578913    
       21960   7.66901636       8.35005569       7.66302776    
       22020   7.66262293       8.34178829       7.66060448    
       22080   7.66032791       8.33353710       7.65820885    
       22140   7.66049194       8.32548618       7.65467072    
       22200   7.66131163       8.31812668       7.64985180    
       22260   7.66213131       8.31122112       7.64438677    
       22320   7.66049194       8.30353355       7.63877439    
       22380   7.65573788       8.29430294       7.63339853    
       22440   7.64918041       8.28420448       7.62836075    
       22500   7.64081955       8.27418804       7.62362146    
       22560   7.63098383       8.26465797       7.61931849    
       22620   7.62016392       8.25555897       7.61568451    
       22680   7.60901642       8.24672318       7.61249113    
       22740   7.59999990       8.23825359       7.60947704    
       22800   7.59196711       8.23038101       7.60636330    
       22860   7.58557367       8.22298145       7.60346365    
       22920   7.58311462       8.21559048       7.60138130    
       22980   7.58540964       8.20801544       7.60016918    
       23040   7.58901644       8.20060921       7.59935570    
       23100   7.59147549       8.19381332       7.59861279    
       23160   7.59393454       8.18771076       7.59777260    
       23220   7.59786892       8.18224049       7.59695292    
       23280   7.60458994       8.17723560       7.59636116    
       23340   7.61032772       8.17226028       7.59557867    
       23400   7.61672115       8.16715050       7.59425735    
       23460   7.62540960       8.16184807       7.59269571    
       23520   7.63540983       8.15608597       7.59167528    
       23580   7.64557362       8.14986706       7.59152412    
       23640   7.65491819       8.14379406       7.59222317    
       23700   7.66541004       8.13830185       7.59375429    
       23760   7.67786884       8.13333797       7.59596968    
       23820   7.69245911       8.12882710       7.59873962    
       23880   7.70819664       8.12491035       7.60199165    
       23940   7.72327852       8.12171745       7.60526514    
       24000   7.73901653       8.11907291       7.60824728    
       24060   7.75573778       8.11675262       7.61093187    
       24120   7.77245903       8.11454678       7.61285353    
       24180   7.78885269       8.11212730       7.61334658    
       24240   7.80508184       8.10919380       7.61207724    
       24300   7.82000017       8.10527706       7.60934734    
       24360   7.83491802       8.09997654       7.60692739    
       24420   7.85049200       8.09315872       7.60624218    
       24480   7.86606550       8.08549786       7.60683584    
       24540   7.88196707       8.07879162       7.60776854    
       24600   7.89721298       8.07408810       7.60857391    
       24660   7.91180325       8.07070255       7.60929632    
       24720   7.92557383       8.06774807       7.60994101    
       24780   7.93786907       8.06486130       7.61035824    
       24840   7.94688511       8.06202793       7.61049795    
       24900   7.95377064       8.05913353       7.61046171    
       24960   7.95803261       8.05594349       7.61031961    
       25020   7.96180344       8.05236816       7.61026335    
       25080   7.96540976       8.04849052       7.61069822    
       25140   7.96852446       8.04455566       7.61175776    
       25200   7.97065592       8.04109001       7.97092199    
       25260   7.97163916       8.03856659       7.97264242    
       25320   7.97295094       8.03665638       7.97432947    
       25380   7.97377062       8.03474045       7.97572803    
       25440   7.97573757       8.03259850       7.97652483    
       25500   7.97918034       8.03005695       7.97647953    
       25560   7.98409843       8.02703953       7.97585964    
       25620   7.99081945       8.02347565       7.97497272    
       25680   7.99639368       8.01907349       7.97407484    
       25740   7.99754095       8.01360226       7.97340584    
       25800   7.99622965       8.00732517       7.97342920    
       25860   7.99442625       8.00101852       7.97397327    
       25920   7.99295092       7.99579430       7.97430277    
       25980   7.99327850       7.99197245       7.97384119    
       26040   7.99606562       7.98859262       7.97237301    
       26100   8.00081921       7.98479700       7.97025681    
       26160   8.00688553       7.98041153       7.96821404    
       26220   8.01409817       7.97545576       7.96661282    
       26280   8.02229500       7.97004318       7.96494102    
       26340   8.03114796       7.96447945       7.96302700    
       26400   8.03819656       7.95910501       7.96050739    
       26460   8.04393482       7.95406342       7.95733166    
       26520   8.04852486       7.94927979       7.95342922    
       26580   8.04983616       7.94431448       7.94845295    
       26640   8.04622936       7.93863821       7.94231653    
       26700   8.04065609       7.93196344       7.93567657    
       26760   8.03622913       7.92416811       7.92914248    
       26820   8.03229523       7.91557646       7.92315722    
       26880   8.02737713       7.90697241       7.91781378    
       26940   8.02032757       7.89918232       7.91301966    
       27000   8.01459026       7.89242983       7.90887880    
       27060   8.00803280       7.88645124       7.90526342    
       27120   7.99918032       7.88117552       7.90205860    
       27180   7.98918056       7.87688065       7.89915514    
       27240   7.97934437       7.87357664       7.89572048    
       27300   7.97032785       7.87102270       7.89090395    
       27360   7.95983601       7.86901569       7.88509130    
       27420   7.94836044       7.86699772       7.87895298    
       27480   7.93590164       7.86413193       7.87274790    
       27540   7.92245913       7.86029959       7.86641693    
       27600   7.90852451       7.85624170       7.86027908    
       27660   7.89393425       7.85220623       7.85458279    
       27720   7.87819672       7.84815168       7.84905672    
       27780   7.86278677       7.84437370       7.84337521    
       27840   7.84754086       7.84100723       7.83762264    
       27900   7.83278704       7.83788157       7.83212185    
       27960   7.81967211       7.83479548       7.82685184    
       28020   7.80622959       7.83171844       7.82107067    
       28080   7.79213095       7.82886410       7.81436825    
       28140   7.77803278       7.82613468       7.80730963    
       28200   7.76409817       7.82302141       7.80030537    
       28260   7.75016403       7.81923246       7.79318237    
       28320   7.73672152       7.81503534       7.78605700    
       28380   7.72426224       7.81091785       7.77923298    
       28440   7.71327877       7.80685616       7.77259159    
       28500   7.70409822       7.80269146       7.76600981    
       28560   7.69672108       7.79870510       7.75952005    
       28620   7.69114733       7.79489613       7.75314426    
       28680   7.68491793       7.79095173       7.74693966    
       28740   7.67754078       7.78687048       7.74085522    
       28800   7.66934443       7.78283262       7.64785767    
       28860   7.66049194       7.77905893       7.63857841    
       28920   7.65114737       7.77566957       7.62960339    
       28980   7.64114761       7.77248573       7.62128592    
       29040   7.63147545       7.76940632       7.61339712    
       29100   7.62327862       7.76656580       7.60564280    
       29160   7.61721325       7.76425362       7.59793425    
       29220   7.61426210       7.76276636       7.59044981    
       29280   7.61147547       7.76206779       7.58275938    
       29340   7.60819674       7.76165724       7.57412815    
       29400   7.60540962       7.76106453       7.56487131    
       29460   7.60278702       7.76004887       7.55565691    
       29520   7.59901619       7.75827456       7.54638338    
       29580   7.59524584       7.75579977       7.53655577    
       29640   7.59196711       7.75311470       7.52630520    
       29700   7.58786869       7.75044155       7.51636696    
       29760   7.58311462       7.74759102       7.50718784    
       29820   7.57786894       7.74439955       7.49788094    
       29880   7.57196712       7.74109221       7.48757601    
       29940   7.56590176       7.73795891       7.47679901    
       30000   7.56049204       7.73463964       7.46639442    
       30060   7.55655718       7.73052979       7.45731163    
       30120   7.55360651       7.72568130       7.44970465    
       30180   7.54852438       7.72089291       7.44313622    
       30240   7.54229498       7.71694326       7.43749046    
       30300   7.53786898       7.71409941       7.43263865    
       30360   7.53213120       7.71208668       7.42805290    
       30420   7.52868843       7.71062851       7.42342901    
       30480   7.52393436       7.70951462       7.41853619    
       30540   7.51950836       7.70852613       7.41345215    
       30600   7.51360655       7.70744991       7.40817070    
       30660   7.50770473       7.70592070       7.40243959    
       30720   7.50295067       7.70368576       7.39611626    
       30780   7.49688530       7.70069933       7.38925457    
       30840   7.49065590       7.69709587       7.38201571    
       30900   7.48524570       7.69298172       7.37490940    
       30960   7.47983599       7.68833208       7.36835098    
       31020   7.47442627       7.68349075       7.36218691    
       31080   7.46754122       7.67903852       7.35661364    
       31140   7.45950842       7.67488480       7.35187483    
       31200   7.45081949       7.67048025       7.34787655    
       31260   7.44278669       7.66610193       7.34418535    
       31320   7.43606567       7.66227484       7.34039259    
       31380   7.42983627       7.65904284       7.33617783    
       31440   7.42295074       7.65607786       7.33142757    
       31500   7.41639328       7.65313435       7.32637215    
       31560   7.40967226       7.65017462       7.32122087    
       31620   7.40245914       7.64695168       7.31598711    
       31680   7.39557362       7.64318323       7.31057072    
       31740   7.38918018       7.63900757       7.30476046    
       31800   7.38262272       7.63484621       7.29850531    
       31860   7.37557364       7.63089943       7.29223442    
       31920   7.36852455       7.62660646       7.28673315    
       31980   7.36147547       7.62145233       7.28220844    
       32040   7.35344267       7.61600876       7.27847004    
       32100   7.34524584       7.61101389       7.27562094    
       32160   7.33754110       7.60660362       7.27356148    
       32220   7.32950830       7.60285521       7.27193069    
       32280   7.32114744       7.59990168       7.27044010    
       32340   7.31344271       7.59750080       7.26891613    
       32400   7.30688524       7.59531307       7.29174709    
       32460   7.30016375       7.59314680       7.28527260    
       32520   7.29360676       7.59100389       7.27858067    
       32580   7.28803301       7.58908987       7.27123690    
       32640   7.28295088       7.58727169       7.26284313    
       32700   7.27704906       7.58498001       7.25393391    
       32760   7.26950836       7.58173323       7.24522591    
       32820   7.25934410       7.57748604       7.23708153    
       32880   7.24557400       7.57271671       7.22901535    
       32940   7.23065567       7.56818342       7.22109842    
       33000   7.21573782       7.56389189       7.21401644    
       33060   7.20131159       7.55954838       7.20755482    
       33120   7.18786907       7.55531120       7.20145178    
       33180   7.17491817       7.55152893       7.19565248    
       33240   7.16196728       7.54824734       7.19015837    
       33300   7.14868832       7.54539394       7.18483543    
       33360   7.13540983       7.54307985       7.17931938    
       33420   7.12163925       7.54136610       7.17336226    
       33480   7.10852480       7.53977013       7.16725016    
       33540   7.09639359       7.53738070       7.16119766    
       33600   7.08442640       7.53415346       7.15455866    
       33660   7.07196712       7.53087282       7.14720249    
       33720   7.05819654       7.52769423       7.13919926    
       33780   7.04393435       7.52371550       7.13090420    
       33840   7.03180313       7.51836014       7.12281609    
       33900   7.01967192       7.51186800       7.11497831    
       33960   7.00557375       7.50492811       7.10766029    
       34020   6.99327850       7.49800730       7.10122395    
       34080   6.97934437       7.49118090       7.09569883    
       34140   6.96672153       7.48462582       7.09092522    
       34200   6.95327854       7.47886848       7.08651543    
       34260   6.94081974       7.47434807       7.08212852    
       34320   6.92836046       7.47075939       7.07779408    
       34380   6.91524601       7.46745968       7.07357979    
       34440   6.90327883       7.46420383       7.06926203    
       34500   6.89229488       7.46115255       7.06462097    
       34560   6.88065577       7.45834780       7.05982113    
       34620   6.86918020       7.45548344       7.05515385    
       34680   6.85803270       7.45235586       7.05022240    
       34740   6.84786892       7.44906855       7.04424334    
       34800   6.83852482       7.44567299       7.03714514    
       34860   6.82983589       7.44164753       7.02941513    
       34920   6.82131147       7.43636894       7.02177000    
       34980   6.81180334       7.42973948       7.01480198    
       35040   6.80262280       7.42227268       7.00885820    
       35100   6.79442644       7.41472149       7.00392199    
       35160   6.78606558       7.40783167       6.99949455    
       35220   6.77770472       7.40219355       6.99513054    
       35280   6.76967192       7.39768553       6.99071503    
       35340   6.76163912       7.39354992       6.98680639    
       35400   6.75327873       7.38935566       6.98418951    
       35460   6.74508190       7.38527918       6.98276854    
       35520   6.73754120       7.38191462       6.98189592    
       35580   6.73032808       7.37966442       6.98098278    
       35640   6.72311497       7.37823963       6.97971630    
       35700   6.71573782       7.37708521       6.97815561    
       35760   6.70803261       7.37567520       6.97634077    
       35820   6.69983625       7.37374210       6.97396994    
       35880   6.69180346       7.37133884       6.97042799    
       35940   6.68442631       7.36861277       6.96554327    
       36000   6.67672110       7.36547661       6.65399694    
       36060   6.66852474       7.36147451       6.64451742    
       36120   6.66065598       7.35618925       6.63454485    
       36180   6.65311480       7.34972286       6.62440491    
       36240   6.64541006       7.34246111       6.61440849    
       36300   6.63737726       7.33480549       6.60515308    
       36360   6.63000011       7.32696676       6.59703827    
       36420   6.62311459       7.31908512       6.59048796    
       36480   6.61688519       7.31143379       6.58585072    
       36540   6.61163950       7.30450344       6.58270979    
       36600   6.60737705       7.29896784       6.58028889    
       36660   6.60360670       7.29512072       6.57772017    
       36720   6.59934425       7.29271698       6.57483006    
       36780   6.59475422       7.29091454       6.57173443    
       36840   6.59114742       7.28903961       6.56907225    
       36900   6.58819675       7.28681946       6.56789732    
       36960   6.58557367       7.28434658       6.56868362    
       37020   6.58393431       7.28216314       6.57061052    
       37080   6.58360672       7.28114939       6.57240057    
       37140   6.58344269       7.28195429       6.57400417    
       37200   6.58295059       7.28397274       6.57654047    
       37260   6.58196735       7.28597212       6.58065128    
       37320   6.58065557       7.28745031       6.58557177    
       37380   6.57934427       7.28958178       6.59007120    
       37440   6.57770491       7.29308462       6.59324360    
       37500   6.57540989       7.29721546       6.59492779    
       37560   6.57344246       7.30083036       6.59571886    
       37620   6.57262278       7.30302382       6.59580803    
       37680   6.57180309       7.30348110       6.59425402    
       37740   6.57081985       7.30243349       6.59065580    
       37800   6.56836081       7.30024433       6.58559084    
       37860   6.56540966       7.29691935       6.57950354    
       37920   6.56180334       7.29201937       6.57318974    
       37980   6.55868864       7.28570414       6.56736946    
       38040   6.55639362       7.27834415       6.56193876    
       38100   6.55442619       7.27039051       6.55636120    
       38160   6.55393457       7.26271343       6.55063343    
       38220   6.55459023       7.25582886       6.54524803    
       38280   6.55508184       7.24923420       6.54059792    
       38340   6.55639362       7.24237585       6.53690100    
       38400   6.55901623       7.23537970       6.53423500    
       38460   6.55999994       7.22886515       6.53234243    
       38520   6.56016397       7.22328854       6.53080654    
       38580   6.56245899       7.21859789       6.52907562    
       38640   6.56754112       7.21441841       6.52666664    
       38700   6.57442617       7.21028423       6.52345991    
       38760   6.58229494       7.20569944       6.51977587    
       38820   6.58901644       7.20040083       6.51576853    
       38880   6.59524584       7.19455338       6.51118994    
       38940   6.60163927       7.18842506       6.50607061    
       39000   6.61032772       7.18203354       6.50061131    
       39060   6.61885262       7.17522049       6.49463797    
       39120   6.62688541       7.16784382       6.48837519    
       39180   6.63508177       7.15990782       6.48232412    
       39240   6.64344263       7.15137720       6.47632599    
       39300   6.65245914       7.14234352       6.46996689    
       39360   6.66131163       7.13336992       6.46299314    
       39420   6.67016411       7.12462711       6.45557833    
       39480   6.67983627       7.11558723       6.44852781    
       39540   6.68836069       7.10584736       6.44312143    
       39600   6.69606543       7.09562731       6.70797777    
       39660   6.70491791       7.08583689       6.71963453    
       39720   6.71393442       7.07758904       6.73176622    
       39780   6.72344255       7.07140255       6.74489784    
       39840   6.73344278       7.06695127       6.75955772    
       39900   6.74262285       7.06350374       6.77518272    
       39960   6.74983597       7.06096125       6.79019976    
       40020   6.75819683       7.05974150       6.80356550    
       40080   6.76672125       7.05972910       6.81552315    
       40140   6.77524567       7.05962515       6.82701635    
       40200   6.78196716       7.05788755       6.83898449    
       40260   6.78950834       7.05429220       6.85116863    
       40320   6.79639339       7.04994965       6.86277866    
       40380   6.80360651       7.04632568       6.87366152    
       40440   6.80852461       7.04366350       6.88447046    
       40500   6.81163931       7.04125643       6.89502954    
       40560   6.81344271       7.03836584       6.90405893    
       40620   6.81393433       7.03503323       6.91114807    
       40680   6.81426239       7.03131199       6.91849422    
       40740   6.81573772       7.02663517       6.92752790    
       40800   6.81737709       7.02072620       6.93772459    
       40860   6.81836081       7.01483440       6.94758892    
       40920   6.81901646       7.01077032       6.95585251    
       40980   6.81983614       7.00788975       6.96275043    
       41040   6.82163954       7.00498056       6.96955538    
       41100   6.82573748       7.00140619       6.97717667    
       41160   6.83081961       6.99707603       6.98536873    
       41220   6.83491802       6.99274635       6.99319601    
       41280   6.83770514       6.98916626       7.00062799    
       41340   6.83983612       6.98621750       7.00888872    
       41400   6.84147549       6.98309469       7.01869917    
       41460   6.84442616       6.97971249       7.02961779    
       41520   6.84819651       6.97747755       7.04047060    
       41580   6.85229492       6.97709990       7.05014563    
       41640   6.85557365       6.97820759       7.05836630    
       41700   6.85721302       6.97972918       7.06575394    
       41760   6.85836077       6.98022413       7.07339430    
       41820   6.85819674       6.97942638       7.08161831    
       41880   6.85672140       6.97839928       7.09001350    
       41940   6.85557365       6.97806311       7.09812212    
       42000   6.85262299       6.97843218       7.10551643    
       42060   6.84754086       6.97903824       7.11171913    
       42120   6.84377050       6.97954607       7.11674070    
       42180   6.84147549       6.97979975       7.12121058    
       42240   6.83803272       6.97947025       7.12559557    
       42300   6.83163929       6.97821617       7.13006258    
       42360   6.82344246       6.97640610       7.13501692    
       42420   6.81786871       6.97484922       7.14074469    
       42480   6.81639338       6.97379208       7.14746904    
       42540   6.81491804       6.97348118       7.15543079    
       42600   6.81196737       6.97432327       7.16462231    
       42660   6.80590153       6.97663021       7.17438650    
       42720   6.79934406       6.98055172       7.18382549    
       42780   6.79245901       6.98590326       7.19201708    
       42840   6.78508186       6.99230433       7.19873238    
       42900   6.77786875       6.99898911       7.20493174    
       42960   6.76918030       7.00464344       7.21171951    
       43020   6.76032782       7.00895691       7.21896315    
       43080   6.75131130       7.01282215       7.22567987    
       43140   6.74098349       7.01726341       7.23110914    
       43200   6.73229504       7.02249146       6.71829510    
       43260   6.72475433       7.02752829       6.70643950    
       43320   6.71622944       7.03126478       6.69341373    
       43380   6.70655727       7.03312683       6.67988014    
       43440   6.69639349       7.03331041       6.66614389    
       43500   6.68590164       7.03252316       6.65244722    
       43560   6.67639351       7.03089380       6.63965940    
       43620   6.66803265       7.02821779       6.62899017    
       43680   6.65852451       7.02504921       6.61971998    
       43740   6.64885235       7.02285957       6.61000586    
       43800   6.64081955       7.02289248       6.59848213    
       43860   6.63508177       7.02455330       6.58511162    
       43920   6.62868834       7.02570677       6.57137775    
       43980   6.62295103       7.02474451       6.55911493    
       44040   6.61688519       7.02204943       6.54852581    
       44100   6.61524582       7.01906681       6.53809452    
       44160   6.61622953       7.01739264       6.52661705    
       44220   6.61836052       7.01716137       6.51486111    
       44280   6.62229490       7.01718092       6.50387144    
       44340   6.62639332       7.01659060       6.49255037    
       44400   6.62803268       7.01571274       6.48043489    
       44460   6.63131142       7.01471376       6.46815872    
       44520   6.63508177       7.01289845       6.45646620    
       44580   6.63885260       7.01028967       6.44590521    
       44640   6.64245892       7.00736570       6.43586349    
       44700   6.64557362       7.00502825       6.42536974    
       44760   6.64786863       7.00392246       6.41377020    
       44820   6.65016413       7.00333881       6.40137196    
       44880   6.65131140       7.00218916       6.38931799    
       44940   6.65229511       6.99994469       6.37751055    
       45000   6.65573788       6.99677277       6.36576128    
       45060   6.65918016       6.99322844       6.35400438    
       45120   6.66147518       6.98920441       6.34138536    
       45180   6.66524601       6.98465347       6.32865334    
       45240   6.66868830       6.98020029       6.31703281    
       45300   6.67147541       6.97567225       6.30640888    
       45360   6.67426252       6.97090960       6.29675770    
       45420   6.67770481       6.96660471       6.28824139    
       45480   6.68016386       6.96307373       6.28081989    
       45540   6.68229485       6.96011305       6.27429008    
       45600   6.68409824       6.95779991       6.26860809    
       45660   6.68688536       6.95622492       6.26433849    
       45720   6.69000006       6.95525599       6.26239586    
       45780   6.69442606       6.95493317       6.26259041    
       45840   6.70147562       6.95577288       6.26334476    
       45900   6.70622969       6.95849752       6.26401567    
       45960   6.71000004       6.96293497       6.26456594    
       46020   6.71311474       6.96787882       6.26467991    
       46080   6.71393442       6.97252846       6.26390362    
       46140   6.71393442       6.97671223       6.26188707    
       46200   6.71524572       6.98015308       6.25854301    
       46260   6.71704912       6.98260546       6.25404978    
       46320   6.72163916       6.98374748       6.24906683    
       46380   6.72901630       6.98334408       6.24446583    
       46440   6.73688507       6.98160982       6.24083042    
       46500   6.74803257       6.97943068       6.23820400    
       46560   6.75934410       6.97781372       6.23628616    
       46620   6.77081966       6.97692013       6.23465157    
       46680   6.78049183       6.97638988       6.23346996    
       46740   6.79016399       6.97579479       6.23328400    
       46800   6.79885244       6.97518873       6.82032681    
       46860   6.80754089       6.97524405       6.83365250    
       46920   6.81836081       6.97634888       6.84773064    
       46980   6.82688522       6.97850990       6.86332369    
       47040   6.83393431       6.98188448       6.88014364    
       47100   6.84131145       6.98663712       6.89725876    
       47160   6.84803295       6.99282932       6.91380930    
       47220   6.85442638       7.00016928       6.92871141    
       47280   6.86213112       7.00780821       6.94136572    
       47340   6.86901617       7.01479149       6.95280409    
       47400   6.87540960       7.02046013       6.96495342    
       47460   6.88081980       7.02465868       6.97853327    
       47520   6.88590145       7.02818346       6.99344778    
       47580   6.89016390       7.03237820       7.00860071    
       47640   6.89377069       7.03785467       7.02289915    
       47700   6.89721298       7.04446316       7.03556871    
       47760   6.89934444       7.05162668       7.04732323    
       47820   6.90065575       7.05844164       7.05990267    
       47880   6.90196705       7.06456470       7.07318878    
       47940   6.90262318       7.07055759       7.08615351    
       48000   6.90245914       7.07724237       7.09820747    
       48060   6.90229511       7.08453083       7.10911322    
       48120   6.89967203       7.09168100       7.11837339    
       48180   6.89819670       7.09828997       7.12588692    
       48240   6.89918041       7.10415268       7.13282537    
       48300   6.90229511       7.10873890       7.14088011    
       48360   6.90573788       7.11184692       7.15026283    
       48420   6.90737724       7.11442709       7.16096115    
       48480   6.90868855       7.11802435       7.17241907    
       48540   6.91327858       7.12310457       7.18345451    
       48600   6.91950798       7.12948990       7.19394970    
       48660   6.92721319       7.13632393       7.20456982    
       48720   6.93688536       7.14270544       7.21611786    
       48780   6.94868851       7.14819431       7.23010588    
       48840   6.95541000       7.15325165       7.24576664    
       48900   6.96213102       7.15977287       7.26141310    
       48960   6.96918011       7.16916370       7.27786541    
       49020   6.97819662       7.18040991       7.29528093    
       49080   6.98836088       7.19170523       7.31217766    
       49140   6.99967194       7.20316362       7.32793522    
       49200   7.00983620       7.21532631       7.34274006    
       49260   7.02081966       7.22741938       7.35662174    
       49320   7.03213120       7.23879623       7.36919069    
       49380   7.04213095       7.24936867       7.37990808    
       49440   7.05344248       7.25909233       7.38869238    
       49500   7.06180334       7.26769781       7.39631176    
       49560   7.07131147       7.27488804       7.40330982    
       49620   7.08065557       7.28085804       7.40928936    
       49680   7.09377050       7.28606987       7.41439533    
       49740   7.10557365       7.29083157       7.41934347    
       49800   7.11557388       7.29488564       7.42440033    
       49860   7.12377071       7.29817963       7.42974281    
       49920   7.13393450       7.30152273       7.43560028    
       49980   7.14081955       7.30531740       7.44221115    
       50040   7.14590168       7.30947733       7.44990110    
       50100   7.15491819       7.31399584       7.45775366    
       50160   7.16196728       7.31916761       7.46415377    
       50220   7.16786861       7.32549191       7.46849155    
       50280   7.17196703       7.33261204       7.47168732    
       50340   7.17704916       7.33879375       7.47530365    
       50400   7.18049192       7.34284687       7.19394732    
       50460   7.18606567       7.34516716       7.19917488    
       50520   7.18934441       7.34744501       7.20504522    
       50580   7.18655729       7.35098314       7.21102190    
       50640   7.18672132       7.35608816       7.21686792    
       50700   7.18885231       7.36228418       7.22322035    
       50760   7.19180346       7.36840343       7.23010302    
       50820   7.19622946       7.37404156       7.23648834    
       50880   7.20163918       7.37978458       7.24249554    
       50940   7.20672131       7.38591528       7.24837303    
       51000   7.21000004       7.39205313       7.25429869    
       51060   7.21311474       7.39818048       7.25936174    
       51120   7.21573782       7.40432978       7.26341057    
       51180   7.22295094       7.41000605       7.26588440    
       51240   7.23000002       7.41469765       7.26760578    
       51300   7.23524570       7.41813850       7.26890135    
       51360   7.23950815       7.42015553       7.27110672    
       51420   7.24147558       7.42131710       7.27433538    
       51480   7.24459028       7.42258978       7.27759600    
       51540   7.24672127       7.42460918       7.28026438    
       51600   7.24950838       7.42724228       7.28251743    
       51660   7.25327873       7.43012667       7.28456497    
       51720   7.25901651       7.43293476       7.28688669    
       51780   7.26508188       7.43537045       7.29049826    
       51840   7.27393436       7.43763351       7.29512691    
       51900   7.28229523       7.44026995       7.30024481    
       51960   7.28754091       7.44376087       7.30472469    
       52020   7.29229498       7.44799137       7.30850124    
       52080   7.29573774       7.45206356       7.31183815    
       52140   7.29836082       7.45560646       7.31526756    
       52200   7.29967213       7.45862150       7.31870699    
       52260   7.30114746       7.46148205       7.32200241    
       52320   7.30131149       7.46462250       7.32417154    
       52380   7.29918051       7.46793079       7.32466221    
       52440   7.29622936       7.47053003       7.32329369    
       52500   7.29540968       7.47155142       7.32085323    
       52560   7.29557371       7.47056055       7.31846905    
       52620   7.29803276       7.46806526       7.31530333    
       52680   7.29770470       7.46529198       7.31094170    
       52740   7.29754114       7.46206999       7.30670834    
       52800   7.29606581       7.45770550       7.30330086    
       52860   7.29590178       7.45294237       7.30065775    
       52920   7.29508209       7.44858360       7.29874277    
       52980   7.29327869       7.44486856       7.29772663    
       53040   7.29344273       7.44185734       7.29797840    
       53100   7.29475403       7.43952036       7.29960775    
       53160   7.29967213       7.43811607       7.30227613    
       53220   7.30426216       7.43809462       7.30527878    
       53280   7.30786896       7.43959618       7.30868769    
       53340   7.30803299       7.44211149       7.31229925    
       53400   7.30934429       7.44557714       7.31615543    
       53460   7.31016397       7.44975996       7.32102728    
       53520   7.31147528       7.45382547       7.32734442    
       53580   7.31213093       7.45784712       7.33504248    
       53640   7.31360674       7.46257210       7.34327650    
       53700   7.31672144       7.46836042       7.35124874    
       53760   7.31704903       7.47516060       7.35959291    
       53820   7.31508207       7.48255348       7.36926937    
       53880   7.31377029       7.49022961       7.38000154    
       53940   7.31491804       7.49916792       7.39046001    
       54000   7.31819677       7.50988960       7.34081364    
       54060   7.32508183       7.52144718       7.34404802    
       54120   7.33196735       7.53194666       7.34543991    
       54180   7.34163952       7.54024553       7.34613943    
       54240   7.35688543       7.54626417       7.34664583    
       54300   7.37196732       7.55076694       7.34700537    
       54360   7.38786888       7.55497456       7.34641075    
       54420   7.40114737       7.55915499       7.34465456    
       54480   7.41131163       7.56265116       7.34189034    
       54540   7.41983604       7.56528187       7.33906317    
       54600   7.42573786       7.56757593       7.33709621    
       54660   7.43409824       7.56968451       7.33596039    
       54720   7.44180346       7.57160997       7.33631229    
       54780   7.44934416       7.57363129       7.33803463    
       54840   7.45360661       7.57605457       7.34168148    
       54900   7.46065569       7.57938051       7.34662342    
       54960   7.47213125       7.58412981       7.35111666    
       55020   7.48704910       7.59052563       7.35415983    
       55080   7.50163937       7.59855032       7.35625553    
       55140   7.51295090       7.60681343       7.35842514    
       55200   7.52213097       7.61369562       7.36176062    
       55260   7.52852440       7.61913490       7.36606121    
       55320   7.53540993       7.62422657       7.37045622    
       55380   7.54229498       7.63018608       7.37461662    
       55440   7.54688501       7.63718224       7.37834835    
       55500   7.55016375       7.64453125       7.38184214    
       55560   7.55557394       7.65173054       7.38475800    
       55620   7.56262302       7.65857172       7.38694191    
       55680   7.56950808       7.66506624       7.38903856    
       55740   7.57573748       7.67108822       7.39138746    
       55800   7.58114767       7.67641973       7.39365292    
       55860   7.58573771       7.68129778       7.39601803    
       55920   7.58770514       7.68632746       7.39828014    
       55980   7.58803272       7.69173336       7.40042257    
       56040   7.58868837       7.69725275       7.40274334    
       56100   7.59016371       7.70260096       7.40559626    
       56160   7.59311485       7.70776939       7.40935135    
       56220   7.59459019       7.71283436       7.41383219    
       56280   7.59590149       7.71803999       7.41832018    
       56340   7.59950829       7.72376347       7.42246151    
       56400   7.59967232       7.73004580       7.42616653    
       56460   7.60360670       7.73645544       7.42904520    
       56520   7.60590172       7.74251270       7.43089962    
       56580   7.60475397       7.74793291       7.43154907    
       56640   7.60409832       7.75251818       7.43067980    
       56700   7.60360670       7.75602961       7.42833662    
       56760   7.59983587       7.75811052       7.42511225    
       56820   7.59213114       7.75846958       7.42156792    
       56880   7.58311462       7.75721645       7.41825438    
       56940   7.57590151       7.75490427       7.41584110    
       57000   7.56950808       7.75218534       7.41456032    
       57060   7.56262302       7.74979115       7.41396236    
       57120   7.55590153       7.74829197       7.41343451    
       57180   7.55147552       7.74762249       7.41228914    
       57240   7.54885244       7.74723339       7.40976906    
       57300   7.54885244       7.74659967       7.40606976    
       57360   7.54540968       7.74523211       7.40182686    
       57420   7.53918028       7.74269915       7.39727783    
       57480   7.53557396       7.73920202       7.39276934    
       57540   7.53081989       7.73513937       7.38895893    
       57600   7.52672148       7.73087454       7.51598358    
       57660   7.52327871       7.72683096       7.51289701    
       57720   7.51852465       7.72346354       7.51025343    
       57780   7.51327848       7.72096205       7.50795221    
       57840   7.50737715       7.71915388       7.50567341    
       57900   7.49885225       7.71765327       7.50355768    
       57960   7.48868847       7.71641302       7.50190878    
       58020   7.47754097       7.71546984       7.50067043    
       58080   7.46754122       7.71486235       7.49982834    
       58140   7.45901632       7.71476555       7.50036430    
       58200   7.45147562       7.71532154       7.50170803    
       58260   7.44754076       7.71683550       7.50336313    
       58320   7.44377041       7.71940899       7.50518227    
       58380   7.44147539       7.72252941       7.50620937    
       58440   7.43950796       7.72563124       7.50617361    
       58500   7.43475389       7.72836542       7.50467920    
       58560   7.42852449       7.73034334       7.50174093    
       58620   7.42098379       7.73107672       7.49951077    
       58680   7.41163921       7.73026037       7.49863386    
       58740   7.40524578       7.72906303       7.49908018    
       58800   7.40098381       7.72893620       7.50026274    
       58860   7.39950800       7.72999477       7.50086737    
       58920   7.39967203       7.73171234       7.50068283    
       58980   7.39868832       7.73366404       7.50012493    
       59040   7.39754105       7.73562956       7.49915361    
       59100   7.39934444       7.73749733       7.49857044    
       59160   7.40000010       7.73878098       7.49927092    
       59220   7.39770508       7.73934031       7.50101089    
       59280   7.39426231       7.73967075       7.50409937    
       59340   7.39065552       7.74084234       7.50798988    
       59400   7.38934422       7.74349785       7.51195765    
       59460   7.39016390       7.74722528       7.51606178    
       59520   7.39213133       7.75133324       7.52001143    
       59580   7.39524603       7.75564432       7.52396488    
       59640   7.39852476       7.76021862       7.52769756    
       59700   7.40262318       7.76484060       7.53082037    
       59760   7.40459013       7.76923370       7.53335667    
       59820   7.40639353       7.77306080       7.53497887    
       59880   7.40999985       7.77601099       7.53583002    
       59940   7.41295099       7.77794838       7.53671980    
       60000   7.41590166       7.77894211       7.53810120    
       60060   7.42114735       7.77930832       7.54016066    
       60120   7.42245913       7.77956247       7.54318619    
       60180   7.42442608       7.78018045       7.54705811    
       60240   7.43032789       7.78152132       7.55137062    
       60300   7.43737698       7.78389454       7.55591679    
       60360   7.44360638       7.78736973       7.56037855    
       60420   7.45114756       7.79164743       7.56440020    
       60480   7.46016407       7.79621744       7.56781483    
       60540   7.47114754       7.80060863       7.57056332    
       60600   7.48262310       7.80446053       7.57245588    
       60660   7.49229527       7.80754519       7.57307243    
       60720   7.50032806       7.80980921       7.57202625    
       60780   7.50852442       7.81113338       7.56912565    
       60840   7.51459026       7.81127882       7.56520557    
       60900   7.51885223       7.80985022       7.56165934    
       60960   7.52262306       7.80661440       7.55899954    
       61020   7.52819681       7.80219316       7.55676556    
       61080   7.53590155       7.79777908       7.55416346    
       61140   7.54311466       7.79404116       7.55085707    
       61200   7.55262280       7.79096794       7.56690979    
       61260   7.56262302       7.78795576       7.57461929    
       61320   7.57131147       7.78421831       7.58172750    
       61380   7.57868862       7.77969170       7.58898020    
       61440   7.58557367       7.77470303       7.59616613    
       61500   7.59180307       7.76967525       7.60346031    
       61560   7.59868860       7.76490831       7.61092567    
       61620   7.60573769       7.76044607       7.61824369    
       61680   7.61360645       7.75618839       7.62558889    
       61740   7.62295103       7.75193834       7.63314581    
       61800   7.63196707       7.74783850       7.64011908    
       61860   7.63983583       7.74412298       7.64594030    
       61920   7.64590168       7.74087334       7.65076876    
       61980   7.65131140       7.73777485       7.65526295    
       62040   7.65475416       7.73399782       7.65999079    
       62100   7.65918016       7.72914457       7.66523790    
       62160   7.66688538       7.72377396       7.67103243    
       62220   7.67540979       7.71857452       7.67755651    
       62280   7.68393421       7.71393347       7.68458939    
       62340   7.69262314       7.70994473       7.69156647    
       62400   7.69999981       7.70661640       7.69730234    
       62460   7.70639324       7.70395374       7.70125628    
       62520   7.71311474       7.70165157       7.70443535    
       62580   7.72049189       7.69873905       7.70783472    
       62640   7.72868872       7.69457769       7.71198368    
       62700   7.73573780       7.68969297       7.71712399    
       62760   7.74213123       7.68520069       7.72250319    
       62820   7.74819660       7.68149233       7.72713423    
       62880   7.75377035       7.67817354       7.73152399    
       62940   7.76000023       7.67471695       7.73561239    
       63000   7.76639366       7.67103863       7.73949242    
       63060   7.77311468       7.66731262       7.74308872    
       63120   7.77868843       7.66366720       7.74653673    
       63180   7.78426218       7.65992880       7.75015926    
       63240   7.78999996       7.65604734       7.75418854    
       63300   7.79475403       7.65230608       7.75870466    
       63360   7.79819679       7.64895296       7.76351309    
       63420   7.80081987       7.64619446       7.76830149    
       63480   7.80196714       7.64408445       7.77299261    
       63540   7.80262280       7.64242697       7.77740765    
       63600   7.80360651       7.64093304       7.78127623    
       63660   7.80475426       7.63943005       7.78442144    
       63720   7.80524588       7.63779497       7.78643847    
       63780   7.80655718       7.63573790       7.78704929    
       63840   7.80934429       7.63280582       7.78660679    
       63900   7.81114769       7.62871599       7.78588915    
       63960   7.81196737       7.62361813       7.78538847    
       64020   7.81245899       7.61805534       7.78526402    
       64080   7.81245899       7.61269617       7.78559351    
       64140   7.81163931       7.60793352       7.78631926    
       64200   7.80999994       7.60388994       7.78738928    
       64260   7.80918026       7.60056400       7.78895092    
       64320   7.80999994       7.59782362       7.79148531    
       64380   7.81131124       7.59570169       7.79565573    
       64440   7.81295061       7.59445763       7.80183077    
       64500   7.81458998       7.59470797       7.80911827    
       64560   7.81590176       7.59711695       7.81604338    
       64620   7.81458998       7.60144949       7.82190132    
       64680   7.81327868       7.60634518       7.82723999    
       64740   7.81196737       7.61063147       7.83368778    
