 20190301
 Seconds  Measures(TEMP-C°)  Meso-NH(TEMP-C°)  FORECAST_AR(TEMP-C°)
        3660   14.8560658       15.7105417       14.8645544    
        3720   14.8593445       15.7113199       14.8739557    
        3780   14.8667212       15.7099285       14.8843174    
        3840   14.8829508       15.7079325       14.8957672    
        3900   14.8962297       15.7062912       14.9076605    
        3960   14.9080324       15.7055607       14.9185562    
        4020   14.9190168       15.7058125       14.9306574    
        4080   14.9324589       15.7073908       14.9435835    
        4140   14.9485245       15.7106028       14.9571943    
        4200   14.9667215       15.7155075       14.9713945    
        4260   14.9770489       15.7217789       14.9856663    
        4320   14.9780331       15.7277498       14.9994316    
        4380   14.9724588       15.7329121       15.0106764    
        4440   14.9688520       15.7372561       15.0180779    
        4500   14.9654102       15.7406120       15.0206356    
        4560   14.9595079       15.7422438       15.0179548    
        4620   14.9519672       15.7410650       15.0132236    
        4680   14.9460659       15.7358875       15.0072527    
        4740   14.9426231       15.7267818       15.0014191    
        4800   14.9413118       15.7144527       14.9954357    
        4860   14.9401636       15.7010126       14.9896584    
        4920   14.9468851       15.6888390       14.9853258    
        4980   14.9514751       15.6782827       14.9823160    
        5040   14.9521313       15.6689377       14.9806814    
        5100   14.9540987       15.6604500       14.9805155    
        5160   14.9545898       15.6525173       14.9801779    
        5220   14.9522953       15.6449270       14.9802952    
        5280   14.9488525       15.6374693       14.9815521    
        5340   14.9439344       15.6300678       14.9859438    
        5400   14.9414759       15.6237059       14.9953108    
        5460   14.9391804       15.6199999       15.0073605    
        5520   14.9352455       15.6206226       15.0202065    
        5580   14.9298363       15.6260290       15.0317869    
        5640   14.9283609       15.6346807       15.0421934    
        5700   14.9229507       15.6440029       15.0533972    
        5760   14.9124594       15.6522017       15.0666656    
        5820   14.9050817       15.6597662       15.0823069    
        5880   14.8965578       15.6685200       15.0980330    
        5940   14.8860655       15.6793537       15.1124468    
        6000   14.8713112       15.6911335       15.1237755    
        6060   14.8563938       15.7032518       15.1317854    
        6120   14.8388529       15.7140980       15.1377783    
        6180   14.8263931       15.7223349       15.1422024    
        6240   14.8178692       15.7278824       15.1455374    
        6300   14.8124590       15.7315159       15.1490488    
        6360   14.8086882       15.7334013       15.1539602    
        6420   14.8098364       15.7334280       15.1613731    
        6480   14.8022947       15.7324305       15.1718006    
        6540   14.7970495       15.7323418       15.1850061    
        6600   14.7936068       15.7343235       15.2000980    
        6660   14.7878685       15.7385941       15.2140102    
        6720   14.7868853       15.7447271       15.2223978    
        6780   14.7868853       15.7520552       15.2243423    
        6840   14.7813110       15.7587938       15.2226439    
        6900   14.7742624       15.7608747       15.2189474    
        6960   14.7696724       15.7572269       15.2156439    
        7020   14.7642622       15.7496128       15.2152929    
        7080   14.7557373       15.7410164       15.2191591    
        7140   14.7506561       15.7344236       15.2257462    
        7200   14.7449179       15.7324514       15.2312126    
        7260   14.7404919       15.7362204       14.7308226    
        7320   14.7332783       15.7423515       14.7287130    
        7380   14.7303276       15.7469473       14.7270985    
        7440   14.7263937       15.7487144       14.7255659    
        7500   14.7144260       15.7491236       14.7235107    
        7560   14.7029505       15.7491379       14.7200575    
        7620   14.6881971       15.7488899       14.7173071    
        7680   14.6803274       15.7484007       14.7145262    
        7740   14.6652460       15.7473011       14.7126799    
        7800   14.6495085       15.7457476       14.7124701    
        7860   14.6319675       15.7440901       14.7127943    
        7920   14.6213112       15.7433167       14.7129993    
        7980   14.6159019       15.7435484       14.7123623    
        8040   14.6165571       15.7442961       14.7110968    
        8100   14.6121311       15.7454329       14.7093563    
        8160   14.6075411       15.7470331       14.7066078    
        8220   14.6052456       15.7493410       14.7047882    
        8280   14.6024590       15.7521839       14.7039375    
        8340   14.6004915       15.7544651       14.7033939    
        8400   14.5960655       15.7559729       14.7042208    
        8460   14.5878687       15.7570314       14.7078724    
        8520   14.5806561       15.7579527       14.7144480    
        8580   14.5663939       15.7602921       14.7240105    
        8640   14.5554094       15.7654800       14.7351179    
        8700   14.5473766       15.7729568       14.7473755    
        8760   14.5408201       15.7817211       14.7593937    
        8820   14.5365572       15.7909470       14.7702332    
        8880   14.5354099       15.8005533       14.7792101    
        8940   14.5318031       15.8101444       14.7868662    
        9000   14.5257378       15.8188791       14.7929792    
        9060   14.5196724       15.8260450       14.7964087    
        9120   14.5140982       15.8313675       14.7969666    
        9180   14.5114756       15.8342371       14.7955160    
        9240   14.5096722       15.8351269       14.7936182    
        9300   14.5108194       15.8343868       14.7911253    
        9360   14.5137701       15.8321104       14.7883587    
        9420   14.5191803       15.8284636       14.7855282    
        9480   14.5200005       15.8236437       14.7819862    
        9540   14.5149183       15.8178034       14.7787075    
        9600   14.5127869       15.8113413       14.7763834    
        9660   14.5168848       15.8045177       14.7764654    
        9720   14.5224590       15.7984381       14.7792110    
        9780   14.5291805       15.7942677       14.7842426    
        9840   14.5306559       15.7927217       14.7916260    
        9900   14.5270491       15.7935019       14.8009138    
        9960   14.5216389       15.7962523       14.8104401    
       10020   14.5216389       15.8006392       14.8191652    
       10080   14.5185242       15.8058529       14.8268719    
       10140   14.5208197       15.8106985       14.8325357    
       10200   14.5227871       15.8142824       14.8348379    
       10260   14.5242624       15.8162336       14.8326559    
       10320   14.5272131       15.8157587       14.8281384    
       10380   14.5270491       15.8118868       14.8254318    
       10440   14.5260658       15.8042927       14.8256054    
       10500   14.5268850       15.7955675       14.8274508    
       10560   14.5252457       15.7884398       14.8301888    
       10620   14.5222950       15.7831602       14.8330097    
       10680   14.5190163       15.7788534       14.8350267    
       10740   14.5145903       15.7754869       14.8362608    
       10800   14.5124588       15.7728634       14.8384905    
       10860   14.5165577       15.7706060       14.5277224    
       10920   14.5198364       15.7689924       14.5425959    
       10980   14.5281963       15.7691479       14.5580559    
       11040   14.5349178       15.7710085       14.5723448    
       11100   14.5367212       15.7730761       14.5846243    
       11160   14.5336065       15.7745552       14.5945501    
       11220   14.5296717       15.7748308       14.6032000    
       11280   14.5290165       15.7739372       14.6102772    
       11340   14.5272131       15.7722864       14.6159430    
       11400   14.5288525       15.7700987       14.6199160    
       11460   14.5277052       15.7667055       14.6221800    
       11520   14.5285244       15.7614784       14.6224747    
       11580   14.5291805       15.7541981       14.6209621    
       11640   14.5295086       15.7446566       14.6189537    
       11700   14.5268850       15.7329092       14.6176243    
       11760   14.5275412       15.7197752       14.6176920    
       11820   14.5280333       15.7064180       14.6201010    
       11880   14.5249176       15.6941967       14.6233206    
       11940   14.5254097       15.6842699       14.6258249    
       12000   14.5270491       15.6760511       14.6280680    
       12060   14.5291805       15.6679554       14.6288071    
       12120   14.5342627       15.6590347       14.6277962    
       12180   14.5383606       15.6488304       14.6252556    
       12240   14.5418034       15.6370354       14.6209908    
       12300   14.5418034       15.6240644       14.6152401    
       12360   14.5403280       15.6100931       14.6077251    
       12420   14.5368853       15.5946941       14.5994120    
       12480   14.5329504       15.5771551       14.5913363    
       12540   14.5270491       15.5576572       14.5832739    
       12600   14.5219669       15.5373068       14.5755177    
       12660   14.5195084       15.5173588       14.5684166    
       12720   14.5159016       15.4979982       14.5623274    
       12780   14.5111475       15.4794226       14.5581217    
       12840   14.5044260       15.4616776       14.5566568    
       12900   14.4967213       15.4454851       14.5570917    
       12960   14.4827871       15.4316368       14.5588102    
       13020   14.4693441       15.4201937       14.5609903    
       13080   14.4550819       15.4105806       14.5631485    
       13140   14.4444265       15.4022217       14.5648546    
       13200   14.4368849       15.3944883       14.5654907    
       13260   14.4259014       15.3865728       14.5653343    
       13320   14.4093447       15.3776951       14.5648174    
       13380   14.3955736       15.3677216       14.5641918    
       13440   14.3804922       15.3571043       14.5638695    
       13500   14.3699999       15.3464479       14.5637112    
       13560   14.3606558       15.3360462       14.5630484    
       13620   14.3513117       15.3258715       14.5618744    
       13680   14.3406553       15.3155727       14.5600872    
       13740   14.3283606       15.3045940       14.5579863    
       13800   14.3132792       15.2930241       14.5557938    
       13860   14.3011475       15.2807360       14.5538378    
       13920   14.2900000       15.2680750       14.5526018    
       13980   14.2796717       15.2557421       14.5515909    
       14040   14.2708197       15.2442780       14.5495768    
       14100   14.2619677       15.2337475       14.5458374    
       14160   14.2534428       15.2231703       14.5399313    
       14220   14.2488527       15.2113686       14.5314579    
       14280   14.2436066       15.1979275       14.5212612    
       14340   14.2368851       15.1823845       14.5104666    
       14400   14.2286882       15.1649437       14.5003595    
       14460   14.2213116       15.1465149       14.1775322    
       14520   14.2096720       15.1285305       14.1637497    
       14580   14.1947536       15.1115294       14.1495018    
       14640   14.1793442       15.0954618       14.1345921    
       14700   14.1639347       15.0796680       14.1199760    
       14760   14.1521311       15.0634289       14.1059704    
       14820   14.1437702       15.0469265       14.0932322    
       14880   14.1372128       15.0304222       14.0822020    
       14940   14.1293440       15.0145683       14.0722227    
       15000   14.1193447       14.9996920       14.0631123    
       15060   14.1091805       14.9859076       14.0547285    
       15120   14.1006556       14.9732466       14.0463438    
       15180   14.0926228       14.9612932       14.0383196    
       15240   14.0895081       14.9498405       14.0304747    
       15300   14.0900002       14.9388456       14.0225048    
       15360   14.0886889       14.9282646       14.0147066    
       15420   14.0873766       14.9180403       14.0066156    
       15480   14.0865574       14.9081583       13.9986534    
       15540   14.0844259       14.8985863       13.9909382    
       15600   14.0811472       14.8891802       13.9836845    
       15660   14.0806561       14.8796911       13.9770136    
       15720   14.0796719       14.8700933       13.9705715    
       15780   14.0729504       14.8608027       13.9634638    
       15840   14.0632792       14.8522148       13.9553757    
       15900   14.0540981       14.8439941       13.9457159    
       15960   14.0450821       14.8354158       13.9353886    
       16020   14.0377045       14.8253345       13.9249916    
       16080   14.0298357       14.8133802       13.9140577    
       16140   14.0227871       14.8002071       13.9018764    
       16200   14.0177050       14.7865677       13.8887587    
       16260   14.0137701       14.7725611       13.8752518    
       16320   14.0113115       14.7575922       13.8616762    
       16380   14.0103283       14.7412815       13.8476582    
       16440   14.0108194       14.7239780       13.8335810    
       16500   14.0134430       14.7062645       13.8194151    
       16560   14.0191803       14.6885433       13.8049612    
       16620   14.0232782       14.6708012       13.7905216    
       16680   14.0270491       14.6527796       13.7764425    
       16740   14.0298357       14.6344090       13.7628698    
       16800   14.0334425       14.6159077       13.7499456    
       16860   14.0378685       14.5977077       13.7376709    
       16920   14.0416393       14.5802803       13.7260199    
       16980   14.0447540       14.5637550       13.7149496    
       17040   14.0485249       14.5480242       13.7044668    
       17100   14.0524588       14.5329437       13.6945829    
       17160   14.0531149       14.5184298       13.6852417    
       17220   14.0524588       14.5044041       13.6762075    
       17280   14.0534430       14.4907885       13.6674700    
       17340   14.0557375       14.4775076       13.6590462    
       17400   14.0585241       14.4644995       13.6507769    
       17460   14.0611477       14.4517746       13.6429138    
       17520   14.0629511       14.4391413       13.6351023    
       17580   14.0663939       14.4265900       13.6269312    
       17640   14.0716391       14.4144926       13.6180325    
       17700   14.0754099       14.4028149       13.6081696    
       17760   14.0750818       14.3911133       13.5974255    
       17820   14.0719671       14.3788471       13.5860739    
       17880   14.0662298       14.3657036       13.5748663    
       17940   14.0609837       14.3516769       13.5643234    
       18000   14.0560656       14.3370991       13.5549498    
       18060   14.0518036       14.3224926       14.0370750    
       18120   14.0483608       14.3084316       14.0420971    
       18180   14.0483608       14.2954378       14.0495701    
       18240   14.0501642       14.2840319       14.0591259    
       18300   14.0500002       14.2747335       14.0706587    
       18360   14.0498362       14.2679348       14.0839825    
       18420   14.0498362       14.2634535       14.0977049    
       18480   14.0503283       14.2610254       14.1106386    
       18540   14.0503283       14.2605944       14.1227493    
       18600   14.0495081       14.2614441       14.1346149    
       18660   14.0483608       14.2623577       14.1468372    
       18720   14.0481968       14.2627420       14.1591606    
       18780   14.0486889       14.2628975       14.1713600    
       18840   14.0483608       14.2632418       14.1832304    
       18900   14.0436068       14.2638807       14.1947241    
       18960   14.0342627       14.2645969       14.2060595    
       19020   14.0259018       14.2650776       14.2170229    
       19080   14.0172129       14.2653131       14.2271852    
       19140   14.0096722       14.2656813       14.2360325    
       19200   14.0047541       14.2665138       14.2429523    
       19260   13.9995079       14.2674494       14.2476997    
       19320   13.9921312       14.2674599       14.2504969    
       19380   13.9855738       14.2655687       14.2525311    
       19440   13.9804916       14.2614937       14.2556286    
       19500   13.9775410       14.2558384       14.2612772    
       19560   13.9754095       14.2499599       14.2698078    
       19620   13.9745903       14.2455654       14.2802000    
       19680   13.9721308       14.2436991       14.2910423    
       19740   13.9703283       14.2442379       14.3016901    
       19800   13.9683609       14.2465401       14.3125944    
       19860   13.9657373       14.2498407       14.3235998    
       19920   13.9647541       14.2539520       14.3341761    
       19980   13.9637709       14.2588577       14.3439970    
       20040   13.9631147       14.2640972       14.3530016    
       20100   13.9632788       14.2690239       14.3611784    
       20160   13.9618034       14.2733097       14.3687649    
       20220   13.9591799       14.2769766       14.3757868    
       20280   13.9593439       14.2802448       14.3822184    
       20340   13.9596720       14.2832222       14.3879328    
       20400   13.9613113       14.2857933       14.3928757    
       20460   13.9624586       14.2877636       14.3974571    
       20520   13.9639349       14.2890215       14.4022074    
       20580   13.9680328       14.2896147       14.4077578    
       20640   13.9747543       14.2898836       14.4145489    
       20700   13.9818029       14.2903547       14.4216576    
       20760   13.9896717       14.2914886       14.4283590    
       20820   14.0001640       14.2938223       14.4345703    
       20880   14.0121307       14.2971230       14.4406443    
       20940   14.0237703       14.3004045       14.4468021    
       21000   14.0349178       14.3032331       14.4527388    
       21060   14.0459013       14.3057356       14.4578876    
       21120   14.0570488       14.3082428       14.4618921    
       21180   14.0683603       14.3106689       14.4650717    
       21240   14.0781965       14.3125610       14.4680471    
       21300   14.0862293       14.3137922       14.4713058    
       21360   14.0954094       14.3147478       14.4752178    
       21420   14.1078691       14.3159685       14.4801006    
       21480   14.1219673       14.3177881       14.4861860    
       21540   14.1345901       14.3203783       14.4933157    
       21600   14.1445904       14.3239107       14.5011730    
       21660   14.1542625       14.3284712       14.1780691    
       21720   14.1632786       14.3339176       14.1856966    
       21780   14.1713114       14.3400707       14.1920967    
       21840   14.1772127       14.3463984       14.1964579    
       21900   14.1829510       14.3518286       14.1992722    
       21960   14.1904917       14.3552074       14.2004986    
       22020   14.1980324       14.3560143       14.1999760    
       22080   14.2062292       14.3544083       14.1991510    
       22140   14.2154102       14.3507786       14.1989527    
       22200   14.2252455       14.3460140       14.1996031    
       22260   14.2363930       14.3413439       14.2007465    
       22320   14.2491808       14.3373814       14.2015896    
       22380   14.2618036       14.3338251       14.2017384    
       22440   14.2742624       14.3301830       14.2009869    
       22500   14.2880325       14.3262081       14.1995668    
       22560   14.3034430       14.3218794       14.1977968    
       22620   14.3214750       14.3172989       14.1962824    
       22680   14.3404922       14.3124189       14.1962862    
       22740   14.3604918       14.3070717       14.1986675    
       22800   14.3804922       14.3016520       14.2032299    
       22860   14.3996725       14.2975817       14.2088509    
       22920   14.4178686       14.2962160       14.2145538    
       22980   14.4336061       14.2975941       14.2207165    
       23040   14.4470491       14.3005133       14.2276001    
       23100   14.4593439       14.3034811       14.2345724    
       23160   14.4708195       14.3060913       14.2409620    
       23220   14.4827871       14.3085814       14.2463160    
       23280   14.4945898       14.3109083       14.2503757    
       23340   14.5070496       14.3125181       14.2533464    
       23400   14.5190163       14.3129292       14.2553177    
       23460   14.5308199       14.3123913       14.2562361    
       23520   14.5429506       14.3114033       14.2566462    
       23580   14.5539341       14.3100100       14.2575216    
       23640   14.5647545       14.3079271       14.2598133    
       23700   14.5744267       14.3052893       14.2637358    
       23760   14.5831146       14.3029480       14.2685385    
       23820   14.5916395       14.3018236       14.2732563    
       23880   14.5991802       14.3022432       14.2772675    
       23940   14.6060658       14.3038654       14.2804375    
       24000   14.6134424       14.3059521       14.2832212    
       24060   14.6204920       14.3078976       14.2863150    
       24120   14.6267214       14.3094234       14.2901564    
       24180   14.6319675       14.3106651       14.2948723    
       24240   14.6357374       14.3118687       14.3000603    
       24300   14.6373768       14.3131456       14.3050318    
       24360   14.6368856       14.3146944       14.3100853    
       24420   14.6355734       14.3164091       14.3153877    
       24480   14.6352463       14.3184795       14.3205605    
       24540   14.6352463       14.3214579       14.3249712    
       24600   14.6350822       14.3251724       14.3282604    
       24660   14.6345901       14.3288879       14.3306885    
       24720   14.6336069       14.3318043       14.3326445    
       24780   14.6314754       14.3336134       14.3344688    
       24840   14.6286888       14.3345795       14.3363333    
       24900   14.6257381       14.3351336       14.3383293    
       24960   14.6227865       14.3356056       14.3406553    
       25020   14.6195078       14.3361740       14.3434315    
       25080   14.6160660       14.3369598       14.3466644    
       25140   14.6124592       14.3380337       14.3503294    
       25200   14.6113119       14.3393679       14.3543901    
       25260   14.6124592       14.3408613       14.6181240    
       25320   14.6137705       14.3424969       14.6203394    
       25380   14.6149178       14.3444004       14.6232595    
       25440   14.6162291       14.3468065       14.6269169    
       25500   14.6177053       14.3501062       14.6310167    
       25560   14.6185246       14.3546963       14.6342373    
       25620   14.6188526       14.3606653       14.6358910    
       25680   14.6195078       14.3673801       14.6357098    
       25740   14.6191807       14.3737316       14.6334753    
       25800   14.6173773       14.3789330       14.6293678    
       25860   14.6149178       14.3826723       14.6235228    
       25920   14.6124592       14.3846951       14.6163998    
       25980   14.6095085       14.3848448       14.6086864    
       26040   14.6068850       14.3831615       14.6011105    
       26100   14.6044264       14.3800507       14.5940590    
       26160   14.6008196       14.3763142       14.5874472    
       26220   14.5955734       14.3727264       14.5815182    
       26280   14.5896721       14.3697214       14.5767708    
       26340   14.5837708       14.3672733       14.5734510    
       26400   14.5777054       14.3651485       14.5717449    
       26460   14.5711479       14.3633127       14.5713034    
       26520   14.5649176       14.3624315       14.5714674    
       26580   14.5591803       14.3635654       14.5722198    
       26640   14.5550823       14.3673143       14.5729790    
       26700   14.5522947       14.3730936       14.5731115    
       26760   14.5504913       14.3794575       14.5726614    
       26820   14.5500002       14.3853865       14.5716429    
       26880   14.5500002       14.3904200       14.5695410    
       26940   14.5500002       14.3946085       14.5656042    
       27000   14.5504913       14.3981791       14.5597038    
       27060   14.5524588       14.4009275       14.5527706    
       27120   14.5552464       14.4024029       14.5460224    
       27180   14.5588522       14.4024191       14.5398388    
       27240   14.5632792       14.4013958       14.5328789    
       27300   14.5678692       14.3999949       14.5243196    
       27360   14.5734425       14.3983545       14.5146236    
       27420   14.5804920       14.3956223       14.5050163    
       27480   14.5880327       14.3910313       14.4965267    
       27540   14.5960655       14.3851786       14.4895325    
       27600   14.6036062       14.3795023       14.4839592    
       27660   14.6109838       14.3751135       14.4792709    
       27720   14.6185246       14.3722773       14.4749765    
       27780   14.6262293       14.3706923       14.4708271    
       27840   14.6344261       14.3697329       14.4665632    
       27900   14.6422949       14.3687696       14.4618702    
       27960   14.6499996       14.3674059       14.4564486    
       28020   14.6578684       14.3655663       14.4504433    
       28080   14.6657381       14.3633261       14.4444809    
       28140   14.6729507       14.3607235       14.4393167    
       28200   14.6800003       14.3578720       14.4355145    
       28260   14.6867208       14.3552017       14.4330244    
       28320   14.6932783       14.3533144       14.4315548    
       28380   14.6988525       14.3527031       14.4309750    
       28440   14.7047539       14.3534079       14.4313946    
       28500   14.7114754       14.3551254       14.4327068    
       28560   14.7185249       14.3576460       14.4344959    
       28620   14.7260656       14.3610029       14.4360952    
       28680   14.7334423       14.3652506       14.4369087    
       28740   14.7408199       14.3700619       14.4364452    
       28800   14.7483606       14.3747654       14.4343052    
       28860   14.7554102       14.3786440       14.7679634    
       28920   14.7624588       14.3810921       14.7713614    
       28980   14.7693443       14.3816862       14.7730379    
       29040   14.7757378       14.3801775       14.7736502    
       29100   14.7804918       14.3766098       14.7738276    
       29160   14.7854099       14.3713799       14.7741251    
       29220   14.7911472       14.3651533       14.7752571    
       29280   14.7975407       14.3588324       14.7774096    
       29340   14.8037701       14.3533211       14.7807531    
       29400   14.8101635       14.3491335       14.7854061    
       29460   14.8165569       14.3463984       14.7910776    
       29520   14.8229504       14.3451414       14.7971382    
       29580   14.8286886       14.3453083       14.8025379    
       29640   14.8339348       14.3465862       14.8072395    
       29700   14.8383608       14.3481541       14.8114738    
       29760   14.8418036       14.3490191       14.8155670    
       29820   14.8447542       14.3488998       14.8201027    
       29880   14.8473768       14.3481789       14.8246536    
       29940   14.8488522       14.3473015       14.8279333    
       30000   14.8491802       14.3464527       14.8286018    
       30060   14.8486881       14.3451691       14.8261204    
       30120   14.8481970       14.3424244       14.8216791    
       30180   14.8475409       14.3373394       14.8171167    
       30240   14.8472128       14.3300772       14.8129673    
       30300   14.8465576       14.3220730       14.8091068    
       30360   14.8465576       14.3145094       14.8052320    
       30420   14.8468857       14.3073997       14.8012257    
       30480   14.8465576       14.3005352       14.7972174    
       30540   14.8460655       14.2937946       14.7937880    
       30600   14.8459015       14.2870874       14.7917948    
       30660   14.8455734       14.2807570       14.7917233    
       30720   14.8437700       14.2756186       14.7935276    
       30780   14.8404922       14.2724133       14.7966089    
       30840   14.8359013       14.2713289       14.8002911    
       30900   14.8303280       14.2719440       14.8048983    
       30960   14.8239346       14.2735233       14.8103428    
       31020   14.8163939       14.2760258       14.8160038    
       31080   14.8072128       14.2797232       14.8213692    
       31140   14.7973766       14.2841568       14.8265133    
       31200   14.7875414       14.2886467       14.8318415    
       31260   14.7781963       14.2929173       14.8375959    
       31320   14.7691803       14.2971649       14.8439312    
       31380   14.7608194       14.3016548       14.8506899    
       31440   14.7526226       14.3066349       14.8573599    
       31500   14.7442627       14.3122082       14.8634291    
       31560   14.7360659       14.3181171       14.8687954    
       31620   14.7272129       14.3239298       14.8737850    
       31680   14.7178688       14.3293848       14.8785162    
       31740   14.7081966       14.3345919       14.8827362    
       31800   14.6985245       14.3397360       14.8859711    
       31860   14.6890163       14.3447227       14.8877525    
       31920   14.6790161       14.3491879       14.8880634    
       31980   14.6686888       14.3526735       14.8869038    
       32040   14.6586885       14.3549337       14.8843622    
       32100   14.6493444       14.3559694       14.8805046    
       32160   14.6400003       14.3557272       14.8755922    
       32220   14.6308193       14.3540707       14.8701706    
       32280   14.6226225       14.3510666       14.8647776    
       32340   14.6154099       14.3471727       14.8597670    
       32400   14.6078691       14.3430424       14.8553677    
       32460   14.6001635       14.3392086       14.5797176    
       32520   14.5911474       14.3359699       14.5723095    
       32580   14.5818033       14.3334675       14.5660620    
       32640   14.5719671       14.3318348       14.5603752    
       32700   14.5621309       14.3311720       14.5543537    
       32760   14.5537701       14.3314342       14.5474443    
       32820   14.5452461       14.3322020       14.5396614    
       32880   14.5378685       14.3327808       14.5313063    
       32940   14.5308199       14.3326530       14.5226831    
       33000   14.5257378       14.3317261       14.5140142    
       33060   14.5239344       14.3301535       14.5055790    
       33120   14.5244265       14.3281879       14.4977627    
       33180   14.5259018       14.3261566       14.4911623    
       33240   14.5278692       14.3244896       14.4861670    
       33300   14.5301638       14.3238001       14.4821730    
       33360   14.5336065       14.3246355       14.4785919    
       33420   14.5377045       14.3268833       14.4749441    
       33480   14.5424595       14.3299103       14.4708757    
       33540   14.5486889       14.3332157       14.4662905    
       33600   14.5565577       14.3363991       14.4612598    
       33660   14.5647545       14.3391142       14.4561062    
       33720   14.5726233       14.3412132       14.4509983    
       33780   14.5804920       14.3427820       14.4461632    
       33840   14.5891800       14.3440752       14.4420223    
       33900   14.5973768       14.3453674       14.4389544    
       33960   14.6054096       14.3468733       14.4374380    
       34020   14.6129513       14.3488045       14.4376593    
       34080   14.6203279       14.3514481       14.4393826    
       34140   14.6277046       14.3551617       14.4419260    
       34200   14.6352463       14.3602486       14.4444189    
       34260   14.6429510       14.3667212       14.4464664    
       34320   14.6511478       14.3740664       14.4476814    
       34380   14.6593447       14.3815269       14.4475679    
       34440   14.6654100       14.3884888       14.4458323    
       34500   14.6701641       14.3944397       14.4421673    
       34560   14.6732788       14.3989563       14.4365664    
       34620   14.6740980       14.4017124       14.4290409    
       34680   14.6731148       14.4025106       14.4200315    
       34740   14.6708193       14.4012499       14.4116793    
       34800   14.6686888       14.3978271       14.4061689    
       34860   14.6665573       14.3922968       14.4024105    
       34920   14.6649179       14.3859377       14.3978767    
       34980   14.6667213       14.3814163       14.3908043    
       35040   14.6691799       14.3793783       14.3808088    
       35100   14.6724586       14.3776865       14.3680658    
       35160   14.6763935       14.3740215       14.3533430    
       35220   14.6798363       14.3673172       14.3380308    
       35280   14.6827869       14.3576860       14.3233271    
       35340   14.6849184       14.3457613       14.3099852    
       35400   14.6872129       14.3327808       14.2985477    
       35460   14.6899996       14.3200684       14.2894707    
       35520   14.6936064       14.3084803       14.2833662    
       35580   14.6986885       14.2986221       14.2806873    
       35640   14.7040987       14.2910089       14.2811632    
       35700   14.7091799       14.2861824       14.2836819    
       35760   14.7126226       14.2847471       14.2870560    
       35820   14.7150822       14.2866850       14.2906151    
       35880   14.7167215       14.2910347       14.2941256    
       35940   14.7162294       14.2964783       14.2975607    
       36000   14.7147541       14.3021259       14.3008471    
       36060   14.7129507       14.3076744       14.7139168    
       36120   14.7106562       14.3130779       14.7128134    
       36180   14.7095079       14.3182821       14.7115555    
       36240   14.7090168       14.3231001       14.7095070    
       36300   14.7091799       14.3271790       14.7063522    
       36360   14.7098360       14.3301697       14.7017136    
       36420   14.7100000       14.3320904       14.6950474    
       36480   14.7091799       14.3330803       14.6868277    
       36540   14.7065573       14.3328295       14.6780882    
       36600   14.7034426       14.3307285       14.6704340    
       36660   14.6981964       14.3265562       14.6648149    
       36720   14.6890163       14.3210001       14.6613064    
       36780   14.6778688       14.3156443       14.6602201    
       36840   14.6657381       14.3117580       14.6607161    
       36900   14.6531143       14.3098440       14.6616182    
       36960   14.6400003       14.3101521       14.6625643    
       37020   14.6255741       14.3124475       14.6632109    
       37080   14.6114750       14.3158140       14.6636782    
       37140   14.5981970       14.3194475       14.6638231    
       37200   14.5845900       14.3230228       14.6636190    
       37260   14.5699997       14.3264742       14.6629667    
       37320   14.5563936       14.3297291       14.6614571    
       37380   14.5439348       14.3327684       14.6591949    
       37440   14.5314751       14.3355398       14.6559801    
       37500   14.5181971       14.3378687       14.6515970    
       37560   14.5044260       14.3394890       14.6458025    
       37620   14.4903278       14.3400059       14.6379719    
       37680   14.4762297       14.3389730       14.6280880    
       37740   14.4619675       14.3359814       14.6163607    
       37800   14.4473772       14.3307457       14.6036186    
       37860   14.4324589       14.3233671       14.5907412    
       37920   14.4172134       14.3145189       14.5779324    
       37980   14.4016390       14.3050671       14.5654964    
       38040   14.3860655       14.2956028       14.5536137    
       38100   14.3721313       14.2864656       14.5425196    
       38160   14.3598356       14.2779207       14.5326395    
       38220   14.3490162       14.2702608       14.5242128    
       38280   14.3401642       14.2638178       14.5175428    
       38340   14.3337708       14.2588587       14.5121927    
       38400   14.3296719       14.2555656       14.5060091    
       38460   14.3255739       14.2538605       14.4969120    
       38520   14.3221312       14.2525167       14.4859838    
       38580   14.3188524       14.2489405       14.4756765    
       38640   14.3122950       14.2425108       14.4674730    
       38700   14.3047543       14.2354679       14.4615316    
       38760   14.2955742       14.2300692       14.4576111    
       38820   14.2845898       14.2272024       14.4549704    
       38880   14.2731152       14.2266226       14.4524632    
       38940   14.2621307       14.2277765       14.4491119    
       39000   14.2519674       14.2296133       14.4443541    
       39060   14.2414751       14.2309055       14.4377899    
       39120   14.2299995       14.2308855       14.4290924    
       39180   14.2168856       14.2290878       14.4179134    
       39240   14.2022953       14.2251940       14.4040327    
       39300   14.1875410       14.2188721       14.3880863    
       39360   14.1731148       14.2097311       14.3712711    
       39420   14.1588526       14.1978951       14.3543568    
       39480   14.1450815       14.1842880       14.3375511    
       39540   14.1324587       14.1701803       14.3209457    
       39600   14.1209841       14.1563292       14.3048391    
       39660   14.1103277       14.1427240       14.0773487    
       39720   14.1001635       14.1292591       14.0679932    
       39780   14.0895081       14.1161594       14.0596704    
       39840   14.0786886       14.1038437       14.0525007    
       39900   14.0668850       14.0926809       14.0466280    
       39960   14.0545902       14.0828362       14.0417004    
       40020   14.0424595       14.0744228       14.0374422    
       40080   14.0304918       14.0675926       14.0343800    
       40140   14.0186882       14.0624352       14.0329399    
       40200   14.0059013       14.0586815       14.0326262    
       40260   13.9919672       14.0559683       14.0315495    
       40320   13.9773769       14.0539713       14.0280132    
       40380   13.9634428       14.0518684       14.0214481    
       40440   13.9498358       14.0485277       14.0118284    
       40500   13.9360657       14.0428457       14.0004568    
       40560   13.9229507       14.0338526       13.9885731    
       40620   13.9114752       14.0218000       13.9760036    
       40680   13.9018030       14.0082083       13.9627304    
       40740   13.8921309       13.9942951       13.9489527    
       40800   13.8821316       13.9801836       13.9351149    
       40860   13.8719673       13.9654732       13.9215555    
       40920   13.8618031       13.9502354       13.9086437    
       40980   13.8508196       13.9348431       13.8966923    
       41040   13.8388529       13.9196405       13.8853903    
       41100   13.8262291       13.9050207       13.8744812    
       41160   13.8127871       13.8912992       13.8638239    
       41220   13.7996721       13.8785057       13.8534594    
       41280   13.7872133       13.8664303       13.8438025    
       41340   13.7744265       13.8548584       13.8349228    
       41400   13.7616396       13.8436813       13.8264256    
       41460   13.7488527       13.8329477       13.8179684    
       41520   13.7362299       13.8227196       13.8097277    
       41580   13.7242622       13.8127975       13.8016825    
       41640   13.7114754       13.8029556       13.7934666    
       41700   13.6990166       13.7933197       13.7850599    
       41760   13.6873770       13.7840204       13.7765789    
       41820   13.6754103       13.7747459       13.7683887    
       41880   13.6640987       13.7650928       13.7607803    
       41940   13.6550817       13.7550592       13.7535086    
       42000   13.6470490       13.7449265       13.7459440    
       42060   13.6388521       13.7351170       13.7372274    
       42120   13.6308193       13.7256584       13.7268095    
       42180   13.6224594       13.7160549       13.7147484    
       42240   13.6129513       13.7054625       13.7015162    
       42300   13.6019669       13.6931505       13.6875973    
       42360   13.5908194       13.6790876       13.6736574    
       42420   13.5801640       13.6638241       13.6602049    
       42480   13.5696726       13.6478977       13.6477327    
       42540   13.5593443       13.6317568       13.6367817    
       42600   13.5495081       13.6160069       13.6280489    
       42660   13.5398359       13.6011572       13.6221008    
       42720   13.5309839       13.5877190       13.6187658    
       42780   13.5226231       13.5762959       13.6171513    
       42840   13.5155735       13.5675192       13.6160393    
       42900   13.5096722       13.5615959       13.6147127    
       42960   13.5027866       13.5578976       13.6129951    
       43020   13.4952459       13.5552626       13.6109438    
       43080   13.4880323       13.5525932       13.6087904    
       43140   13.4811478       13.5494289       13.6066284    
       43200   13.4749184       13.5458956       13.6041803    
       43260   13.4690161       13.5424175       13.4536467    
       43320   13.4631147       13.5390978       13.4476337    
       43380   13.4580326       13.5355263       13.4409199    
       43440   13.4549179       13.5311661       13.4330587    
       43500   13.4531145       13.5257568       13.4237709    
       43560   13.4518032       13.5193081       13.4132853    
       43620   13.4509840       13.5116806       13.4024200    
       43680   13.4514751       13.5027809       13.3923960    
       43740   13.4532785       13.4930067       13.3837404    
       43800   13.4552460       13.4833307       13.3758087    
       43860   13.4581966       13.4745216       13.3678026    
       43920   13.4626226       13.4665241       13.3595810    
       43980   13.4672127       13.4588451       13.3511839    
       44040   13.4716396       13.4512796       13.3427582    
       44100   13.4767218       13.4439955       13.3341675    
       44160   13.4840984       13.4369936       13.3251200    
       44220   13.4916391       13.4297409       13.3157158    
       44280   13.4980326       13.4218721       13.3063898    
       44340   13.5029507       13.4134092       13.2974319    
       44400   13.5067215       13.4047670       13.2888927    
       44460   13.5098362       13.3964691       13.2805691    
       44520   13.5108194       13.3885479       13.2723827    
       44580   13.5100002       13.3807659       13.2642889    
       44640   13.5088520       13.3730612       13.2562885    
       44700   13.5065575       13.3654022       13.2488327    
       44760   13.5026226       13.3577032       13.2419415    
       44820   13.4980326       13.3501186       13.2353411    
       44880   13.4918032       13.3429918       13.2289705    
       44940   13.4834423       13.3365116       13.2227764    
       45000   13.4740982       13.3305092       13.2171240    
       45060   13.4639349       13.3245564       13.2128735    
       45120   13.4534426       13.3185368       13.2105761    
       45180   13.4424591       13.3129454       13.2095613    
       45240   13.4309835       13.3085117       13.2083158    
       45300   13.4211473       13.3057594       13.2058363    
       45360   13.4109840       13.3046799       13.2024393    
       45420   13.3999996       13.3044748       13.1991091    
       45480   13.3888521       13.3038979       13.1964865    
       45540   13.3775406       13.3021288       13.1941242    
       45600   13.3647537       13.2995996       13.1911058    
       45660   13.3513117       13.2970104       13.1877136    
       45720   13.3386889       13.2948208       13.1850424    
       45780   13.3267212       13.2927198       13.1840897    
       45840   13.3147545       13.2906542       13.1850557    
       45900   13.3040981       13.2892752       13.1873837    
       45960   13.2967215       13.2891874       13.1905975    
       46020   13.2924595       13.2906275       13.1939116    
       46080   13.2893438       13.2933836       13.1965637    
       46140   13.2872133       13.2969513       13.1979990    
       46200   13.2862291       13.3004837       13.1977444    
       46260   13.2854099       13.3032112       13.1953039    
       46320   13.2840986       13.3044300       13.1903248    
       46380   13.2799997       13.3035069       13.1830711    
       46440   13.2732782       13.2999544       13.1744366    
       46500   13.2636070       13.2937307       13.1655388    
       46560   13.2518034       13.2855349       13.1568823    
       46620   13.2399998       13.2764988       13.1482573    
       46680   13.2281971       13.2675600       13.1391811    
       46740   13.2162294       13.2589388       13.1292887    
       46800   13.2032785       13.2503386       13.1186228    
       46860   13.1872129       13.2413464       13.1409206    
       46920   13.1695080       13.2317276       13.1235313    
       46980   13.1521311       13.2214756       13.1068182    
       47040   13.1365576       13.2107849       13.0914392    
       47100   13.1231146       13.1999054       13.0780687    
       47160   13.1104918       13.1892586       13.0667610    
       47220   13.0991802       13.1795950       13.0572147    
       47280   13.0890160       13.1716261       13.0491295    
       47340   13.0781965       13.1657267       13.0418749    
       47400   13.0665569       13.1618357       13.0343885    
       47460   13.0545902       13.1594315       13.0258493    
       47520   13.0422955       13.1578474       13.0167732    
       47580   13.0298357       13.1562147       13.0081806    
       47640   13.0185242       13.1536474       13.0011950    
       47700   13.0080328       13.1502523       12.9960661    
       47760   12.9967213       13.1471376       12.9920635    
       47820   12.9827871       13.1455078       12.9884748    
       47880   12.9678688       13.1456223       12.9849443    
       47940   12.9527864       13.1469231       12.9815388    
       48000   12.9363937       13.1486197       12.9784861    
       48060   12.9200001       13.1503048       12.9755316    
       48120   12.9036064       13.1519804       12.9725685    
       48180   12.8890162       13.1536961       12.9694872    
       48240   12.8768854       13.1553698       12.9663124    
       48300   12.8675413       13.1568289       12.9633923    
       48360   12.8652458       13.1579542       12.9607601    
       48420   12.8686886       13.1587505       12.9588661    
       48480   12.8759012       13.1593857       12.9581709    
       48540   12.8867216       13.1601610       12.9585991    
       48600   12.9013119       13.1615458       12.9598713    
       48660   12.9181967       13.1639500       12.9613428    
       48720   12.9363937       13.1672401       12.9624023    
       48780   12.9554100       13.1708612       12.9624767    
       48840   12.9750824       13.1742620       12.9616804    
       48900   12.9945898       13.1768808       12.9613743    
       48960   13.0127869       13.1785879       12.9628372    
       49020   13.0299997       13.1802397       12.9658136    
       49080   13.0472136       13.1831417       12.9688406    
       49140   13.0640984       13.1878624       12.9706297    
       49200   13.0796719       13.1934738       12.9712963    
       49260   13.0942621       13.1986341       12.9720278    
       49320   13.1085243       13.2025766       12.9733477    
       49380   13.1221313       13.2058640       12.9751301    
       49440   13.1354103       13.2092714       12.9768353    
       49500   13.1478691       13.2128372       12.9780846    
       49560   13.1593447       13.2162485       12.9790268    
       49620   13.1683607       13.2191439       12.9803047    
       49680   13.1734428       13.2215796       12.9828444    
       49740   13.1773767       13.2238131       12.9872150    
       49800   13.1803274       13.2263212       12.9933939    
       49860   13.1824589       13.2298803       13.0009327    
       49920   13.1844263       13.2351637       13.0092516    
       49980   13.1873770       13.2422352       13.0179281    
       50040   13.1936064       13.2506714       13.0267735    
       50100   13.2031145       13.2598648       13.0357122    
       50160   13.2149181       13.2693348       13.0446768    
       50220   13.2281971       13.2789030       13.0538025    
       50280   13.2426233       13.2885218       13.0633478    
       50340   13.2581968       13.2981825       13.0735044    
       50400   13.2745905       13.3079939       13.0843668    
       50460   13.2914753       13.3182325       13.3388853    
       50520   13.3093443       13.3291998       13.3567228    
       50580   13.3275414       13.3409700       13.3733940    
       50640   13.3440981       13.3532953       13.3887110    
       50700   13.3572130       13.3654871       13.4021883    
       50760   13.3673773       13.3765736       13.4139643    
       50820   13.3757381       13.3856993       13.4246235    
       50880   13.3814754       13.3924465       13.4345427    
       50940   13.3829508       13.3970270       13.4446154    
       51000   13.3826227       13.4002438       13.4552755    
       51060   13.3811474       13.4028883       13.4662809    
       51120   13.3793440       13.4056225       13.4780064    
       51180   13.3763933       13.4093781       13.4905558    
       51240   13.3722954       13.4143953       13.5032749    
       51300   13.3675413       13.4200468       13.5157661    
       51360   13.3621311       13.4261370       13.5287619    
       51420   13.3562298       13.4323339       13.5427475    
       51480   13.3511477       13.4381275       13.5570097    
       51540   13.3468857       13.4443884       13.5714073    
       51600   13.3429508       13.4523726       13.5860548    
       51660   13.3408194       13.4618473       13.6005192    
       51720   13.3390160       13.4719677       13.6144228    
       51780   13.3370495       13.4824495       13.6270456    
       51840   13.3349180       13.4930725       13.6377306    
       51900   13.3322954       13.5034275       13.6459208    
       51960   13.3272133       13.5130234       13.6512518    
       52020   13.3170490       13.5212221       13.6539679    
       52080   13.3039341       13.5272722       13.6544333    
       52140   13.2888527       13.5306425       13.6531267    
       52200   13.2719669       13.5311737       13.6505194    
       52260   13.2531147       13.5291243       13.6469765    
       52320   13.2332783       13.5251017       13.6429853    
       52380   13.2131147       13.5197163       13.6388083    
       52440   13.1929512       13.5133915       13.6347008    
       52500   13.1731148       13.5064716       13.6309891    
       52560   13.1534424       13.4992962       13.6278362    
       52620   13.1342621       13.4922543       13.6254416    
       52680   13.1163931       13.4857264       13.6240950    
       52740   13.0995083       13.4799595       13.6242046    
       52800   13.0836067       13.4751368       13.6259155    
       52860   13.0690165       13.4714613       13.6290636    
       52920   13.0555735       13.4692059       13.6332092    
       52980   13.0422955       13.4685125       13.6377363    
       53040   13.0288525       13.4693041       13.6420784    
       53100   13.0155735       13.4712353       13.6457701    
       53160   13.0032787       13.4737244       13.6486692    
       53220   12.9919672       13.4761686       13.6509056    
       53280   12.9818029       13.4781103       13.6524296    
       53340   12.9726229       13.4793386       13.6530361    
       53400   12.9650822       13.4797697       13.6526680    
       53460   12.9591799       13.4792280       13.6514988    
       53520   12.9534426       13.4775829       13.6497450    
       53580   12.9473772       13.4750452       13.6475344    
       53640   12.9414759       13.4719744       13.6448631    
       53700   12.9350824       13.4686794       13.6416540    
       53760   12.9277048       13.4652872       13.6378813    
       53820   12.9200001       13.4616795       13.6335554    
       53880   12.9119673       13.4577131       13.6285906    
       53940   12.9039345       13.4533539       13.6229324    
       54000   12.8962297       13.4485455       13.6166878    
       54060   12.8878689       13.4431744       12.8627758    
       54120   12.8788528       13.4372044       12.8537407    
       54180   12.8696718       13.4308090       12.8456430    
       54240   12.8604918       13.4243011       12.8388510    
       54300   12.8516397       13.4181738       12.8333635    
       54360   12.8429508       13.4129257       12.8290424    
       54420   12.8337708       13.4088030       12.8252268    
       54480   12.8240986       13.4057961       12.8211508    
       54540   12.8157377       13.4035873       12.8160820    
       54600   12.8100004       13.4014988       12.8093309    
       54660   12.8057375       13.3989277       12.8012266    
       54720   12.8014755       13.3951206       12.7935638    
       54780   12.7977047       13.3892326       12.7873573    
       54840   12.7949181       13.3819580       12.7820759    
       54900   12.7931147       13.3747950       12.7773476    
       54960   12.7914753       13.3682547       12.7728128    
       55020   12.7898359       13.3623285       12.7673483    
       55080   12.7883606       13.3568602       12.7607031    
       55140   12.7867212       13.3509340       12.7540369    
       55200   12.7845898       13.3438053       12.7483549    
       55260   12.7824593       13.3359175       12.7441998    
       55320   12.7804918       13.3280621       12.7424650    
       55380   12.7793446       13.3207655       12.7441683    
       55440   12.7783604       13.3146973       12.7499313    
       55500   12.7775412       13.3108788       12.7596645    
       55560   12.7765570       13.3105612       12.7727146    
       55620   12.7755737       13.3146572       12.7885695    
       55680   12.7754097       13.3232555       12.8067713    
       55740   12.7777052       13.3355865       12.8265524    
       55800   12.7826233       13.3506832       12.8471975    
       55860   12.7888527       13.3677711       12.8680964    
       55920   12.7950821       13.3861113       12.8886938    
       55980   12.8013115       13.4050617       12.9085827    
       56040   12.8077049       13.4240322       12.9275017    
       56100   12.8139343       13.4424400       12.9454107    
       56160   12.8193445       13.4598579       12.9623337    
       56220   12.8245897       13.4761047       12.9783058    
       56280   12.8303280       13.4911633       12.9933167    
       56340   12.8373766       13.5050955       13.0071754    
       56400   12.8445902       13.5179396       13.0196924    
       56460   12.8511477       13.5296478       13.0307808    
       56520   12.8555737       13.5400686       13.0404272    
       56580   12.8601637       13.5490999       13.0488491    
       56640   12.8629513       13.5567360       13.0562639    
       56700   12.8627872       13.5630970       13.0627956    
       56760   12.8606558       13.5684242       13.0684586    
       56820   12.8573771       13.5729475       13.0731792    
       56880   12.8527870       13.5767946       13.0770903    
       56940   12.8472128       13.5799103       13.0804615    
       57000   12.8411474       13.5820246       13.0835676    
       57060   12.8331146       13.5829649       13.0865202    
       57120   12.8240986       13.5828619       13.0892086    
       57180   12.8159018       13.5820551       13.0914011    
       57240   12.8083611       13.5809155       13.0928993    
       57300   12.8003283       13.5796356       13.0936489    
       57360   12.7921314       13.5781612       13.0936565    
       57420   12.7854099       13.5762930       13.0928822    
       57480   12.7798357       13.5738506       13.0912123    
       57540   12.7744265       13.5707321       13.0884790    
       57600   12.7691803       13.5669069       13.0845594    
       57660   12.7645903       13.5622883       12.7458048    
       57720   12.7598362       13.5566893       12.7387247    
       57780   12.7547541       13.5499105       12.7309027    
       57840   12.7493439       13.5418739       12.7225189    
       57900   12.7436066       13.5327969       12.7137337    
       57960   12.7381964       13.5230494       12.7049475    
       58020   12.7331152       13.5128593       12.6966562    
       58080   12.7281971       13.5024099       12.6894894    
       58140   12.7244263       13.4919682       12.6840754    
       58200   12.7218037       13.4819479       12.6809168    
       58260   12.7195082       13.4729223       12.6799116    
       58320   12.7170496       13.4657421       12.6803684    
       58380   12.7154102       13.4610548       12.6817455    
       58440   12.7144260       13.4585686       12.6835918    
       58500   12.7124586       13.4573650       12.6854267    
       58560   12.7098360       13.4566307       12.6870499    
       58620   12.7080326       13.4560766       12.6879911    
       58680   12.7068853       13.4557829       12.6879978    
       58740   12.7062292       13.4554710       12.6870480    
       58800   12.7060652       13.4545803       12.6851091    
       58860   12.7059021       13.4528112       12.6818151    
       58920   12.7059021       13.4500017       12.6769228    
       58980   12.7060652       13.4457369       12.6704369    
       59040   12.7055740       13.4395552       12.6622219    
       59100   12.7047539       13.4311390       12.6522875    
       59160   12.7040987       13.4202728       12.6413326    
       59220   12.7032785       13.4071484       12.6303139    
       59280   12.7027864       13.3925085       12.6197681    
       59340   12.7013111       13.3773460       12.6096363    
       59400   12.6963930       13.3623867       12.5999784    
       59460   12.6883602       13.3478699       12.5910130    
       59520   12.6790161       13.3338528       12.5828161    
       59580   12.6696720       13.3204050       12.5754251    
       59640   12.6604919       13.3076706       12.5687056    
       59700   12.6514750       13.2957706       12.5624418    
       59760   12.6427870       13.2847033       12.5566587    
       59820   12.6340981       13.2743034       12.5515213    
       59880   12.6257381       13.2643232       12.5472803    
       59940   12.6170492       13.2546577       12.5442820    
       60000   12.6070490       13.2454195       12.5427866    
       60060   12.5967216       13.2368326       12.5422735    
       60120   12.5872135       13.2292070       12.5413065    
       60180   12.5791807       13.2229652       12.5387278    
       60240   12.5703278       13.2180204       12.5345697    
       60300   12.5624590       13.2133474       12.5295305    
       60360   12.5572128       13.2075415       12.5246887    
       60420   12.5531149       13.2001381       12.5212412    
       60480   12.5496721       13.1916647       12.5200577    
       60540   12.5467215       13.1830482       12.5214176    
       60600   12.5437708       13.1754417       12.5249710    
       60660   12.5409832       13.1696596       12.5297565    
       60720   12.5390167       13.1659145       12.5344534    
       60780   12.5372133       13.1640558       12.5373402    
       60840   12.5345898       13.1635170       12.5371542    
       60900   12.5316391       13.1635046       12.5339079    
       60960   12.5286884       13.1628141       12.5287323    
       61020   12.5252457       13.1599846       12.5238008    
       61080   12.5206556       13.1543188       12.5221157    
       61140   12.5152454       13.1462345       12.5263643    
       61200   12.5096722       13.1373396       12.5365582    
